!----------------------------------------------------------------
!Stores: (first: depot x,y; then: satellites x,y,maxCap)
300,0   1659,775,1000   808,901,1000   1591,509,1000   392,464,1000
!----------------------------------------------------------------
!Trucks: (total#, cap, cost/dist, fixcost)
3,202,1,135   3,303,1,165
!----------------------------------------------------------------
!CityFreighters: (max cf/sat, total#, cap, cost/dist, fixcost, maxCharge, energyConsumption)
5,5,101,1,72,729,1   5,5,151,1,88,1089,1
!----------------------------------------------------------------
!Customers: (x, y, demand, readyTime, dueDate, serviceTime, penalizationCost)
792,282,11,4968,5850,383,5   1380,598,3,5153,5351,104,1   618,441,29,625,2643,1009,5   1553,584,13,2268,3048,452,5   998,533,4,6136,6420,139,4   1244,774,6,6132,6598,209,3   884,770,19,4076,5844,661,4   1080,404,6,5737,6149,209,2   481,409,16,3036,4268,557,3   664,358,29,3273,5267,1009,3   1498,576,26,3951,6213,905,1   1652,651,22,4086,5624,765,1   622,687,23,3774,5490,800,1   900,495,19,5635,6905,661,1   719,221,10,1291,1865,348,1   579,264,11,1513,2517,383,4   1361,307,10,1381,2157,348,3   365,366,21,2681,3885,731,1   1258,562,20,2237,3683,696,4   1600,540,13,6086,7016,452,4   560,562,15,2380,3740,522,5   382,682,14,5863,7079,487,4   1757,481,28,4171,5791,974,5   1129,555,13,428,1354,452,3   1358,384,14,3224,4030,487,3   1222,388,22,1261,2933,765,1   447,529,25,0,1925,870,1   986,327,10,6092,6772,348,1   1488,332,16,2075,3735,557,3   303,614,7,2258,2694,244,4   322,547,6,6135,6491,209,5   1167,396,19,5371,6427,661,2   1210,425,22,4081,5633,765,1   1031,395,23,5191,7269,800,3   829,439,14,365,1317,487,2   1062,223,29,1282,3306,1009,3   1714,373,20,3283,4115,696,1   1083,289,6,1501,2131,209,4   675,307,9,881,1813,313,3   985,532,12,5624,6052,418,1   1507,186,27,2162,4410,939,5   1645,498,21,4795,6257,731,5   560,830,29,4206,6284,1009,2   46,552,28,748,2688,974,3   98,507,12,3702,4486,418,1   1372,399,23,0,1535,800,3   202,283,18,3474,4728,626,2   1186,634,22,4170,5870,765,4   764,580,6,6501,6975,209,4   1628,760,25,3407,5141,870,4
!----------------------------------------------------------------
!Recharge stations: x,y
300,0   1659,775   808,901   1591,509   392,464   1757,423   1107,6   1049,303   1705,574   1363,190   1397,760   456,754   119,636   897,432   1297,408   289,574   617,747   1580,499   1489,401   328,706   1562,584   1735,269   1433,279   1597,283   189,504

g inverse recharge rate 0.72
