!----------------------------------------------------------------
!Stores: (first: depot x,y; then: satellites x,y,maxCap)
300,0   1913,443,1000   1219,926,1000   608,792,1000   1816,280,1000
!----------------------------------------------------------------
!Trucks: (total#, cap, cost/dist, fixcost)
3,202,1,135   3,303,1,165
!----------------------------------------------------------------
!CityFreighters: (max cf/sat, total#, cap, cost/dist, fixcost, maxCharge, energyConsumption)
5,5,101,1,72,810,1   5,5,151,1,88,1210,1
!----------------------------------------------------------------
!Customers: (x, y, demand, readyTime, dueDate, serviceTime, penalizationCost)
623,450,10,6698,7280,415,4   281,390,29,1865,4587,1203,1   884,287,9,6841,7363,373,5   1629,573,29,5621,7959,1203,1   974,731,8,3961,4675,332,2   529,469,12,6533,7589,498,5   1551,495,8,2673,3453,332,3   1351,754,3,4794,4998,124,4   602,631,10,6971,7583,415,3   898,367,3,6046,6166,124,1   1699,559,21,4480,6922,871,4   378,609,17,3144,4338,705,4   370,498,3,4739,4935,124,5   469,445,17,2618,3878,705,2   1184,511,12,5806,6752,498,2   495,516,8,6137,6729,332,1   1495,720,6,4522,5026,249,3   530,438,28,4313,6429,1161,2   981,779,7,2095,2633,290,5   510,736,25,3579,6189,1037,2   361,612,10,2967,3977,415,2   1250,678,25,0,1943,1037,1   756,555,10,3278,3956,415,1   800,283,3,3480,3778,124,5   490,577,16,2452,3198,664,5   461,372,20,3272,4788,830,3   654,765,15,4376,5390,622,1   1709,537,25,3869,6229,1037,5   440,471,27,0,2574,1120,2   571,333,21,4440,6308,871,2   1234,454,25,3635,5869,1037,1   1631,401,20,6225,7305,830,3   598,321,13,350,1676,539,2   1653,656,20,2150,3514,830,1   913,741,8,6912,7804,332,3   1356,482,28,862,3388,1161,3   1699,452,29,942,3046,1203,3   484,331,9,5110,5586,373,5   1148,231,7,596,1106,290,2   1454,444,24,5945,7713,996,4   1784,634,11,3463,4239,456,5   1304,192,12,1482,2246,498,3   1100,315,12,2215,3233,498,4   1382,546,17,3121,4429,705,5   1638,743,29,3565,5629,1203,1   633,80,29,3151,6515,1203,5   1600,703,24,0,1880,996,1   1675,196,3,4718,4990,124,1   1892,642,20,2476,4242,830,2   1161,242,23,887,2639,954,4
!----------------------------------------------------------------
!Recharge stations: x,y
300,0   1913,443   1219,926   608,792   1816,280   1120,355   857,292   1951,593   934,802   1543,499   446,556   1631,279   618,418   876,562   1684,653   179,492   1561,414   220,579   881,173   364,870   1589,151   1300,690   1699,338   1107,831   125,616

g inverse recharge rate 0.73
