!----------------------------------------------------------------
!Stores: (first: depot x,y; then: satellites x,y,maxCap)
300,0   1056,693,1000   103,661,1000   114,485,1000   1304,808,1000
!----------------------------------------------------------------
!Trucks: (total#, cap, cost/dist, fixcost)
3,202,1,135   3,303,1,165
!----------------------------------------------------------------
!CityFreighters: (max cf/sat, total#, cap, cost/dist, fixcost, maxCharge, energyConsumption)
5,5,101,1,72,1134,1   5,5,151,1,88,1694,1
!----------------------------------------------------------------
!Customers: (x, y, demand, readyTime, dueDate, serviceTime, penalizationCost)
1163,500,29,165,2919,1042,5   1367,493,17,1705,2943,611,3   1485,607,26,1195,3345,934,2   1714,389,16,1690,2754,575,3   1141,670,10,5316,6148,359,3   342,564,29,1702,4150,1042,4   881,394,10,422,1252,359,4   363,652,13,600,1680,467,2   1144,739,20,5381,6853,719,3   262,395,5,4319,4759,180,1   1289,387,5,1705,2087,180,3   1060,256,28,440,2604,1006,2   1137,712,4,2306,2692,144,1   877,554,6,1207,1667,216,3   387,602,17,3973,5135,611,5   499,280,28,1706,3800,1006,2   735,489,9,5507,5955,323,5   1138,223,5,2841,3219,180,2   1773,517,24,1288,3206,862,2   463,646,22,4619,6189,791,1   225,513,28,2989,4779,1006,3   987,328,14,4964,5780,503,2   1718,618,10,1601,2121,359,2   527,297,15,5729,7103,539,4   1653,580,26,3127,4901,934,4   847,769,3,5037,5217,108,4   429,548,20,2224,4158,719,3   745,448,19,311,1613,683,4   1593,500,3,6079,6295,108,4   469,718,18,271,1729,647,2   1343,759,21,4956,6690,755,4   1460,507,4,6454,6754,144,2   1261,735,24,4730,5884,862,5   722,686,29,4243,5893,1042,2   1404,478,14,5475,6605,503,2   677,632,22,5138,6368,791,2   1007,383,4,3687,3971,144,1   461,675,26,3126,4720,934,4   1362,527,13,3829,4871,467,3   980,486,3,3178,3410,108,3   644,679,20,2850,3862,719,3   406,154,21,1531,3329,755,2   1111,292,15,5675,7137,539,3   367,807,6,5665,6053,216,2   285,608,27,3935,5719,970,5   849,557,29,406,2898,1042,4   394,411,29,1164,3410,1042,4   637,836,17,2429,3589,611,5   462,155,6,6612,7050,216,3   334,751,11,4082,4914,395,4
!----------------------------------------------------------------
!Recharge stations: x,y
300,0   1056,693   103,661   114,485   1304,808   1615,737   1344,598   1012,905   103,417   1523,354   1299,814   158,541   567,722   1701,635   976,253   845,391   1608,700   459,496   1691,557   973,187   558,529   701,686   1708,812   514,389   271,327

g inverse recharge rate 0.46
