!----------------------------------------------------------------
!Stores: (first: depot x,y; then: satellites x,y,maxCap)
300,0   732,403,1000   1811,773,1000   1333,923,1000   292,524,1000
!----------------------------------------------------------------
!Trucks: (total#, cap, cost/dist, fixcost)
3,202,1,135   3,303,1,165
!----------------------------------------------------------------
!CityFreighters: (max cf/sat, total#, cap, cost/dist, fixcost, maxCharge, energyConsumption)
5,5,101,1,72,810,1   5,5,151,1,88,1210,1
!----------------------------------------------------------------
!Customers: (x, y, demand, readyTime, dueDate, serviceTime, penalizationCost)
272,537,9,4304,5084,351,2   717,464,19,5113,6559,741,5   753,610,16,5604,6758,624,1   1518,502,16,4400,6022,624,2   1131,684,12,5738,6820,468,4   276,491,14,563,1823,546,4   1242,541,20,1905,3709,780,2   1422,645,20,2779,4601,780,5   1749,415,25,4538,5870,974,1   841,499,16,1683,2439,624,4   557,543,10,4269,4883,390,4   522,388,24,2431,4645,936,1   1258,718,12,657,1615,468,4   1072,451,15,3540,4756,585,1   1490,350,18,488,1850,702,3   1141,314,12,6019,6991,468,4   484,494,10,2170,2804,390,1   428,624,18,4513,5729,702,1   342,653,23,2588,4816,897,1   578,526,22,2194,3980,858,2   1372,269,7,6754,7056,273,5   830,523,4,3348,3632,156,5   482,297,5,628,962,195,3   1602,373,29,3805,5977,1130,2   1486,588,10,1308,2164,390,5   649,414,25,0,1597,974,4   1025,382,17,4708,6062,663,1   1065,439,14,5958,7178,546,3   660,685,6,2725,3221,234,5   656,350,16,1612,3022,624,2   989,787,23,342,1766,897,5   905,667,8,2688,3388,312,1   1641,625,25,4841,6323,974,3   438,562,7,5837,6427,273,1   769,310,22,3408,5132,858,4   1748,516,26,4253,5897,1013,2   487,628,16,4694,6046,624,4   572,723,10,691,1321,390,1   216,479,6,3525,3957,234,2   798,595,22,5310,6724,858,3   1297,866,28,0,2662,1091,2   1021,106,11,4369,5417,429,5   1523,174,3,5713,5983,117,5   31,431,20,778,2298,780,3   1776,656,3,5656,5984,117,5   1660,243,24,285,2417,936,4   1965,617,14,2023,3109,546,5   284,442,8,6259,6595,312,1   312,522,25,2020,4056,974,5   467,589,20,340,2128,780,5
!----------------------------------------------------------------
!Recharge stations: x,y
300,0   732,403   1811,773   1333,923   292,524   532,607   1579,633   1365,729   1029,248   1581,368   930,657   1714,335   1549,605   1569,637   1008,253   1149,587   1442,744   1062,156   706,456   516,322   530,356   365,282   798,423   721,382   1015,299

g inverse recharge rate 0.67
