!----------------------------------------------------------------
!Stores: (first: depot x,y; then: satellites x,y,maxCap)
300,0   1982,476,1000   985,805,1000   1474,624,1000   1117,188,1000
!----------------------------------------------------------------
!Trucks: (total#, cap, cost/dist, fixcost)
3,202,1,135   3,303,1,165
!----------------------------------------------------------------
!CityFreighters: (max cf/sat, total#, cap, cost/dist, fixcost, maxCharge, energyConsumption)
5,5,101,1,72,1134,1   5,5,151,1,88,1694,1
!----------------------------------------------------------------
!Customers: (x, y, demand, readyTime, dueDate, serviceTime, penalizationCost)
615,600,27,3009,5497,1042,2   1511,329,23,1927,3915,888,4   1782,526,8,5315,5839,309,4   509,649,9,4045,4743,347,5   450,391,4,3784,4114,154,3   1103,297,6,4606,5052,232,1   1090,759,8,1860,2398,309,2   1777,471,16,4940,6186,617,5   503,585,9,2477,3097,347,5   991,253,27,4345,6107,1042,1   236,534,13,2496,3786,502,3   1027,793,24,1847,3569,926,2   1206,221,6,1311,1791,232,5   1774,556,7,4556,5172,270,3   500,471,22,4780,6936,849,2   220,533,17,5191,5929,656,5   270,402,22,698,1974,849,1   370,540,17,4907,6137,656,2   248,532,7,5270,5688,270,2   1473,452,19,4297,5517,733,3   1005,700,6,4229,4503,232,4   1218,251,4,6778,7132,154,3   1461,480,29,1372,3946,1119,1   729,658,4,1329,1625,154,3   1377,537,25,3022,4484,965,3   1747,396,8,4997,5681,309,3   524,662,7,5064,5632,270,5   490,273,19,3690,5162,733,5   217,544,6,4595,5151,232,2   445,318,24,1305,2783,926,2   1401,748,23,2943,4747,888,2   858,647,16,964,1952,617,3   1700,356,25,1203,2465,965,4   1207,342,12,4985,5961,463,1   924,339,5,3187,3489,193,2   1074,619,25,823,2513,965,1   1391,295,26,787,2821,1003,3   789,284,18,1724,3458,695,2   884,539,16,1246,2530,617,3   277,552,23,4400,5792,888,1   1234,712,29,4442,7566,1119,2   1048,910,5,565,879,193,3   1718,576,27,4123,6545,1042,5   629,161,16,4329,5529,617,2   363,216,5,3799,4239,193,5   1205,170,29,3237,5389,1119,5   993,642,8,4532,5016,309,3   1381,476,7,3560,4202,270,3   1648,835,20,4803,6387,772,2   1243,138,19,1736,3126,733,5
!----------------------------------------------------------------
!Recharge stations: x,y
300,0   1982,476   985,805   1474,624   1117,188   470,426   1269,663   687,469   521,365   1752,431   808,433   718,386   674,489   539,450   698,349   1401,422   1427,512   467,422   1207,579   91,480   1482,486   1531,472   1263,685   1496,216   586,610

g inverse recharge rate 0.47
