!----------------------------------------------------------------
!Stores: (first: depot x,y; then: satellites x,y,maxCap)
300,0   1659,775,1000   808,901,1000   1591,509,1000   392,464,1000
!----------------------------------------------------------------
!Trucks: (total#, cap, cost/dist, fixcost)
3,202,1,135   3,303,1,165
!----------------------------------------------------------------
!CityFreighters: (max cf/sat, total#, cap, cost/dist, fixcost, maxCharge, energyConsumption)
5,5,101,1,72,1053,1   5,5,151,1,88,1573,1
!----------------------------------------------------------------
!Customers: (x, y, demand, readyTime, dueDate, serviceTime, penalizationCost)
792,282,11,3189,3639,383,1   1380,598,3,6523,6723,104,5   618,441,29,1758,3774,1009,5   1553,584,13,1171,2025,452,2   998,533,4,1405,1677,139,5   1244,774,6,6016,6316,209,4   884,770,19,1301,2945,661,3   1080,404,6,3631,4057,209,1   481,409,16,3965,4897,557,2   664,358,29,2044,4566,1009,3   1498,576,26,2784,4014,905,2   1652,651,22,4612,6106,765,3   622,687,23,2069,4005,800,1   900,495,19,1906,3226,661,5   719,221,10,5210,5830,348,5   579,264,11,5422,6160,383,1   1361,307,10,397,1161,348,2   365,366,21,1271,2905,731,5   1258,562,20,4804,6190,696,1   1600,540,13,5709,6433,452,2   560,562,15,3575,4267,522,2   382,682,14,4807,5597,487,4   1757,481,28,1095,2709,974,3   1129,555,13,1267,2121,452,3   1358,384,14,1816,2610,487,2   1222,388,22,4862,6448,765,3   447,529,25,4184,5428,870,1   986,327,10,3550,3898,348,4   1488,332,16,2253,3323,557,1   303,614,7,1886,2410,244,2   322,547,6,987,1405,209,3   1167,396,19,3767,4965,661,2   1210,425,22,3667,5071,765,3   1031,395,23,1580,3048,800,3   829,439,14,4599,5671,487,3   1062,223,29,4336,6104,1009,2   1714,373,20,1739,3249,696,1   1083,289,6,2845,3251,209,3   675,307,9,3624,4174,313,3   985,532,12,3501,4295,418,4   1507,186,27,204,2250,939,3   1645,498,21,1587,3391,731,4   560,830,29,2279,3471,1009,5   46,552,28,3452,5940,974,2   98,507,12,5255,5809,418,1   1372,399,23,1744,3222,800,5   202,283,18,3389,4395,626,5   1186,634,22,4507,5383,765,1   764,580,6,1504,1964,209,2   1628,760,25,5136,6858,870,2
!----------------------------------------------------------------
!Recharge stations: x,y
300,0   1659,775   808,901   1591,509   392,464   1757,423   1107,6   1049,303   1705,574   1363,190   1397,760   456,754   119,636   897,432   1297,408   289,574   617,747   1580,499   1489,401   328,706   1562,584   1735,269   1433,279   1597,283   189,504

g inverse recharge rate 0.5
