!----------------------------------------------------------------
!Stores: (first: depot x,y; then: satellites x,y,maxCap)
300,0   1659,775,1000   808,901,1000   1591,509,1000   392,464,1000
!----------------------------------------------------------------
!Trucks: (total#, cap, cost/dist, fixcost)
3,202,1,135   3,303,1,165
!----------------------------------------------------------------
!CityFreighters: (max cf/sat, total#, cap, cost/dist, fixcost, maxCharge, energyConsumption)
5,5,101,1,72,648,1   5,5,151,1,88,968,1
!----------------------------------------------------------------
!Customers: (x, y, demand, readyTime, dueDate, serviceTime, penalizationCost)
792,282,11,4137,4795,383,2   1380,598,3,5030,5314,104,5   618,441,29,607,2399,1009,1   1553,584,13,4614,5556,452,5   998,533,4,5904,6174,139,4   1244,774,6,1115,1689,209,2   884,770,19,1549,2947,661,3   1080,404,6,5596,6016,209,5   481,409,16,3876,4980,557,3   664,358,29,2760,4626,1009,5   1498,576,26,3104,4842,905,3   1652,651,22,775,2443,765,4   622,687,23,2264,4504,800,4   900,495,19,783,1551,661,2   719,221,10,4607,5323,348,2   579,264,11,1409,2059,383,2   1361,307,10,2406,3234,348,1   365,366,21,2851,4113,731,1   1258,562,20,746,1916,696,4   1600,540,13,1575,2457,452,5   560,562,15,3567,4353,522,3   382,682,14,2902,3872,487,2   1757,481,28,1872,4078,974,5   1129,555,13,4815,5981,452,5   1358,384,14,3210,4240,487,5   1222,388,22,4566,6366,765,1   447,529,25,3981,6065,870,1   986,327,10,2897,3555,348,1   1488,332,16,2674,3558,557,5   303,614,7,3423,3979,244,2   322,547,6,1390,1826,209,3   1167,396,19,5280,6622,661,2   1210,425,22,5298,6594,765,3   1031,395,23,4495,5919,800,5   829,439,14,1436,2640,487,4   1062,223,29,4080,6300,1009,1   1714,373,20,232,1588,696,3   1083,289,6,1635,2047,209,2   675,307,9,597,1247,313,4   985,532,12,985,1811,418,4   1507,186,27,2055,3281,939,4   1645,498,21,711,1929,731,3   560,830,29,4104,5628,1009,5   46,552,28,3104,4648,974,2   98,507,12,1404,2080,418,3   1372,399,23,1503,3381,800,4   202,283,18,4155,4953,626,3   1186,634,22,2802,5060,765,4   764,580,6,2220,2696,209,5   1628,760,25,1848,3380,870,3
!----------------------------------------------------------------
!Recharge stations: x,y
300,0   1659,775   808,901   1591,509   392,464   1757,423   1107,6   1049,303   1705,574   1363,190   1397,760   456,754   119,636   897,432   1297,408   289,574   617,747   1580,499   1489,401   328,706   1562,584   1735,269   1433,279   1597,283   189,504

g inverse recharge rate 0.81
