!----------------------------------------------------------------
!Stores: (first: depot x,y; then: satellites x,y,maxCap)
300,0   1258,707,1000   742,378,1000   174,458,1000   1537,247,1000
!----------------------------------------------------------------
!Trucks: (total#, cap, cost/dist, fixcost)
3,202,1,135   3,303,1,165
!----------------------------------------------------------------
!CityFreighters: (max cf/sat, total#, cap, cost/dist, fixcost, maxCharge, energyConsumption)
5,5,101,1,72,1377,1   5,5,151,1,88,2057,1
!----------------------------------------------------------------
!Customers: (x, y, demand, readyTime, dueDate, serviceTime, penalizationCost)
1078,257,15,1484,2014,480,3   918,628,27,679,2281,865,3   381,345,29,3380,4866,929,1   816,329,22,4368,6174,705,1   799,696,8,1975,2607,256,2   423,464,10,1370,2036,320,2   1346,338,25,1659,3075,801,3   844,755,4,4440,4702,128,5   1010,342,6,1662,2146,192,5   825,749,29,441,2165,929,5   873,553,22,4455,5451,705,5   1364,513,29,2550,3828,929,1   582,247,10,4584,5348,320,2   202,518,18,4859,6173,576,2   919,267,22,4004,5308,705,1   1686,510,4,3798,4014,128,2   1105,394,23,916,3066,737,3   569,729,20,4599,6211,641,3   660,568,20,71,1453,641,1   1089,463,7,491,1123,224,2   489,348,24,2021,3839,769,1   644,327,9,4836,5460,288,5   517,331,4,2774,3042,128,3   420,358,16,3830,5076,512,4   1669,384,22,3289,4565,705,2   394,671,10,986,1660,320,5   1266,371,26,4427,6195,833,5   1260,399,28,1133,2467,897,5   1148,529,24,1419,2733,769,3   1161,311,13,276,1182,416,1   1216,736,4,3653,4021,128,2   1065,715,5,3016,3438,160,3   1540,609,23,163,1685,737,3   543,522,6,5655,6171,192,2   567,444,13,2871,3541,416,2   904,516,22,160,1572,705,5   1716,406,6,1050,1366,192,4   460,677,18,1483,2345,576,4   1277,456,22,3584,4610,705,4   921,466,12,5364,6394,384,2   1801,385,27,4363,6035,865,3   197,438,21,3979,5461,673,1   1520,513,12,3817,4831,384,5   866,783,25,1239,2231,801,1   939,892,22,2948,3978,705,1   1033,424,29,4295,5817,929,2   535,761,10,3164,3754,320,1   1986,442,10,5334,6070,320,2   664,627,3,4026,4214,96,3   1583,153,25,755,2835,801,4
!----------------------------------------------------------------
!Recharge stations: x,y
300,0   1258,707   742,378   174,458   1537,247   934,581   1805,572   524,736   1767,528   1779,612   1046,238   1769,517   1339,698   824,700   762,402   1424,448   996,706   1842,529   555,586   1101,584   787,361   1107,409   1572,359   889,355   1722,382

g inverse recharge rate 0.35
