!----------------------------------------------------------------
!Stores: (first: depot x,y; then: satellites x,y,maxCap)
300,0   1314,650,1000   548,85,1000   70,356,1000   844,731,1000
!----------------------------------------------------------------
!Trucks: (total#, cap, cost/dist, fixcost)
3,202,1,135   3,303,1,165
!----------------------------------------------------------------
!CityFreighters: (max cf/sat, total#, cap, cost/dist, fixcost, maxCharge, energyConsumption)
5,5,101,1,72,648,1   5,5,151,1,88,968,1
!----------------------------------------------------------------
!Customers: (x, y, demand, readyTime, dueDate, serviceTime, penalizationCost)
1140,489,22,1389,2825,844,3   1210,344,10,4870,5640,384,1   283,552,7,5624,6170,269,1   1743,579,11,3212,4072,422,4   660,253,15,1616,2590,575,1   808,679,4,911,1125,153,3   288,610,3,6371,6693,115,3   1320,570,10,1476,2260,384,3   984,331,29,4857,7185,1112,2   1198,680,17,6133,7479,652,4   1390,344,18,4450,5718,691,5   1427,604,7,788,1334,269,1   1264,777,19,2998,4676,729,2   1192,450,16,1977,3309,614,2   1350,439,21,2893,4073,806,2   890,676,22,5423,7203,844,5   1265,750,17,3308,4580,652,1   1488,311,23,3244,5348,882,5   1676,533,17,1866,3090,652,2   232,547,26,1025,2887,997,3   1548,424,16,6030,7056,614,1   1087,469,19,4996,6236,729,4   577,324,11,4605,5443,422,5   200,500,25,1067,2449,959,2   1621,484,11,661,1521,422,3   1585,514,27,4855,7429,1036,5   457,347,10,1483,2365,384,4   1507,592,12,6471,7109,460,2   316,368,13,6131,7189,499,5   512,602,9,4453,5137,345,4   1445,645,28,4895,6741,1074,2   805,561,5,6916,7234,192,1   342,511,23,1004,2916,882,3   1639,556,18,2875,4475,691,1   825,343,7,4588,5342,269,2   1751,499,18,5643,6867,691,3   1684,637,18,2262,3442,691,5   1472,666,8,5056,5586,307,5   1094,424,11,3888,4726,422,2   1701,426,18,2779,4035,691,5   1345,660,19,1157,2487,729,1   878,16,28,4771,7689,1074,5   216,792,7,4259,4711,269,5   961,798,21,3861,5701,806,3   1184,801,12,4366,5452,460,1   1274,186,22,4154,5110,844,1   928,905,19,721,2375,729,3   1061,989,25,173,1489,959,5   474,471,11,2264,3060,422,3   248,292,11,1613,2349,422,3
!----------------------------------------------------------------
!Recharge stations: x,y
300,0   1314,650   548,85   70,356   844,731   273,357   372,710   1529,261   1270,389   655,302   1674,380   1396,767   244,452   1523,709   426,287   921,702   861,575   1356,580   529,269   122,368   690,624   750,182   364,612   1301,231   417,330

g inverse recharge rate 0.84
