!----------------------------------------------------------------
!Stores: (first: depot x,y; then: satellites x,y,maxCap)
300,0   1258,707,1000   742,378,1000   174,458,1000   1537,247,1000
!----------------------------------------------------------------
!Trucks: (total#, cap, cost/dist, fixcost)
3,202,1,135   3,303,1,165
!----------------------------------------------------------------
!CityFreighters: (max cf/sat, total#, cap, cost/dist, fixcost, maxCharge, energyConsumption)
5,5,101,1,72,1215,1   5,5,151,1,88,1815,1
!----------------------------------------------------------------
!Customers: (x, y, demand, readyTime, dueDate, serviceTime, penalizationCost)
1078,257,15,2011,3117,480,5   918,628,27,2098,3960,865,5   381,345,29,2380,4504,929,4   816,329,22,5123,6469,705,1   799,696,8,2017,2503,256,3   423,464,10,3414,3994,320,3   1346,338,25,1582,3154,801,1   844,755,4,4029,4305,128,3   1010,342,6,2743,2901,192,1   825,749,29,2285,4711,929,3   873,553,22,14,1284,705,5   1364,513,29,2764,4674,929,5   582,247,10,5491,6159,320,4   202,518,18,3654,4826,576,5   919,267,22,2402,3810,705,3   1686,510,4,5918,6214,128,1   1105,394,23,3621,5083,737,4   569,729,20,1092,2548,641,5   660,568,20,881,1827,641,4   1089,463,7,1206,1682,224,5   489,348,24,759,1793,769,5   644,327,9,4919,5459,288,2   517,331,4,3876,4108,128,3   420,358,16,4697,5847,512,4   1669,384,22,4359,5507,705,4   394,671,10,2729,3361,320,2   1266,371,26,4048,5714,833,4   1260,399,28,1694,3340,897,3   1148,529,24,2902,4248,769,1   1161,311,13,2653,3471,416,4   1216,736,4,804,1052,128,5   1065,715,5,2538,2832,160,5   1540,609,23,2433,4043,737,3   543,522,6,444,790,192,1   567,444,13,5069,5935,416,4   904,516,22,1555,3011,705,2   1716,406,6,2300,2714,192,3   460,677,18,591,1891,576,4   1277,456,22,1852,3288,705,3   921,466,12,199,1167,384,3   1801,385,27,2406,4676,865,2   197,438,21,2419,3947,673,5   1520,513,12,3245,3769,384,2   866,783,25,4024,5264,801,5   939,892,22,4662,5892,705,2   1033,424,29,3612,5754,929,5   535,761,10,4691,5317,320,1   1986,442,10,3835,4471,320,2   664,627,3,945,1127,96,2   1583,153,25,4078,6126,801,2
!----------------------------------------------------------------
!Recharge stations: x,y
300,0   1258,707   742,378   174,458   1537,247   934,581   1805,572   524,736   1767,528   1779,612   1046,238   1769,517   1339,698   824,700   762,402   1424,448   996,706   1842,529   555,586   1101,584   787,361   1107,409   1572,359   889,355   1722,382

g inverse recharge rate 0.4
