!----------------------------------------------------------------
!Stores: (first: depot x,y; then: satellites x,y,maxCap)
300,0   941,202,1000   764,856,1000   989,385,1000   706,294,1000
!----------------------------------------------------------------
!Trucks: (total#, cap, cost/dist, fixcost)
3,202,1,135   3,303,1,165
!----------------------------------------------------------------
!CityFreighters: (max cf/sat, total#, cap, cost/dist, fixcost, maxCharge, energyConsumption)
5,5,101,1,72,1215,1   5,5,151,1,88,1815,1
!----------------------------------------------------------------
!Customers: (x, y, demand, readyTime, dueDate, serviceTime, penalizationCost)
395,389,21,3003,3907,568,2   1351,406,17,486,1102,459,5   811,620,26,1920,3710,703,1   1558,318,7,2280,2652,189,3   1093,597,25,1380,2842,676,3   1670,525,9,935,1359,243,4   1364,741,27,796,2460,730,2   1108,353,6,1882,2228,162,1   811,277,23,45,1223,622,3   570,613,13,2107,2697,351,4   695,289,23,533,1947,622,3   617,241,8,2477,2845,216,2   1471,373,12,3553,4235,324,2   846,746,4,2011,2155,108,5   486,281,19,965,2003,513,2   1423,306,24,379,2315,649,2   1317,658,22,482,1604,595,2   1613,640,25,984,2506,676,3   1043,609,14,988,1568,378,5   482,401,15,433,827,405,2   1375,313,14,3396,4202,378,4   1698,587,27,577,1973,730,3   1425,250,7,3512,3898,189,5   1435,294,7,2673,3029,189,2   910,429,16,2282,3100,432,3   726,695,9,3425,4013,243,1   467,338,3,5124,5292,81,4   277,487,18,3511,4569,486,1   1079,513,15,677,1593,405,2   341,514,12,2836,3446,324,5   875,338,16,3773,4825,432,4   331,498,15,2561,3285,405,1   314,395,15,848,1760,405,5   616,561,23,2998,4382,622,4   907,722,27,1093,2299,730,4   855,247,21,2003,3227,568,4   1116,540,27,897,2399,730,1   1531,429,10,4208,4620,270,3   582,522,10,4211,4993,270,3   628,409,11,2590,3368,297,2   1717,715,8,1818,2290,216,5   336,142,27,1646,3100,730,1   1495,602,12,4492,5046,324,2   1059,62,13,801,1565,351,3   1114,692,21,395,1667,568,3   673,414,26,88,1412,703,4   527,885,11,4501,5161,297,4   1841,629,20,1663,2727,540,4   1315,472,23,3192,4482,622,5   465,222,19,2546,3878,513,2
!----------------------------------------------------------------
!Recharge stations: x,y
300,0   941,202   764,856   989,385   706,294   1527,333   1472,253   261,554   532,279   384,280   947,742   1506,457   263,387   511,644   238,352   662,615   188,567   1827,519   1644,482   905,333   725,649   566,473   1323,721   725,650   116,684

g inverse recharge rate 0.33
