!----------------------------------------------------------------
!Stores: (first: depot x,y; then: satellites x,y,maxCap)
300,0   732,403,1000   1811,773,1000   1333,923,1000   292,524,1000
!----------------------------------------------------------------
!Trucks: (total#, cap, cost/dist, fixcost)
3,202,1,135   3,303,1,165
!----------------------------------------------------------------
!CityFreighters: (max cf/sat, total#, cap, cost/dist, fixcost, maxCharge, energyConsumption)
5,5,101,1,72,1215,1   5,5,151,1,88,1815,1
!----------------------------------------------------------------
!Customers: (x, y, demand, readyTime, dueDate, serviceTime, penalizationCost)
272,537,9,3580,4378,351,4   717,464,19,3183,5195,741,2   753,610,16,6217,7613,624,2   1518,502,16,4154,6204,624,2   1131,684,12,3337,4435,468,5   276,491,14,3080,4022,546,5   1242,541,20,326,2102,780,2   1422,645,20,2384,3748,780,3   1749,415,25,4833,7099,974,1   841,499,16,3188,4152,624,4   557,543,10,1485,2183,390,1   522,388,24,5151,7119,936,1   1258,718,12,4205,4969,468,5   1072,451,15,5920,7090,585,3   1490,350,18,1145,2131,702,2   1141,314,12,5714,6208,468,3   484,494,10,6125,6735,390,3   428,624,18,1735,2817,702,1   342,653,23,712,2498,897,4   578,526,22,695,2671,858,4   1372,269,7,3715,4237,273,5   830,523,4,5556,5796,156,2   482,297,5,3224,3652,195,1   1602,373,29,3441,5263,1130,5   1486,588,10,1081,1893,390,5   649,414,25,3290,5720,974,3   1025,382,17,3391,4475,663,2   1065,439,14,959,2167,546,4   660,685,6,4043,4647,234,3   656,350,16,1288,2670,624,2   989,787,23,1562,3648,897,5   905,667,8,6378,7054,312,3   1641,625,25,4837,7413,974,4   438,562,7,1362,1910,273,2   769,310,22,4982,6604,858,5   1748,516,26,1560,3446,1013,1   487,628,16,4796,5786,624,2   572,723,10,6708,7444,390,2   216,479,6,1227,1675,234,2   798,595,22,524,2266,858,5   1297,866,28,4011,6271,1091,4   1021,106,11,1866,2568,429,3   1523,174,3,2748,3034,117,1   31,431,20,3022,4826,780,3   1776,656,3,3656,3912,117,5   1660,243,24,2909,4753,936,4   1965,617,14,2382,3754,546,4   284,442,8,1140,1736,312,2   312,522,25,1892,4074,974,1   467,589,20,4697,5923,780,2
!----------------------------------------------------------------
!Recharge stations: x,y
300,0   732,403   1811,773   1333,923   292,524   532,607   1579,633   1365,729   1029,248   1581,368   930,657   1714,335   1549,605   1569,637   1008,253   1149,587   1442,744   1062,156   706,456   516,322   530,356   365,282   798,423   721,382   1015,299

g inverse recharge rate 0.45
