!----------------------------------------------------------------
!Stores: (first: depot x,y; then: satellites x,y,maxCap)
300,0   14,516,1000   900,857,1000   226,729,1000   1523,387,1000
!----------------------------------------------------------------
!Trucks: (total#, cap, cost/dist, fixcost)
3,202,1,135   3,303,1,165
!----------------------------------------------------------------
!CityFreighters: (max cf/sat, total#, cap, cost/dist, fixcost, maxCharge, energyConsumption)
5,5,101,1,72,1377,1   5,5,151,1,88,2057,1
!----------------------------------------------------------------
!Customers: (x, y, demand, readyTime, dueDate, serviceTime, penalizationCost)
1319,462,5,1688,2126,231,2   1081,616,7,2279,2853,324,3   450,560,7,970,1510,324,4   744,686,25,4024,6498,1156,1   227,439,18,5591,7455,833,3   1544,529,20,2046,4288,925,3   1075,473,18,2804,4260,833,1   1297,233,19,3139,5259,879,4   904,687,29,2664,4998,1341,2   643,611,27,6113,7877,1249,4   1565,665,29,25,3605,1341,1   1065,333,29,2630,5426,1341,3   1500,324,11,6385,7573,509,5   1432,354,22,5933,7591,1018,3   853,713,19,6915,8235,879,5   302,509,13,625,1607,601,1   1286,463,28,287,2951,1295,3   981,764,6,2914,3488,278,4   211,508,22,436,2458,1018,3   1151,357,4,6804,7136,185,1   780,320,5,3657,4019,231,3   1193,762,21,4108,5880,971,2   1067,379,8,5655,6477,370,3   282,420,18,382,1966,833,1   469,601,3,2115,2387,139,1   1506,342,19,3118,4646,879,1   1686,616,7,6075,6679,324,5   1629,594,7,3289,3865,324,5   1703,469,9,6150,7128,416,4   1456,503,7,4310,4766,324,1   1129,307,8,4879,5587,370,2   1160,338,15,6510,7898,694,2   361,615,15,2223,3655,694,5   1119,208,16,1012,1952,740,2   412,308,11,4020,5120,509,2   1528,661,5,975,1413,231,5   1697,511,18,2096,4256,833,5   1184,516,3,1681,1969,139,2   1284,408,22,4844,6862,1018,5   1645,510,27,238,2388,1249,4   1502,365,9,4586,5550,416,4   200,285,12,5593,6859,555,3   1168,618,5,706,1218,231,4   1228,143,27,686,3776,1249,5   887,54,19,5871,7777,879,3   934,389,18,6052,7732,833,3   118,716,4,6060,6416,185,1   1557,122,26,3095,5649,1203,3   1865,539,5,3880,4510,231,3   0,500,7,3896,4566,324,5
!----------------------------------------------------------------
!Recharge stations: x,y
300,0   14,516   900,857   226,729   1523,387   1473,232   516,325   1556,602   321,460   1133,641   162,451   212,453   1307,759   289,677   766,685   600,305   832,269   336,217   247,557   405,277   1381,107   1851,680   1374,251   806,514   199,418

g inverse recharge rate 0.44
