!----------------------------------------------------------------
!Stores: (first: depot x,y; then: satellites x,y,maxCap)
300,0   1314,650,1000   548,85,1000   70,356,1000   844,731,1000
!----------------------------------------------------------------
!Trucks: (total#, cap, cost/dist, fixcost)
3,202,1,135   3,303,1,165
!----------------------------------------------------------------
!CityFreighters: (max cf/sat, total#, cap, cost/dist, fixcost, maxCharge, energyConsumption)
5,5,101,1,72,1377,1   5,5,151,1,88,2057,1
!----------------------------------------------------------------
!Customers: (x, y, demand, readyTime, dueDate, serviceTime, penalizationCost)
1140,489,22,150,1784,844,2   1210,344,10,6187,7125,384,5   283,552,7,3800,4348,269,4   1743,579,11,6152,6950,422,4   660,253,15,1327,2661,575,4   808,679,4,7281,7651,153,4   288,610,3,1245,1403,115,3   1320,570,10,1565,2599,384,3   984,331,29,344,2450,1112,3   1198,680,17,3819,5485,652,2   1390,344,18,1658,3242,691,5   1427,604,7,4293,4807,269,4   1264,777,19,226,1298,729,3   1192,450,16,5248,6416,614,2   1350,439,21,261,1565,806,4   890,676,22,3167,5441,844,5   1265,750,17,5575,7027,652,4   1488,311,23,4329,6219,882,1   1676,533,17,4456,5824,652,1   232,547,26,4431,6249,997,4   1548,424,16,595,1869,614,4   1087,469,19,1199,2273,729,2   577,324,11,1340,2048,422,1   200,500,25,4524,6732,959,3   1621,484,11,1395,2419,422,5   1585,514,27,3867,5503,1036,4   457,347,10,577,1427,384,5   1507,592,12,5833,6509,460,1   316,368,13,363,1639,499,4   512,602,9,5557,6247,345,3   1445,645,28,1114,3354,1074,2   805,561,5,3606,3924,192,5   342,511,23,1264,3000,882,2   1639,556,18,1604,3438,691,5   825,343,7,2196,2646,269,2   1751,499,18,3482,4950,691,2   1684,637,18,5173,7031,691,3   1472,666,8,5561,6195,307,3   1094,424,11,2029,2983,422,5   1701,426,18,1350,2932,691,3   1345,660,19,3913,5877,729,2   878,16,28,1083,3681,1074,1   216,792,7,4805,5433,269,2   961,798,21,1668,2264,806,4   1184,801,12,4159,5089,460,1   1274,186,22,1161,3185,844,2   928,905,19,5687,7209,729,5   1061,989,25,2856,4336,959,4   474,471,11,1073,2055,422,5   248,292,11,2114,3044,422,3
!----------------------------------------------------------------
!Recharge stations: x,y
300,0   1314,650   548,85   70,356   844,731   273,357   372,710   1529,261   1270,389   655,302   1674,380   1396,767   244,452   1523,709   426,287   921,702   861,575   1356,580   529,269   122,368   690,624   750,182   364,612   1301,231   417,330

g inverse recharge rate 0.4
