!----------------------------------------------------------------
!Stores: (first: depot x,y; then: satellites x,y,maxCap)
300,0   732,403,1000   1811,773,1000   1333,923,1000   292,524,1000
!----------------------------------------------------------------
!Trucks: (total#, cap, cost/dist, fixcost)
3,202,1,135   3,303,1,165
!----------------------------------------------------------------
!CityFreighters: (max cf/sat, total#, cap, cost/dist, fixcost, maxCharge, energyConsumption)
5,5,101,1,72,891,1   5,5,151,1,88,1331,1
!----------------------------------------------------------------
!Customers: (x, y, demand, readyTime, dueDate, serviceTime, penalizationCost)
272,537,9,2363,2947,351,3   717,464,19,905,2179,741,4   753,610,16,188,1314,624,1   1518,502,16,2759,4339,624,5   1131,684,12,3920,5132,468,2   276,491,14,3680,5006,546,2   1242,541,20,4576,6904,780,2   1422,645,20,4128,5716,780,2   1749,415,25,808,3646,974,1   841,499,16,5425,6311,624,5   557,543,10,4667,5365,390,1   522,388,24,1472,3086,936,1   1258,718,12,1450,2866,468,5   1072,451,15,961,1899,585,5   1490,350,18,5429,6531,702,3   1141,314,12,5853,6847,468,5   484,494,10,975,1675,390,2   428,624,18,4475,5757,702,2   342,653,23,2024,3620,897,3   578,526,22,1090,2570,858,4   1372,269,7,1986,2666,273,4   830,523,4,1438,1730,156,5   482,297,5,3221,3581,195,3   1602,373,29,2620,5434,1130,3   1486,588,10,3542,4356,390,2   649,414,25,4472,6130,974,1   1025,382,17,823,2141,663,1   1065,439,14,2221,3283,546,4   660,685,6,5960,6358,234,2   656,350,16,4471,5861,624,3   989,787,23,205,1689,897,5   905,667,8,2674,3274,312,1   1641,625,25,2183,3219,974,2   438,562,7,6797,7299,273,1   769,310,22,5567,7347,858,2   1748,516,26,1745,2773,1013,5   487,628,16,1928,3068,624,1   572,723,10,1411,2315,390,3   216,479,6,5391,5767,234,4   798,595,22,666,2216,858,1   1297,866,28,3290,5212,1091,3   1021,106,11,2521,3189,429,2   1523,174,3,6261,6403,117,3   31,431,20,4297,5911,780,1   1776,656,3,6544,6786,117,4   1660,243,24,3524,4698,936,3   1965,617,14,5965,7231,546,1   284,442,8,5423,5995,312,3   312,522,25,3847,5675,974,4   467,589,20,245,1263,780,4
!----------------------------------------------------------------
!Recharge stations: x,y
300,0   732,403   1811,773   1333,923   292,524   532,607   1579,633   1365,729   1029,248   1581,368   930,657   1714,335   1549,605   1569,637   1008,253   1149,587   1442,744   1062,156   706,456   516,322   530,356   365,282   798,423   721,382   1015,299

g inverse recharge rate 0.61
