!----------------------------------------------------------------
!Stores: (first: depot x,y; then: satellites x,y,maxCap)
300,0   1104,923,1000   265,570,1000   1281,290,1000   997,241,1000
!----------------------------------------------------------------
!Trucks: (total#, cap, cost/dist, fixcost)
3,202,1,135   3,303,1,165
!----------------------------------------------------------------
!CityFreighters: (max cf/sat, total#, cap, cost/dist, fixcost, maxCharge, energyConsumption)
5,5,101,1,72,1296,1   5,5,151,1,88,1936,1
!----------------------------------------------------------------
!Customers: (x, y, demand, readyTime, dueDate, serviceTime, penalizationCost)
1080,593,8,1469,2011,272,4   1753,528,17,2527,3523,578,5   445,400,22,4049,5773,748,3   812,373,17,5704,6522,578,2   1472,533,8,1305,1993,272,4   533,449,11,355,1055,374,3   1500,396,28,531,2571,951,2   783,520,8,4434,5130,272,5   447,670,25,4274,5804,849,4   1673,643,11,5554,6252,374,3   295,397,24,3601,5491,815,5   674,443,18,1307,2589,612,4   293,545,25,4723,6215,849,3   941,487,4,5731,6097,136,2   1501,317,16,1541,2723,544,4   1263,474,8,2708,3406,272,2   1796,478,13,3433,4243,442,2   219,495,6,2400,2824,204,4   352,509,19,413,2049,646,4   1628,651,7,4097,4653,238,2   1419,708,29,2364,5110,985,4   1547,410,3,5379,5603,102,4   688,719,13,190,1292,442,3   244,550,27,3737,5213,917,1   1548,575,8,3899,4557,272,3   1494,578,22,1780,3120,748,3   1582,371,13,2937,3891,442,5   1183,560,28,263,2263,951,2   1142,241,24,1528,3376,815,3   1203,670,19,1251,2473,646,4   1177,440,12,49,1023,408,4   549,720,22,4911,6475,748,2   1499,389,22,1400,3098,748,4   1019,209,10,2176,2982,340,3   1299,607,28,4106,5982,951,5   1198,224,16,5364,6632,544,5   1770,470,19,1682,2834,646,4   1127,515,22,2449,3791,748,5   603,584,8,5150,5826,272,1   1027,603,15,5601,6407,510,1   1772,355,3,4808,4984,102,5   744,204,11,1080,1898,374,1   1723,488,5,4560,4896,170,1   933,674,23,3883,5691,781,1   1154,645,17,2165,3301,578,3   1093,727,27,919,3423,917,3   1683,195,24,4069,5799,815,2   220,563,6,3989,4351,204,2   1524,784,22,4676,6364,748,4   1407,661,7,3730,4130,238,2
!----------------------------------------------------------------
!Recharge stations: x,y
300,0   1104,923   265,570   1281,290   997,241   1508,355   1486,550   368,875   1766,541   1717,671   1244,246   1438,333   1269,613   1833,520   535,532   1338,766   189,400   1131,503   554,230   374,386   1411,747   282,613   789,370   457,537   1796,516

g inverse recharge rate 0.37
