!----------------------------------------------------------------
!Stores: (first: depot x,y; then: satellites x,y,maxCap)
300,0   1104,923,1000   265,570,1000   1281,290,1000   997,241,1000
!----------------------------------------------------------------
!Trucks: (total#, cap, cost/dist, fixcost)
3,202,1,135   3,303,1,165
!----------------------------------------------------------------
!CityFreighters: (max cf/sat, total#, cap, cost/dist, fixcost, maxCharge, energyConsumption)
5,5,101,1,72,1134,1   5,5,151,1,88,1694,1
!----------------------------------------------------------------
!Customers: (x, y, demand, readyTime, dueDate, serviceTime, penalizationCost)
1080,593,8,747,1333,272,5   1753,528,17,5059,6229,578,1   445,400,22,3758,5414,748,2   812,373,17,3725,4889,578,2   1472,533,8,2943,3365,272,4   533,449,11,5896,6636,374,5   1500,396,28,3121,4727,951,2   783,520,8,2566,3188,272,4   447,670,25,230,1706,849,3   1673,643,11,440,1514,374,1   295,397,24,2116,3936,815,1   674,443,18,244,1398,612,4   293,545,25,2942,4130,849,2   941,487,4,6105,6311,136,1   1501,317,16,605,1809,544,5   1263,474,8,2912,3368,272,4   1796,478,13,3005,4009,442,4   219,495,6,3782,4068,204,3   352,509,19,3283,4383,646,4   1628,651,7,4603,5171,238,3   1419,708,29,2361,4467,985,5   1547,410,3,3403,3611,102,4   688,719,13,1466,2356,442,2   244,550,27,3018,4966,917,2   1548,575,8,4181,4693,272,5   1494,578,22,1719,3963,748,5   1582,371,13,2526,3100,442,1   1183,560,28,1020,2884,951,2   1142,241,24,4531,6501,815,5   1203,670,19,883,2077,646,1   1177,440,12,3858,4852,408,2   549,720,22,475,2143,748,4   1499,389,22,4416,6040,748,2   1019,209,10,2908,3564,340,5   1299,607,28,1396,4128,951,4   1198,224,16,280,1092,544,3   1770,470,19,1501,2561,646,1   1127,515,22,2757,4169,748,1   603,584,8,3443,4165,272,3   1027,603,15,1883,2813,510,2   1772,355,3,2332,2476,102,2   744,204,11,1402,1882,374,4   1723,488,5,4789,5125,170,1   933,674,23,947,3329,781,2   1154,645,17,2587,3539,578,2   1093,727,27,1413,3579,917,5   1683,195,24,4592,6406,815,4   220,563,6,2561,2843,204,2   1524,784,22,470,1736,748,1   1407,661,7,1537,1769,238,5
!----------------------------------------------------------------
!Recharge stations: x,y
300,0   1104,923   265,570   1281,290   997,241   1508,355   1486,550   368,875   1766,541   1717,671   1244,246   1438,333   1269,613   1833,520   535,532   1338,766   189,400   1131,503   554,230   374,386   1411,747   282,613   789,370   457,537   1796,516

g inverse recharge rate 0.43
