!----------------------------------------------------------------
!Stores: (first: depot x,y; then: satellites x,y,maxCap)
300,0   19,412,1000   1569,459,1000   942,291,1000   915,886,1000
!----------------------------------------------------------------
!Trucks: (total#, cap, cost/dist, fixcost)
3,202,1,135   3,303,1,165
!----------------------------------------------------------------
!CityFreighters: (max cf/sat, total#, cap, cost/dist, fixcost, maxCharge, energyConsumption)
5,5,101,1,72,891,1   5,5,151,1,88,1331,1
!----------------------------------------------------------------
!Customers: (x, y, demand, readyTime, dueDate, serviceTime, penalizationCost)
351,600,3,6740,6972,99,2   1478,561,13,5975,6925,429,4   343,526,13,1034,1692,429,5   1430,715,15,1739,2799,495,4   1180,363,24,802,2194,793,3   1694,455,24,678,2040,793,4   729,716,24,3996,6020,793,5   1431,751,7,2795,3259,231,1   1121,679,13,71,1149,429,3   1730,487,7,5598,6214,231,3   1011,611,13,892,1826,429,5   936,759,3,3848,4020,99,2   566,574,25,2698,4574,826,5   1375,345,29,721,2243,958,3   1404,295,8,3268,3952,264,4   1157,552,18,4725,5441,594,2   1088,740,15,2520,3372,495,1   1156,345,28,1006,3322,925,2   297,560,11,2977,3571,363,3   335,368,23,2139,4095,760,1   455,416,20,4466,5858,661,5   1569,399,25,316,1984,826,2   1106,454,25,2251,3903,826,3   1026,309,25,2464,4370,826,4   1712,607,26,635,2247,859,2   1667,468,18,4518,5256,594,1   1326,541,21,5107,6333,694,5   446,474,16,3626,4726,528,5   1027,276,15,5582,6476,495,3   601,343,28,1816,3556,925,1   1234,725,12,4150,5074,396,4   577,344,24,4144,5460,793,2   997,505,28,872,2756,925,1   689,655,11,1377,2185,363,5   820,475,7,5948,6276,231,3   1386,363,12,817,1727,396,2   1374,619,28,4891,6299,925,5   634,766,17,343,1535,561,3   1069,762,11,2929,3843,363,5   1463,514,9,3365,4003,297,3   380,752,20,3178,5080,661,4   267,433,22,825,2099,727,2   697,595,6,2243,2577,198,2   367,732,27,260,1976,892,1   757,20,16,2912,3664,528,3   289,398,16,3244,4156,528,5   1696,780,24,2415,3989,793,4   1568,507,9,6116,6686,297,2   728,52,28,406,1868,925,3   708,701,21,1308,2638,694,5
!----------------------------------------------------------------
!Recharge stations: x,y
300,0   19,412   1569,459   942,291   915,886   472,502   1451,479   700,699   1437,418   1166,164   1531,323   568,226   1411,440   1451,451   320,860   1059,540   864,669   1521,408   1604,357   1541,246   1630,431   1036,722   761,47   868,333   249,687

g inverse recharge rate 0.58
