!----------------------------------------------------------------
!Stores: (first: depot x,y; then: satellites x,y,maxCap)
300,0   202,728,1000   890,151,1000   513,786,1000   1784,582,1000
!----------------------------------------------------------------
!Trucks: (total#, cap, cost/dist, fixcost)
3,202,1,135   3,303,1,165
!----------------------------------------------------------------
!CityFreighters: (max cf/sat, total#, cap, cost/dist, fixcost, maxCharge, energyConsumption)
5,5,101,1,72,729,1   5,5,151,1,88,1089,1
!----------------------------------------------------------------
!Customers: (x, y, demand, readyTime, dueDate, serviceTime, penalizationCost)
1750,415,9,1628,2540,325,5   841,486,16,2922,3882,577,1   899,411,18,5070,6368,650,4   388,556,12,1827,2667,433,2   393,583,29,1482,2974,1046,1   839,230,24,5274,6904,866,3   643,498,20,2408,3816,722,3   337,493,29,4782,6106,1046,2   999,763,12,2655,3863,433,4   1500,311,15,2602,3784,541,1   963,247,4,2081,2415,144,2   798,280,29,0,2586,1046,2   577,520,6,2459,2921,217,3   1797,503,9,2263,2747,325,1   677,431,16,4085,5199,577,3   824,704,7,6784,7318,253,4   459,457,24,1041,2729,866,3   1114,683,29,3775,6729,1046,4   619,594,18,2634,3824,650,5   1160,259,7,6539,7117,253,5   1047,255,26,1992,4398,938,5   343,365,6,5847,6317,217,1   441,433,9,2776,3488,325,4   473,433,12,3192,3818,433,5   407,687,26,2801,4805,938,3   790,432,16,4724,6302,577,3   1297,414,19,80,1912,686,1   405,375,3,6616,6866,108,2   1439,389,25,4473,5933,902,3   594,417,9,4553,5211,325,3   341,609,23,941,2343,830,3   775,660,11,2611,3329,397,2   352,634,22,570,2736,794,1   357,638,10,1337,2015,361,4   1159,427,3,6729,6945,108,1   281,607,27,3025,5857,974,1   1068,421,25,5307,7487,902,1   905,634,14,1148,2218,505,2   1419,319,20,4536,5912,722,4   1686,485,28,587,2355,1010,1   944,857,27,2427,4289,974,5   1666,342,10,5051,5787,361,4   1434,829,9,6454,7120,325,4   1057,640,13,828,1844,469,2   364,687,25,5474,7520,902,5   409,496,20,2343,3931,722,5   1720,468,29,1813,3935,1046,2   1379,702,24,3118,4224,866,2   1772,212,16,1317,2351,577,5   1585,896,7,1396,1834,253,1
!----------------------------------------------------------------
!Recharge stations: x,y
300,0   202,728   890,151   513,786   1784,582   448,468   986,218   351,644   341,622   717,273   826,244   365,552   746,715   636,773   1015,235   1683,331   143,585   1643,462   660,516   260,418   461,471   450,654   1756,444   260,623   1744,579

g inverse recharge rate 0.75
