!----------------------------------------------------------------
!Stores: (first: depot x,y; then: satellites x,y,maxCap)
300,0   1314,650,1000   548,85,1000   70,356,1000   844,731,1000
!----------------------------------------------------------------
!Trucks: (total#, cap, cost/dist, fixcost)
3,202,1,135   3,303,1,165
!----------------------------------------------------------------
!CityFreighters: (max cf/sat, total#, cap, cost/dist, fixcost, maxCharge, energyConsumption)
5,5,101,1,72,1296,1   5,5,151,1,88,1936,1
!----------------------------------------------------------------
!Customers: (x, y, demand, readyTime, dueDate, serviceTime, penalizationCost)
1140,489,22,2557,3963,844,3   1210,344,10,5368,6244,384,5   283,552,7,2532,3148,269,5   1743,579,11,1778,2770,422,5   660,253,15,2968,3992,575,3   808,679,4,3571,3915,153,1   288,610,3,5679,5857,115,4   1320,570,10,2631,3597,384,4   984,331,29,5,2303,1112,5   1198,680,17,609,1635,652,2   1390,344,18,346,2016,691,2   1427,604,7,3978,4434,269,3   1264,777,19,3605,5233,729,4   1192,450,16,2195,3257,614,4   1350,439,21,2089,3715,806,5   890,676,22,524,2108,844,5   1265,750,17,2223,3571,652,3   1488,311,23,3271,4859,882,2   1676,533,17,1030,2150,652,4   232,547,26,0,2115,997,1   1548,424,16,3959,5381,614,3   1087,469,19,256,1776,729,5   577,324,11,5361,6317,422,3   200,500,25,3583,5629,959,5   1621,484,11,3847,4615,422,2   1585,514,27,1474,3686,1036,4   457,347,10,708,1370,384,5   1507,592,12,1788,2622,460,1   316,368,13,3363,4551,499,4   512,602,9,5579,6247,345,4   1445,645,28,4940,6816,1074,3   805,561,5,6285,6723,192,2   342,511,23,4264,6200,882,1   1639,556,18,4254,5086,691,1   825,343,7,1959,2431,269,4   1751,499,18,3754,5130,691,4   1684,637,18,3159,4415,691,5   1472,666,8,3723,4379,307,2   1094,424,11,3614,4392,422,2   1701,426,18,2255,3619,691,4   1345,660,19,4179,6029,729,1   878,16,28,5041,6469,1074,4   216,792,7,6433,6881,269,4   961,798,21,562,2290,806,2   1184,801,12,5381,6235,460,1   1274,186,22,5593,7153,844,3   928,905,19,2646,3968,729,2   1061,989,25,5198,6864,959,1   474,471,11,3784,4880,422,2   248,292,11,810,1770,422,4
!----------------------------------------------------------------
!Recharge stations: x,y
300,0   1314,650   548,85   70,356   844,731   273,357   372,710   1529,261   1270,389   655,302   1674,380   1396,767   244,452   1523,709   426,287   921,702   861,575   1356,580   529,269   122,368   690,624   750,182   364,612   1301,231   417,330

g inverse recharge rate 0.42
