!----------------------------------------------------------------
!Stores: (first: depot x,y; then: satellites x,y,maxCap)
300,0   1056,693,1000   103,661,1000   114,485,1000   1304,808,1000
!----------------------------------------------------------------
!Trucks: (total#, cap, cost/dist, fixcost)
3,202,1,135   3,303,1,165
!----------------------------------------------------------------
!CityFreighters: (max cf/sat, total#, cap, cost/dist, fixcost, maxCharge, energyConsumption)
5,5,101,1,72,1053,1   5,5,151,1,88,1573,1
!----------------------------------------------------------------
!Customers: (x, y, demand, readyTime, dueDate, serviceTime, penalizationCost)
1163,500,29,1602,4058,1042,3   1367,493,17,4053,5109,611,1   1485,607,26,559,2495,934,1   1714,389,16,5367,6371,575,1   1141,670,10,5957,6681,359,5   342,564,29,0,1766,1042,4   881,394,10,586,1426,359,4   363,652,13,615,1217,467,1   1144,739,20,4342,5598,719,1   262,395,5,4841,5257,180,1   1289,387,5,2417,2773,180,1   1060,256,28,258,2202,1006,3   1137,712,4,5998,6224,144,1   877,554,6,3436,3832,216,3   387,602,17,1865,2953,611,4   499,280,28,1175,2397,1006,1   735,489,9,4744,5304,323,5   1138,223,5,947,1325,180,4   1773,517,24,922,2064,862,3   463,646,22,2571,4113,791,5   225,513,28,4835,6411,1006,4   987,328,14,5596,6440,503,5   1718,618,10,1984,2720,359,5   527,297,15,3256,4662,539,5   1653,580,26,4923,6379,934,5   847,769,3,1297,1543,108,2   429,548,20,258,1418,719,4   745,448,19,4885,6015,683,2   1593,500,3,2097,2385,108,5   469,718,18,4451,5735,647,4   1343,759,21,1352,2544,755,2   1460,507,4,3302,3486,144,2   1261,735,24,3216,4698,862,3   722,686,29,998,2674,1042,1   1404,478,14,5584,6720,503,5   677,632,22,4704,6494,791,1   1007,383,4,2779,3041,144,4   461,675,26,2603,4851,934,1   1362,527,13,1750,2550,467,1   980,486,3,2026,2216,108,3   644,679,20,1881,3301,719,2   406,154,21,2118,3636,755,5   1111,292,15,3136,3856,539,2   367,807,6,5065,5511,216,1   285,608,27,2591,4829,970,3   849,557,29,1383,3517,1042,5   394,411,29,0,2347,1042,3   637,836,17,4104,5268,611,1   462,155,6,2917,3329,216,3   334,751,11,1661,2613,395,3
!----------------------------------------------------------------
!Recharge stations: x,y
300,0   1056,693   103,661   114,485   1304,808   1615,737   1344,598   1012,905   103,417   1523,354   1299,814   158,541   567,722   1701,635   976,253   845,391   1608,700   459,496   1691,557   973,187   558,529   701,686   1708,812   514,389   271,327

g inverse recharge rate 0.5
