!----------------------------------------------------------------
!Stores: (first: depot x,y; then: satellites x,y,maxCap)
300,0   1002,917,1000   103,601,1000   426,696,1000   614,98,1000
!----------------------------------------------------------------
!Trucks: (total#, cap, cost/dist, fixcost)
3,202,1,135   3,303,1,165
!----------------------------------------------------------------
!CityFreighters: (max cf/sat, total#, cap, cost/dist, fixcost, maxCharge, energyConsumption)
5,5,101,1,72,1377,1   5,5,151,1,88,2057,1
!----------------------------------------------------------------
!Customers: (x, y, demand, readyTime, dueDate, serviceTime, penalizationCost)
1347,608,18,4494,5808,772,4   411,612,7,2711,3269,300,5   852,558,4,5304,5586,172,1   953,749,6,6791,7327,257,3   1328,600,27,3172,5646,1159,1   1203,628,12,7219,8335,515,2   1401,354,21,1997,3913,901,5   1587,324,13,3993,5345,558,1   1522,633,5,3084,3456,215,2   1253,424,10,5377,6175,429,5   1024,672,8,951,1559,343,3   1337,743,13,1389,2643,558,2   940,357,5,6276,6532,215,4   1311,642,16,5887,7419,687,4   1695,558,28,1197,3417,1202,4   585,586,19,2587,4379,815,4   1061,582,14,789,1893,601,4   940,546,5,5857,6317,215,5   1386,509,26,5195,8203,1116,2   510,434,26,816,3050,1116,2   1343,701,4,3247,3585,172,5   1721,609,23,2847,4323,987,2   1493,580,10,3989,5319,429,1   918,642,29,5005,7117,1244,3   320,576,23,6164,8024,987,3   851,720,19,6218,8086,815,2   437,347,18,6832,8542,772,3   1773,549,8,6947,7647,343,5   587,656,18,4317,5981,772,2   1318,469,25,2611,4943,1073,4   1086,232,6,5324,6018,257,2   959,214,19,6241,7585,815,4   359,442,5,1904,2054,215,3   702,558,21,2072,3654,901,5   1732,412,22,3942,5642,944,1   809,732,25,2665,4715,1073,4   1590,695,8,2538,3096,343,4   649,476,11,2150,2926,472,4   1725,509,24,4206,5854,1030,2   552,397,18,6960,8388,772,4   1414,63,24,4659,6631,1030,1   1994,533,3,2069,2399,129,3   453,407,9,7512,8154,386,3   1327,714,27,1161,3605,1159,2   1354,537,18,3472,5204,772,4   1919,563,3,1552,1788,129,1   416,212,17,0,1357,729,4   1372,201,23,5239,7315,987,3   1665,798,28,2639,5529,1202,2   1051,387,24,2627,5149,1030,4
!----------------------------------------------------------------
!Recharge stations: x,y
300,0   1002,917   103,601   426,696   614,98   1498,536   1333,640   1301,579   1751,599   1842,499   1007,805   1591,542   917,770   1495,365   101,677   925,760   1295,746   499,651   511,538   1266,703   804,818   170,509   979,253   171,427   253,647

g inverse recharge rate 0.44
