!----------------------------------------------------------------
!Stores: (first: depot x,y; then: satellites x,y,maxCap)
300,0   19,412,1000   1569,459,1000   942,291,1000   915,886,1000
!----------------------------------------------------------------
!Trucks: (total#, cap, cost/dist, fixcost)
3,202,1,135   3,303,1,165
!----------------------------------------------------------------
!CityFreighters: (max cf/sat, total#, cap, cost/dist, fixcost, maxCharge, energyConsumption)
5,5,101,1,72,1296,1   5,5,151,1,88,1936,1
!----------------------------------------------------------------
!Customers: (x, y, demand, readyTime, dueDate, serviceTime, penalizationCost)
351,600,3,1173,1343,99,2   1478,561,13,5777,6491,429,3   343,526,13,4937,6155,429,4   1430,715,15,5306,6154,495,1   1180,363,24,1535,3015,793,3   1694,455,24,703,2363,793,3   729,716,24,2219,3833,793,4   1431,751,7,4291,4687,231,1   1121,679,13,3072,3928,429,3   1730,487,7,1252,1638,231,2   1011,611,13,5307,5979,429,1   936,759,3,3141,3321,99,5   566,574,25,3214,4896,826,4   1375,345,29,2340,4684,958,1   1404,295,8,1679,2201,264,2   1157,552,18,3589,4417,594,2   1088,740,15,4565,5181,495,3   1156,345,28,4651,6975,925,2   297,560,11,4636,5296,363,4   335,368,23,1843,3213,760,3   455,416,20,2918,4402,661,5   1569,399,25,3578,4946,826,2   1106,454,25,2017,3589,826,2   1026,309,25,4290,6288,826,5   1712,607,26,2449,3559,859,2   1667,468,18,1667,2855,594,3   1326,541,21,3963,4815,694,1   446,474,16,1272,2276,528,3   1027,276,15,247,1059,495,2   601,343,28,4139,5487,925,1   1234,725,12,1800,2528,396,4   577,344,24,1664,3178,793,5   997,505,28,2629,4417,925,1   689,655,11,3398,4198,363,5   820,475,7,4371,4893,231,1   1386,363,12,2681,3743,396,5   1374,619,28,1827,3537,925,1   634,766,17,4884,6052,561,2   1069,762,11,5115,5663,363,1   1463,514,9,2558,3170,297,3   380,752,20,1158,2696,661,1   267,433,22,3005,4775,727,2   697,595,6,4250,4664,198,3   367,732,27,2437,3663,892,4   757,20,16,2023,2825,528,1   289,398,16,1012,2362,528,1   1696,780,24,4277,5489,793,4   1568,507,9,5279,6041,297,1   728,52,28,0,1851,925,4   708,701,21,1267,2463,694,5
!----------------------------------------------------------------
!Recharge stations: x,y
300,0   19,412   1569,459   942,291   915,886   472,502   1451,479   700,699   1437,418   1166,164   1531,323   568,226   1411,440   1451,451   320,860   1059,540   864,669   1521,408   1604,357   1541,246   1630,431   1036,722   761,47   868,333   249,687

g inverse recharge rate 0.4
