!----------------------------------------------------------------
!Stores: (first: depot x,y; then: satellites x,y,maxCap)
300,0   737,750,1000   1403,735,1000   1207,746,1000   214,536,1000
!----------------------------------------------------------------
!Trucks: (total#, cap, cost/dist, fixcost)
3,202,1,135   3,303,1,165
!----------------------------------------------------------------
!CityFreighters: (max cf/sat, total#, cap, cost/dist, fixcost, maxCharge, energyConsumption)
5,5,101,1,72,1296,1   5,5,151,1,88,1936,1
!----------------------------------------------------------------
!Customers: (x, y, demand, readyTime, dueDate, serviceTime, penalizationCost)
381,672,25,1593,3299,848,4   235,448,15,1683,2863,509,3   1527,689,11,4937,5817,373,2   991,692,10,1234,1688,339,1   1381,463,24,3235,4407,815,5   1331,325,10,3181,3761,339,2   280,463,3,3961,4133,102,4   1649,482,20,3541,5017,679,2   1251,279,18,3124,4548,611,1   772,424,19,4576,5522,645,2   601,399,5,4444,4672,170,4   826,529,15,3081,4427,509,4   530,700,4,755,1059,136,4   1347,369,20,2244,3446,679,2   358,653,26,3546,5364,882,5   1456,310,20,2946,4280,679,1   432,545,11,4064,5114,373,2   308,637,10,1385,1827,339,5   715,262,27,1802,3908,916,5   870,441,5,5838,6076,170,1   1624,425,17,2434,3096,577,4   253,551,5,520,942,170,2   630,527,19,484,1518,645,1   1106,459,12,1636,2258,407,4   968,772,26,4829,6689,882,2   993,689,13,4325,5269,441,5   242,444,28,1333,4191,950,2   1479,590,20,2049,3121,679,3   1436,406,20,1323,2605,679,5   516,737,26,3685,5507,882,4   1581,667,26,634,2588,882,4   1019,358,16,4115,5077,543,5   1616,672,13,1604,2562,441,2   557,378,18,4742,6298,611,5   1394,537,22,2265,3727,747,2   1601,345,21,634,2458,713,4   769,350,14,2033,2559,475,1   1790,485,17,3422,4350,577,1   814,743,26,4981,6715,882,3   399,364,29,3569,5483,984,2   835,490,8,5263,5537,272,3   533,911,20,4444,5766,679,5   630,548,10,4261,4859,339,3   1296,446,14,4598,5690,475,3   1428,556,6,3207,3653,204,1   278,269,6,1984,2404,204,2   646,530,3,816,1028,102,1   1658,532,14,1776,2936,475,1   470,622,19,233,1689,645,5   1838,751,9,5440,6076,305,2
!----------------------------------------------------------------
!Recharge stations: x,y
300,0   737,750   1403,735   1207,746   214,536   1130,505   1578,314   1186,382   970,162   665,917   1713,789   37,542   1171,701   275,335   1325,207   585,786   855,801   517,331   1820,216   1356,325   756,278   383,615   1193,217   485,339   559,431

g inverse recharge rate 0.37
