!----------------------------------------------------------------
!Stores: (first: depot x,y; then: satellites x,y,maxCap)
300,0   1104,923,1000   265,570,1000   1281,290,1000   997,241,1000
!----------------------------------------------------------------
!Trucks: (total#, cap, cost/dist, fixcost)
3,202,1,135   3,303,1,165
!----------------------------------------------------------------
!CityFreighters: (max cf/sat, total#, cap, cost/dist, fixcost, maxCharge, energyConsumption)
5,5,101,1,72,1215,1   5,5,151,1,88,1815,1
!----------------------------------------------------------------
!Customers: (x, y, demand, readyTime, dueDate, serviceTime, penalizationCost)
1080,593,8,451,869,272,5   1753,528,17,1112,2396,578,1   445,400,22,3873,5131,748,2   812,373,17,4861,6543,578,4   1472,533,8,3038,3532,272,3   533,449,11,3936,4510,374,2   1500,396,28,4154,5756,951,3   783,520,8,3862,4594,272,1   447,670,25,4236,5802,849,2   1673,643,11,2895,3993,374,2   295,397,24,2297,3805,815,3   674,443,18,4162,5678,612,3   293,545,25,779,1929,849,1   941,487,4,5034,5228,136,2   1501,317,16,3881,5057,544,5   1263,474,8,4875,5501,272,1   1796,478,13,5202,6064,442,5   219,495,6,3636,3864,204,3   352,509,19,4169,5927,646,3   1628,651,7,4874,5240,238,4   1419,708,29,0,1777,985,2   1547,410,3,2345,2557,102,3   688,719,13,526,1346,442,2   244,550,27,460,2146,917,1   1548,575,8,3970,4566,272,1   1494,578,22,392,1448,748,2   1582,371,13,4894,6038,442,4   1183,560,28,4982,6522,951,3   1142,241,24,3477,5443,815,5   1203,670,19,938,2378,646,1   1177,440,12,4898,5636,408,4   549,720,22,736,2768,748,2   1499,389,22,4244,5926,748,2   1019,209,10,2235,2871,340,4   1299,607,28,3048,5094,951,3   1198,224,16,5110,6326,544,3   1770,470,19,2957,4529,646,1   1127,515,22,3050,4688,748,2   603,584,8,5542,6256,272,4   1027,603,15,1290,2680,510,2   1772,355,3,5543,5729,102,2   744,204,11,3496,4152,374,5   1723,488,5,2275,2581,170,5   933,674,23,990,2308,781,4   1154,645,17,1361,2379,578,1   1093,727,27,225,1713,917,5   1683,195,24,1309,2697,815,4   220,563,6,4049,4353,204,4   1524,784,22,3457,5217,748,5   1407,661,7,976,1434,238,3
!----------------------------------------------------------------
!Recharge stations: x,y
300,0   1104,923   265,570   1281,290   997,241   1508,355   1486,550   368,875   1766,541   1717,671   1244,246   1438,333   1269,613   1833,520   535,532   1338,766   189,400   1131,503   554,230   374,386   1411,747   282,613   789,370   457,537   1796,516

g inverse recharge rate 0.4
