!----------------------------------------------------------------
!Stores: (first: depot x,y; then: satellites x,y,maxCap)
300,0   674,747,1000   1212,82,1000   1820,396,1000   146,610,1000
!----------------------------------------------------------------
!Trucks: (total#, cap, cost/dist, fixcost)
3,202,1,135   3,303,1,165
!----------------------------------------------------------------
!CityFreighters: (max cf/sat, total#, cap, cost/dist, fixcost, maxCharge, energyConsumption)
5,5,101,1,72,972,1   5,5,151,1,88,1452,1
!----------------------------------------------------------------
!Customers: (x, y, demand, readyTime, dueDate, serviceTime, penalizationCost)
780,646,22,4554,6052,802,2   711,230,24,3450,5012,874,2   573,491,16,1682,3164,583,4   466,713,9,2862,3536,328,1   580,515,15,507,1697,547,4   785,684,29,0,1941,1057,1   1798,482,16,6446,7534,583,5   1254,401,11,3443,3931,401,3   1267,503,24,4948,7310,874,2   1692,387,19,6216,7138,692,3   1346,517,24,5924,7842,874,3   1640,434,7,2222,2788,255,3   952,712,29,2093,4313,1057,1   300,610,19,2916,3872,692,2   735,309,5,3199,3637,182,2   1201,417,19,4978,6154,692,1   912,561,22,3358,4626,802,3   682,725,16,3386,4490,583,3   556,373,21,5703,6843,765,3   437,502,15,328,1448,547,1   1244,258,8,1956,2610,291,3   346,373,24,3489,5717,874,2   1686,512,24,3297,4843,874,5   1612,372,12,3887,5083,437,1   1369,252,28,5615,7245,1020,4   869,647,3,3682,3910,109,2   1517,668,12,3677,4403,437,2   875,666,6,7065,7389,219,2   421,332,19,5561,6783,692,4   1487,492,10,506,1104,364,4   734,421,8,7038,7676,291,2   555,624,25,3145,4253,911,1   1791,481,20,1832,3322,729,5   1089,427,3,6762,7012,109,2   1529,435,24,2599,3803,874,5   320,416,21,5939,7921,765,4   1670,625,8,6564,7012,291,2   512,609,22,3836,5094,802,4   1644,378,28,258,2112,1020,5   1538,497,23,2264,3966,838,5   1697,615,20,917,2595,729,4   106,330,22,2271,3859,802,2   1565,227,18,5507,7095,656,2   607,835,17,5102,5838,619,2   1837,538,13,521,1943,474,1   1511,654,22,5327,6749,802,2   988,57,7,3374,3832,255,4   1437,655,29,251,2079,1057,4   833,230,18,4526,5944,656,5   741,20,25,4823,6589,911,2
!----------------------------------------------------------------
!Recharge stations: x,y
300,0   674,747   1212,82   1820,396   146,610   594,208   900,186   1024,417   1145,426   1792,477   576,776   239,630   1713,323   1471,501   1667,668   355,687   236,202   588,459   1324,526   153,521   239,502   1273,594   965,466   350,401   1270,734

g inverse recharge rate 0.59
