!----------------------------------------------------------------
!Stores: (first: depot x,y; then: satellites x,y,maxCap)
300,0   1002,917,1000   103,601,1000   426,696,1000   614,98,1000
!----------------------------------------------------------------
!Trucks: (total#, cap, cost/dist, fixcost)
3,202,1,135   3,303,1,165
!----------------------------------------------------------------
!CityFreighters: (max cf/sat, total#, cap, cost/dist, fixcost, maxCharge, energyConsumption)
5,5,101,1,72,891,1   5,5,151,1,88,1331,1
!----------------------------------------------------------------
!Customers: (x, y, demand, readyTime, dueDate, serviceTime, penalizationCost)
1347,608,18,4303,5967,772,5   411,612,7,2473,3153,300,3   852,558,4,748,1118,172,4   953,749,6,2573,3121,257,1   1328,600,27,1587,4019,1159,2   1203,628,12,1979,3007,515,2   1401,354,21,1112,3294,901,1   1587,324,13,2694,3674,558,4   1522,633,5,4948,5410,215,3   1253,424,10,5218,5856,429,3   1024,672,8,7143,7959,343,5   1337,743,13,2452,3678,558,3   940,357,5,6745,7177,215,1   1311,642,16,1108,2480,687,3   1695,558,28,3011,5321,1202,1   585,586,19,2562,3758,815,4   1061,582,14,3382,4576,601,3   940,546,5,7515,7995,215,2   1386,509,26,944,2874,1116,1   510,434,26,4780,7284,1116,2   1343,701,4,3025,3319,172,3   1721,609,23,5202,7326,987,4   1493,580,10,3795,4671,429,3   918,642,29,4424,6864,1244,1   320,576,23,719,2369,987,3   851,720,19,3359,4887,815,5   437,347,18,0,2399,772,2   1773,549,8,3335,4027,343,5   587,656,18,4344,5704,772,5   1318,469,25,3428,5576,1073,2   1086,232,6,1510,1832,257,5   959,214,19,843,2285,815,2   359,442,5,2619,3037,215,3   702,558,21,2649,5121,901,1   1732,412,22,779,2683,944,1   809,732,25,2786,5442,1073,2   1590,695,8,3978,4758,343,4   649,476,11,2194,3116,472,2   1725,509,24,3687,5993,1030,1   552,397,18,4945,6667,772,4   1414,63,24,5493,7819,1030,3   1994,533,3,7233,7409,129,3   453,407,9,1203,2019,386,1   1327,714,27,5395,7751,1159,3   1354,537,18,5056,6464,772,3   1919,563,3,5442,5754,129,1   416,212,17,0,1391,729,3   1372,201,23,932,2798,987,2   1665,798,28,4799,7923,1202,3   1051,387,24,5524,7236,1030,1
!----------------------------------------------------------------
!Recharge stations: x,y
300,0   1002,917   103,601   426,696   614,98   1498,536   1333,640   1301,579   1751,599   1842,499   1007,805   1591,542   917,770   1495,365   101,677   925,760   1295,746   499,651   511,538   1266,703   804,818   170,509   979,253   171,427   253,647

g inverse recharge rate 0.68
