!----------------------------------------------------------------
!Stores: (first: depot x,y; then: satellites x,y,maxCap)
300,0   54,456,1000   164,276,1000   1745,570,1000   1076,323,1000
!----------------------------------------------------------------
!Trucks: (total#, cap, cost/dist, fixcost)
3,202,1,135   3,303,1,165
!----------------------------------------------------------------
!CityFreighters: (max cf/sat, total#, cap, cost/dist, fixcost, maxCharge, energyConsumption)
5,5,101,1,72,1215,1   5,5,151,1,88,1815,1
!----------------------------------------------------------------
!Customers: (x, y, demand, readyTime, dueDate, serviceTime, penalizationCost)
1267,379,15,4143,5813,656,3   588,332,25,1718,3344,1093,3   359,385,20,259,2229,875,3   1711,446,21,5012,7096,918,3   1748,553,14,1290,2566,612,5   501,610,4,6906,7374,175,5   743,356,4,1972,2290,175,5   1253,700,20,3922,6140,875,1   212,516,11,4652,5766,481,3   817,431,25,4002,6392,1093,1   473,323,12,2514,3934,525,4   884,530,20,1042,2902,875,5   319,527,29,3856,6084,1268,3   1013,202,12,6695,7613,525,4   666,690,7,1011,1771,306,1   1380,521,10,653,1637,437,4   1542,585,17,1947,3267,743,5   218,469,18,2555,4891,787,4   1642,509,17,3992,5440,743,4   1370,431,25,1751,4483,1093,2   1398,390,15,6302,7806,656,2   1556,315,11,1864,2680,481,4   294,594,4,7617,8041,175,3   350,659,5,3339,3773,219,3   446,593,14,4792,6026,612,4   1467,397,23,5699,7739,1006,5   205,524,8,2418,3340,350,1   790,276,27,4423,7109,1181,4   364,353,18,5803,7295,787,5   1157,436,21,5943,7581,918,2   254,501,28,3299,4753,1224,5   1672,607,20,1047,2885,875,5   1391,587,26,2379,4175,1137,1   1096,593,4,2059,2381,175,4   1335,471,6,7174,7626,262,1   1178,614,23,4213,6991,1006,3   662,563,13,6140,7160,568,1   956,365,21,1398,3240,918,1   1175,619,22,1422,2904,962,2   1492,323,24,3990,5650,1049,1   1622,680,5,1959,2617,219,3   254,287,26,2951,4671,1137,5   1860,336,17,5391,6975,743,3   1588,369,10,618,1322,437,3   1199,247,5,5452,5698,219,2   885,670,11,6080,6654,481,3   108,629,6,7506,7960,262,5   1456,199,9,1455,2117,394,5   599,646,12,598,1552,525,4   384,157,5,1678,2026,219,5
!----------------------------------------------------------------
!Recharge stations: x,y
300,0   54,456   164,276   1745,570   1076,323   895,312   1052,600   1666,701   1481,567   588,510   226,568   243,479   1265,205   1665,402   160,494   955,546   269,603   1421,693   639,189   1800,542   949,499   336,352   768,838   1590,129   266,356

g inverse recharge rate 0.49
