!----------------------------------------------------------------
!Stores: (first: depot x,y; then: satellites x,y,maxCap)
300,0   941,202,1000   764,856,1000   989,385,1000   706,294,1000
!----------------------------------------------------------------
!Trucks: (total#, cap, cost/dist, fixcost)
3,202,1,135   3,303,1,165
!----------------------------------------------------------------
!CityFreighters: (max cf/sat, total#, cap, cost/dist, fixcost, maxCharge, energyConsumption)
5,5,101,1,72,1296,1   5,5,151,1,88,1936,1
!----------------------------------------------------------------
!Customers: (x, y, demand, readyTime, dueDate, serviceTime, penalizationCost)
395,389,21,654,1522,568,1   1351,406,17,2487,3465,459,5   811,620,26,2385,4027,703,5   1558,318,7,1343,1709,189,3   1093,597,25,3480,5208,676,4   1670,525,9,3467,3829,243,4   1364,741,27,0,1662,730,3   1108,353,6,2412,2796,162,4   811,277,23,241,1375,622,4   570,613,13,4106,4874,351,1   695,289,23,3364,4706,622,4   617,241,8,3497,4079,216,2   1471,373,12,4286,4724,324,2   846,746,4,4113,4393,108,4   486,281,19,1207,2229,513,5   1423,306,24,744,1894,649,5   1317,658,22,1155,2043,595,4   1613,640,25,3483,4603,676,1   1043,609,14,2953,3717,378,3   482,401,15,4009,4915,405,5   1375,313,14,2375,2937,378,1   1698,587,27,1721,2765,730,5   1425,250,7,1345,1715,189,1   1435,294,7,2108,2512,189,1   910,429,16,3442,4304,432,5   726,695,9,733,1077,243,1   467,338,3,2373,2553,81,3   277,487,18,590,1584,486,1   1079,513,15,590,1684,405,3   341,514,12,3699,4307,324,5   875,338,16,4051,4799,432,1   331,498,15,983,1627,405,1   314,395,15,1959,2825,405,3   616,561,23,1917,2915,622,4   907,722,27,2148,3456,730,3   855,247,21,4465,5505,568,5   1116,540,27,2453,3815,730,2   1531,429,10,3828,4162,270,4   582,522,10,4783,5407,270,1   628,409,11,3446,3926,297,3   1717,715,8,975,1333,216,4   336,142,27,3276,5090,730,4   1495,602,12,916,1786,324,1   1059,62,13,3611,4435,351,5   1114,692,21,435,1713,568,5   673,414,26,3461,4859,703,3   527,885,11,542,1212,297,1   1841,629,20,3071,4433,540,5   1315,472,23,3124,3854,622,2   465,222,19,3051,4231,513,5
!----------------------------------------------------------------
!Recharge stations: x,y
300,0   941,202   764,856   989,385   706,294   1527,333   1472,253   261,554   532,279   384,280   947,742   1506,457   263,387   511,644   238,352   662,615   188,567   1827,519   1644,482   905,333   725,649   566,473   1323,721   725,650   116,684

g inverse recharge rate 0.31
