!----------------------------------------------------------------
!Stores: (first: depot x,y; then: satellites x,y,maxCap)
300,0   1982,476,1000   985,805,1000   1474,624,1000   1117,188,1000
!----------------------------------------------------------------
!Trucks: (total#, cap, cost/dist, fixcost)
3,202,1,135   3,303,1,165
!----------------------------------------------------------------
!CityFreighters: (max cf/sat, total#, cap, cost/dist, fixcost, maxCharge, energyConsumption)
5,5,101,1,72,810,1   5,5,151,1,88,1210,1
!----------------------------------------------------------------
!Customers: (x, y, demand, readyTime, dueDate, serviceTime, penalizationCost)
615,600,27,4074,6306,1042,3   1511,329,23,5525,7463,888,4   1782,526,8,597,1219,309,4   509,649,9,5721,6645,347,1   450,391,4,929,1189,154,2   1103,297,6,6327,6829,232,3   1090,759,8,6643,7169,309,4   1777,471,16,5387,6331,617,3   503,585,9,6177,6785,347,1   991,253,27,1674,2772,1042,4   236,534,13,4850,5918,502,2   1027,793,24,5570,6908,926,2   1206,221,6,4536,5062,232,3   1774,556,7,3716,4328,270,1   500,471,22,3633,5843,849,1   220,533,17,4083,5315,656,5   270,402,22,4403,6629,849,5   370,540,17,4400,5900,656,1   248,532,7,3179,3913,270,4   1473,452,19,1236,2384,733,4   1005,700,6,2132,2744,232,4   1218,251,4,2282,2524,154,2   1461,480,29,4879,6839,1119,3   729,658,4,2897,3291,154,3   1377,537,25,4850,6984,965,4   1747,396,8,3608,4522,309,4   524,662,7,1491,1795,270,4   490,273,19,5229,7171,733,3   217,544,6,1978,2394,232,4   445,318,24,2811,3679,926,1   1401,748,23,653,2419,888,3   858,647,16,3015,4165,617,5   1700,356,25,2556,4816,965,1   1207,342,12,3828,4936,463,5   924,339,5,2105,2451,193,3   1074,619,25,1741,3581,965,1   1391,295,26,3427,5691,1003,2   789,284,18,5277,6845,695,1   884,539,16,5427,6477,617,2   277,552,23,4236,6184,888,5   1234,712,29,3163,5349,1119,2   1048,910,5,4949,5347,193,4   1718,576,27,3701,5263,1042,1   629,161,16,4282,5772,617,4   363,216,5,1129,1461,193,4   1205,170,29,1572,3548,1119,4   993,642,8,3926,4584,309,4   1381,476,7,4615,5161,270,5   1648,835,20,630,1718,772,5   1243,138,19,0,1514,733,2
!----------------------------------------------------------------
!Recharge stations: x,y
300,0   1982,476   985,805   1474,624   1117,188   470,426   1269,663   687,469   521,365   1752,431   808,433   718,386   674,489   539,450   698,349   1401,422   1427,512   467,422   1207,579   91,480   1482,486   1531,472   1263,685   1496,216   586,610

g inverse recharge rate 0.66
