!----------------------------------------------------------------
!Stores: (first: depot x,y; then: satellites x,y,maxCap)
300,0   14,516,1000   900,857,1000   226,729,1000   1523,387,1000
!----------------------------------------------------------------
!Trucks: (total#, cap, cost/dist, fixcost)
3,202,1,135   3,303,1,165
!----------------------------------------------------------------
!CityFreighters: (max cf/sat, total#, cap, cost/dist, fixcost, maxCharge, energyConsumption)
5,5,101,1,72,1053,1   5,5,151,1,88,1573,1
!----------------------------------------------------------------
!Customers: (x, y, demand, readyTime, dueDate, serviceTime, penalizationCost)
1319,462,5,5207,5661,231,2   1081,616,7,2203,2745,324,1   450,560,7,5245,6169,324,5   744,686,25,3030,4796,1156,1   227,439,18,4508,5814,833,5   1544,529,20,1480,3696,925,3   1075,473,18,2737,4513,833,3   1297,233,19,2399,3947,879,1   904,687,29,721,3677,1341,2   643,611,27,1399,3753,1249,4   1565,665,29,4671,6821,1341,3   1065,333,29,4262,7424,1341,4   1500,324,11,4180,5006,509,4   1432,354,22,1765,3625,1018,3   853,713,19,6565,8577,879,2   302,509,13,4987,6371,601,5   1286,463,28,2423,4979,1295,1   981,764,6,1204,1774,278,5   211,508,22,816,3456,1018,3   1151,357,4,709,987,185,3   780,320,5,1918,2486,231,5   1193,762,21,1016,2544,971,2   1067,379,8,6551,7151,370,1   282,420,18,3346,5622,833,1   469,601,3,2367,2681,139,1   1506,342,19,5403,7249,879,5   1686,616,7,573,1593,324,3   1629,594,7,1371,2143,324,4   1703,469,9,7195,7897,416,3   1456,503,7,4598,5130,324,3   1129,307,8,6251,7075,370,5   1160,338,15,5559,7037,694,5   361,615,15,6026,7260,694,3   1119,208,16,4173,5649,740,4   412,308,11,2923,4381,509,2   1528,661,5,5223,5595,231,3   1697,511,18,3084,5080,833,4   1184,516,3,6118,6350,139,1   1284,408,22,2910,5038,1018,3   1645,510,27,640,2622,1249,4   1502,365,9,6076,7220,416,5   200,285,12,5873,7047,555,1   1168,618,5,3502,3986,231,4   1228,143,27,3662,5972,1249,2   887,54,19,6006,7910,879,4   934,389,18,4948,6600,833,5   118,716,4,6557,6935,185,1   1557,122,26,2713,5921,1203,2   1865,539,5,6171,6537,231,5   0,500,7,4212,4844,324,5
!----------------------------------------------------------------
!Recharge stations: x,y
300,0   14,516   900,857   226,729   1523,387   1473,232   516,325   1556,602   321,460   1133,641   162,451   212,453   1307,759   289,677   766,685   600,305   832,269   336,217   247,557   405,277   1381,107   1851,680   1374,251   806,514   199,418

g inverse recharge rate 0.57
