!----------------------------------------------------------------
!Stores: (first: depot x,y; then: satellites x,y,maxCap)
300,0   1258,707,1000   742,378,1000   174,458,1000   1537,247,1000
!----------------------------------------------------------------
!Trucks: (total#, cap, cost/dist, fixcost)
3,202,1,135   3,303,1,165
!----------------------------------------------------------------
!CityFreighters: (max cf/sat, total#, cap, cost/dist, fixcost, maxCharge, energyConsumption)
5,5,101,1,72,1134,1   5,5,151,1,88,1694,1
!----------------------------------------------------------------
!Customers: (x, y, demand, readyTime, dueDate, serviceTime, penalizationCost)
1078,257,15,4638,5448,480,3   918,628,27,4536,6120,865,5   381,345,29,649,2477,929,4   816,329,22,583,2137,705,2   799,696,8,2471,2795,256,4   423,464,10,4457,5143,320,5   1346,338,25,2352,3888,801,2   844,755,4,6226,6442,128,1   1010,342,6,948,1324,192,1   825,749,29,3449,6133,929,1   873,553,22,323,2171,705,2   1364,513,29,3018,4364,929,3   582,247,10,2705,3167,320,5   202,518,18,3320,4346,576,4   919,267,22,1411,2979,705,1   1686,510,4,6005,6253,128,5   1105,394,23,4430,6308,737,5   569,729,20,3430,4512,641,5   660,568,20,4377,5765,641,2   1089,463,7,5241,5601,224,1   489,348,24,3074,4538,769,3   644,327,9,4674,5512,288,5   517,331,4,3947,4229,128,2   420,358,16,5148,6230,512,2   1669,384,22,427,2197,705,5   394,671,10,3672,4402,320,1   1266,371,26,0,1617,833,4   1260,399,28,2570,4250,897,5   1148,529,24,4544,5866,769,5   1161,311,13,4114,4956,416,2   1216,736,4,1131,1417,128,3   1065,715,5,4013,4333,160,5   1540,609,23,3796,5258,737,3   543,522,6,2136,2414,192,3   567,444,13,4832,5822,416,3   904,516,22,460,2466,705,2   1716,406,6,1043,1449,192,4   460,677,18,2581,3981,576,3   1277,456,22,4883,5611,705,1   921,466,12,2102,3144,384,2   1801,385,27,346,2600,865,5   197,438,21,3660,5374,673,5   1520,513,12,3242,3916,384,2   866,783,25,382,1400,801,5   939,892,22,4294,5472,705,5   1033,424,29,1230,3544,929,2   535,761,10,4474,5234,320,4   1986,442,10,4477,5081,320,4   664,627,3,5458,5650,96,2   1583,153,25,172,1392,801,2
!----------------------------------------------------------------
!Recharge stations: x,y
300,0   1258,707   742,378   174,458   1537,247   934,581   1805,572   524,736   1767,528   1779,612   1046,238   1769,517   1339,698   824,700   762,402   1424,448   996,706   1842,529   555,586   1101,584   787,361   1107,409   1572,359   889,355   1722,382

g inverse recharge rate 0.42
