!----------------------------------------------------------------
!Stores: (first: depot x,y; then: satellites x,y,maxCap)
300,0   19,412,1000   1569,459,1000   942,291,1000   915,886,1000
!----------------------------------------------------------------
!Trucks: (total#, cap, cost/dist, fixcost)
3,202,1,135   3,303,1,165
!----------------------------------------------------------------
!CityFreighters: (max cf/sat, total#, cap, cost/dist, fixcost, maxCharge, energyConsumption)
5,5,101,1,72,729,1   5,5,151,1,88,1089,1
!----------------------------------------------------------------
!Customers: (x, y, demand, readyTime, dueDate, serviceTime, penalizationCost)
351,600,3,3187,3403,99,4   1478,561,13,776,1552,429,3   343,526,13,4715,5679,429,4   1430,715,15,1907,2625,495,4   1180,363,24,991,2639,793,5   1694,455,24,3712,5284,793,2   729,716,24,63,1683,793,4   1431,751,7,6073,6513,231,5   1121,679,13,6276,7040,429,4   1730,487,7,3418,4062,231,3   1011,611,13,2668,3496,429,4   936,759,3,5328,5502,99,2   566,574,25,126,1818,826,2   1375,345,29,4448,6704,958,4   1404,295,8,4389,4825,264,2   1157,552,18,401,1575,594,4   1088,740,15,4619,5853,495,3   1156,345,28,1795,3479,925,4   297,560,11,5955,6533,363,3   335,368,23,3977,5281,760,3   455,416,20,0,1944,661,4   1569,399,25,339,2351,826,4   1106,454,25,845,2671,826,1   1026,309,25,3101,4395,826,2   1712,607,26,833,3043,859,5   1667,468,18,692,1394,594,5   1326,541,21,3563,4951,694,1   446,474,16,3714,5036,528,4   1027,276,15,4284,5156,495,2   601,343,28,5003,6683,925,2   1234,725,12,1540,2214,396,5   577,344,24,3876,4920,793,3   997,505,28,0,1263,925,4   689,655,11,4563,5529,363,4   820,475,7,2476,2934,231,3   1386,363,12,1183,1913,396,5   1374,619,28,3918,5658,925,1   634,766,17,4672,5710,561,5   1069,762,11,225,1039,363,5   1463,514,9,4575,5193,297,4   380,752,20,2829,3875,661,4   267,433,22,509,2189,727,5   697,595,6,1566,1904,198,4   367,732,27,2657,4071,892,4   757,20,16,4763,6037,528,1   289,398,16,752,1722,528,2   1696,780,24,1392,2730,793,1   1568,507,9,5774,6518,297,3   728,52,28,270,2032,925,3   708,701,21,3897,5125,694,4
!----------------------------------------------------------------
!Recharge stations: x,y
300,0   19,412   1569,459   942,291   915,886   472,502   1451,479   700,699   1437,418   1166,164   1531,323   568,226   1411,440   1451,451   320,860   1059,540   864,669   1521,408   1604,357   1541,246   1630,431   1036,722   761,47   868,333   249,687

g inverse recharge rate 0.71
