!----------------------------------------------------------------
!Stores: (first: depot x,y; then: satellites x,y,maxCap)
300,0   1258,707,1000   742,378,1000   174,458,1000   1537,247,1000
!----------------------------------------------------------------
!Trucks: (total#, cap, cost/dist, fixcost)
3,202,1,135   3,303,1,165
!----------------------------------------------------------------
!CityFreighters: (max cf/sat, total#, cap, cost/dist, fixcost, maxCharge, energyConsumption)
5,5,101,1,72,1296,1   5,5,151,1,88,1936,1
!----------------------------------------------------------------
!Customers: (x, y, demand, readyTime, dueDate, serviceTime, penalizationCost)
1078,257,15,5482,6370,480,4   918,628,27,4614,6152,865,4   381,345,29,3042,4698,929,1   816,329,22,258,1918,705,1   799,696,8,3359,3985,256,3   423,464,10,831,1317,320,2   1346,338,25,820,2724,801,5   844,755,4,1631,1867,128,2   1010,342,6,3487,3917,192,5   825,749,29,3735,5743,929,5   873,553,22,1068,2386,705,3   1364,513,29,690,1650,929,3   582,247,10,4628,5218,320,3   202,518,18,3455,5097,576,2   919,267,22,3888,4922,705,3   1686,510,4,4675,4935,128,1   1105,394,23,3436,4762,737,1   569,729,20,3713,5009,641,1   660,568,20,2176,3764,641,2   1089,463,7,2948,3324,224,5   489,348,24,1701,2809,769,2   644,327,9,4542,5072,288,2   517,331,4,3184,3444,128,2   420,358,16,4727,5715,512,4   1669,384,22,3045,4789,705,2   394,671,10,2614,3512,320,4   1266,371,26,189,2121,833,2   1260,399,28,3142,4902,897,2   1148,529,24,2426,4194,769,4   1161,311,13,3744,4470,416,5   1216,736,4,5350,5626,128,2   1065,715,5,4087,4411,160,5   1540,609,23,3769,5229,737,1   543,522,6,5289,5589,192,2   567,444,13,484,1044,416,5   904,516,22,3992,5472,705,2   1716,406,6,3808,4136,192,2   460,677,18,3223,4359,576,4   1277,456,22,452,2004,705,4   921,466,12,975,1957,384,3   1801,385,27,2211,3273,865,4   197,438,21,628,1618,673,3   1520,513,12,826,1566,384,3   866,783,25,1245,2601,801,3   939,892,22,2171,3619,705,4   1033,424,29,3889,5217,929,2   535,761,10,3688,4322,320,1   1986,442,10,886,1614,320,1   664,627,3,1492,1706,96,3   1583,153,25,2833,4721,801,1
!----------------------------------------------------------------
!Recharge stations: x,y
300,0   1258,707   742,378   174,458   1537,247   934,581   1805,572   524,736   1767,528   1779,612   1046,238   1769,517   1339,698   824,700   762,402   1424,448   996,706   1842,529   555,586   1101,584   787,361   1107,409   1572,359   889,355   1722,382

g inverse recharge rate 0.37
