!----------------------------------------------------------------
!Stores: (first: depot x,y; then: satellites x,y,maxCap)
300,0   54,456,1000   164,276,1000   1745,570,1000   1076,323,1000
!----------------------------------------------------------------
!Trucks: (total#, cap, cost/dist, fixcost)
3,202,1,135   3,303,1,165
!----------------------------------------------------------------
!CityFreighters: (max cf/sat, total#, cap, cost/dist, fixcost, maxCharge, energyConsumption)
5,5,101,1,72,648,1   5,5,151,1,88,968,1
!----------------------------------------------------------------
!Customers: (x, y, demand, readyTime, dueDate, serviceTime, penalizationCost)
1267,379,15,322,1480,656,5   588,332,25,5657,8135,1093,4   359,385,20,3512,5748,875,4   1711,446,21,5384,7070,918,5   1748,553,14,5371,6903,612,3   501,610,4,7355,7737,175,4   743,356,4,7899,8233,175,1   1253,700,20,3084,3776,875,1   212,516,11,3793,4643,481,4   817,431,25,4575,6297,1093,5   473,323,12,3202,4216,525,5   884,530,20,6432,8068,875,3   319,527,29,2141,4563,1268,2   1013,202,12,633,1957,525,1   666,690,7,2563,3157,306,4   1380,521,10,1569,2527,437,5   1542,585,17,3857,5515,743,4   218,469,18,1390,2056,787,1   1642,509,17,647,2155,743,5   1370,431,25,0,1906,1093,5   1398,390,15,6747,8091,656,4   1556,315,11,1789,2661,481,3   294,594,4,1261,1565,175,4   350,659,5,3836,4270,219,5   446,593,14,1358,2462,612,3   1467,397,23,518,1866,1006,3   205,524,8,721,1297,350,4   790,276,27,0,3002,1181,4   364,353,18,257,1867,787,5   1157,436,21,4805,6707,918,1   254,501,28,2530,4268,1224,1   1672,607,20,1608,3456,875,5   1391,587,26,4913,7795,1137,1   1096,593,4,3547,3885,175,2   1335,471,6,1697,2209,262,2   1178,614,23,220,1838,1006,3   662,563,13,4025,5513,568,3   956,365,21,1974,3656,918,4   1175,619,22,4938,8028,962,1   1492,323,24,5040,6902,1049,5   1622,680,5,4909,5475,219,5   254,287,26,290,2208,1137,5   1860,336,17,5892,7404,743,1   1588,369,10,6887,7819,437,3   1199,247,5,4922,5198,219,1   885,670,11,1149,2233,481,5   108,629,6,7278,7862,262,2   1456,199,9,4730,5364,394,1   599,646,12,2595,3349,525,5   384,157,5,5255,5797,219,4
!----------------------------------------------------------------
!Recharge stations: x,y
300,0   54,456   164,276   1745,570   1076,323   895,312   1052,600   1666,701   1481,567   588,510   226,568   243,479   1265,205   1665,402   160,494   955,546   269,603   1421,693   639,189   1800,542   949,499   336,352   768,838   1590,129   266,356

g inverse recharge rate 0.92
