!----------------------------------------------------------------
!Stores: (first: depot x,y; then: satellites x,y,maxCap)
300,0   341,811,1000   468,469,1000   1903,681,1000   1739,317,1000
!----------------------------------------------------------------
!Trucks: (total#, cap, cost/dist, fixcost)
3,202,1,135   3,303,1,165
!----------------------------------------------------------------
!CityFreighters: (max cf/sat, total#, cap, cost/dist, fixcost, maxCharge, energyConsumption)
5,5,101,1,72,1377,1   5,5,151,1,88,2057,1
!----------------------------------------------------------------
!Customers: (x, y, demand, readyTime, dueDate, serviceTime, penalizationCost)
1457,621,29,2575,5571,1354,3   1369,514,15,4903,6453,701,1   450,294,18,174,2138,841,5   1201,625,4,7529,7999,187,2   303,393,10,6237,7417,467,5   626,373,9,6546,7284,420,1   986,751,21,5955,7895,981,5   1687,572,6,2186,2830,280,5   807,535,17,43,1691,794,5   957,602,7,6852,7502,327,5   1341,466,14,4121,5193,654,3   868,335,19,6216,8184,887,4   1477,427,3,6183,6437,140,1   1710,513,7,6871,7589,327,2   297,516,18,3119,4355,841,2   1566,595,15,1162,2498,701,4   982,373,19,6006,7404,887,4   602,560,12,3559,5097,560,4   1018,575,17,551,2829,794,2   681,511,19,5413,6715,887,3   390,389,12,1148,2410,560,4   1717,407,3,1423,1709,140,1   812,728,4,4655,5041,187,4   1482,411,11,4164,5288,514,4   1121,230,9,877,1883,420,3   724,609,5,3900,4316,234,3   732,543,7,1655,2435,327,5   1701,427,5,7079,7633,234,1   1429,411,26,478,2016,1214,3   1580,334,6,5545,6029,280,2   1542,363,4,6101,6401,187,3   446,356,26,0,2406,1214,1   1325,511,28,3868,6392,1308,2   1040,543,14,3497,4449,654,3   839,762,10,897,1621,467,3   826,427,25,5873,7981,1168,3   1622,535,18,4498,6300,841,3   1205,493,22,3702,5684,1027,1   1756,487,13,5258,6302,607,1   1757,458,13,4495,5791,607,4   1205,634,26,5623,7979,1214,1   968,82,17,5935,7701,794,1   552,907,29,3545,6455,1354,5   933,725,11,242,1522,514,4   1702,535,16,5505,6649,747,3   1374,356,9,2832,3706,420,1   1225,149,10,6912,7802,467,5   1029,837,20,4745,5859,934,5   894,84,23,2313,4981,1074,5   210,630,15,6737,7725,701,3
!----------------------------------------------------------------
!Recharge stations: x,y
300,0   341,811   468,469   1903,681   1739,317   848,592   1099,507   911,413   213,615   548,783   383,254   565,713   1717,496   1501,750   472,394   835,532   1065,724   1063,755   378,567   1418,245   1695,575   395,552   357,294   1675,329   1330,785

g inverse recharge rate 0.43
