!----------------------------------------------------------------
!Stores: (first: depot x,y; then: satellites x,y,maxCap)
300,0   1314,650,1000   548,85,1000   70,356,1000   844,731,1000
!----------------------------------------------------------------
!Trucks: (total#, cap, cost/dist, fixcost)
3,202,1,135   3,303,1,165
!----------------------------------------------------------------
!CityFreighters: (max cf/sat, total#, cap, cost/dist, fixcost, maxCharge, energyConsumption)
5,5,101,1,72,729,1   5,5,151,1,88,1089,1
!----------------------------------------------------------------
!Customers: (x, y, demand, readyTime, dueDate, serviceTime, penalizationCost)
1140,489,22,602,2158,844,2   1210,344,10,4138,4688,384,2   283,552,7,1806,2182,269,2   1743,579,11,5374,6350,422,1   660,253,15,5312,6448,575,3   808,679,4,3323,3675,153,3   288,610,3,1441,1681,115,4   1320,570,10,6282,6910,384,5   984,331,29,60,3154,1112,5   1198,680,17,578,2106,652,1   1390,344,18,3468,4726,691,4   1427,604,7,4707,5279,269,3   1264,777,19,3239,4095,729,3   1192,450,16,4842,6216,614,5   1350,439,21,2291,3985,806,4   890,676,22,5002,6654,844,1   1265,750,17,1999,3431,652,5   1488,311,23,103,2477,882,4   1676,533,17,2383,3527,652,4   232,547,26,3815,6419,997,4   1548,424,16,3489,5241,614,1   1087,469,19,0,1350,729,5   577,324,11,2972,3668,422,2   200,500,25,4845,6473,959,4   1621,484,11,1214,1916,422,4   1585,514,27,4262,6566,1036,4   457,347,10,3005,3821,384,3   1507,592,12,5450,6264,460,1   316,368,13,1273,2379,499,2   512,602,9,6229,6981,345,5   1445,645,28,569,2997,1074,2   805,561,5,3421,3835,192,2   342,511,23,333,1161,882,3   1639,556,18,2877,4163,691,2   825,343,7,4981,5361,269,3   1751,499,18,5577,6989,691,1   1684,637,18,4006,5234,691,2   1472,666,8,5545,6039,307,1   1094,424,11,3450,4288,422,5   1701,426,18,748,2406,691,2   1345,660,19,3024,4470,729,2   878,16,28,3589,5611,1074,1   216,792,7,1749,2029,269,1   961,798,21,2081,3859,806,1   1184,801,12,4489,5625,460,1   1274,186,22,2944,4282,844,4   928,905,19,1986,3072,729,1   1061,989,25,2262,4308,959,1   474,471,11,1050,1990,422,2   248,292,11,5029,5939,422,1
!----------------------------------------------------------------
!Recharge stations: x,y
300,0   1314,650   548,85   70,356   844,731   273,357   372,710   1529,261   1270,389   655,302   1674,380   1396,767   244,452   1523,709   426,287   921,702   861,575   1356,580   529,269   122,368   690,624   750,182   364,612   1301,231   417,330

g inverse recharge rate 0.75
