!----------------------------------------------------------------
!Stores: (first: depot x,y; then: satellites x,y,maxCap)
300,0   941,202,1000   764,856,1000   989,385,1000   706,294,1000
!----------------------------------------------------------------
!Trucks: (total#, cap, cost/dist, fixcost)
3,202,1,135   3,303,1,165
!----------------------------------------------------------------
!CityFreighters: (max cf/sat, total#, cap, cost/dist, fixcost, maxCharge, energyConsumption)
5,5,101,1,72,729,1   5,5,151,1,88,1089,1
!----------------------------------------------------------------
!Customers: (x, y, demand, readyTime, dueDate, serviceTime, penalizationCost)
395,389,21,4048,5148,568,1   1351,406,17,3873,4709,459,5   811,620,26,2138,3214,703,3   1558,318,7,3348,3770,189,3   1093,597,25,2055,3091,676,2   1670,525,9,3621,3969,243,2   1364,741,27,2618,4072,730,1   1108,353,6,4944,5360,162,2   811,277,23,2450,3524,622,5   570,613,13,1181,1831,351,4   695,289,23,2296,3644,622,5   617,241,8,5165,5519,216,2   1471,373,12,3432,3820,324,3   846,746,4,907,1147,108,4   486,281,19,784,1786,513,3   1423,306,24,821,2087,649,4   1317,658,22,2194,3316,595,2   1613,640,25,1832,2924,676,1   1043,609,14,4062,4820,378,1   482,401,15,1800,2584,405,2   1375,313,14,1330,1960,378,4   1698,587,27,1966,3650,730,2   1425,250,7,1131,1613,189,1   1435,294,7,2257,2657,189,1   910,429,16,2848,3750,432,2   726,695,9,1166,1696,243,3   467,338,3,4967,5157,81,3   277,487,18,973,1865,486,3   1079,513,15,3393,4161,405,3   341,514,12,4204,4768,324,1   875,338,16,55,877,432,3   331,498,15,3588,4638,405,1   314,395,15,1641,2355,405,1   616,561,23,3597,4691,622,3   907,722,27,2226,3690,730,2   855,247,21,4201,4685,568,3   1116,540,27,164,1300,730,4   1531,429,10,4376,4888,270,2   582,522,10,3223,3803,270,3   628,409,11,2787,3347,297,2   1717,715,8,4236,4694,216,5   336,142,27,3565,5183,730,3   1495,602,12,529,1259,324,4   1059,62,13,4837,5409,351,3   1114,692,21,2627,3727,568,2   673,414,26,0,1386,703,5   527,885,11,782,1308,297,2   1841,629,20,1215,2063,540,5   1315,472,23,3055,4561,622,5   465,222,19,2406,3170,513,3
!----------------------------------------------------------------
!Recharge stations: x,y
300,0   941,202   764,856   989,385   706,294   1527,333   1472,253   261,554   532,279   384,280   947,742   1506,457   263,387   511,644   238,352   662,615   188,567   1827,519   1644,482   905,333   725,649   566,473   1323,721   725,650   116,684

g inverse recharge rate 0.54
