!----------------------------------------------------------------
!Stores: (first: depot x,y; then: satellites x,y,maxCap)
300,0   1913,443,1000   1219,926,1000   608,792,1000   1816,280,1000
!----------------------------------------------------------------
!Trucks: (total#, cap, cost/dist, fixcost)
3,202,1,135   3,303,1,165
!----------------------------------------------------------------
!CityFreighters: (max cf/sat, total#, cap, cost/dist, fixcost, maxCharge, energyConsumption)
5,5,101,1,72,972,1   5,5,151,1,88,1452,1
!----------------------------------------------------------------
!Customers: (x, y, demand, readyTime, dueDate, serviceTime, penalizationCost)
623,450,10,4436,5404,415,2   281,390,29,2980,5180,1203,4   884,287,9,2223,2935,373,5   1629,573,29,960,4058,1203,5   974,731,8,3096,3814,332,1   529,469,12,4000,5162,498,5   1551,495,8,2656,3406,332,4   1351,754,3,5442,5704,124,5   602,631,10,6928,7798,415,2   898,367,3,6512,6780,124,2   1699,559,21,5534,7500,871,3   378,609,17,4768,5990,705,3   370,498,3,1803,2039,124,1   469,445,17,6088,7020,705,2   1184,511,12,4014,5086,498,4   495,516,8,783,1283,332,5   1495,720,6,1172,1620,249,3   530,438,28,168,2120,1161,5   981,779,7,839,1277,290,5   510,736,25,2435,3603,1037,2   361,612,10,5836,6778,415,4   1250,678,25,788,2676,1037,5   756,555,10,3134,3780,415,1   800,283,3,3768,3882,124,2   490,577,16,2438,3654,664,1   461,372,20,3827,5465,830,4   654,765,15,5276,6212,622,1   1709,537,25,4692,6404,1037,1   440,471,27,979,3407,1120,1   571,333,21,989,2567,871,5   1234,454,25,3101,5697,1037,5   1631,401,20,2903,4381,830,4   598,321,13,6384,7310,539,4   1653,656,20,1285,2959,830,3   913,741,8,2054,2684,332,4   1356,482,28,2742,4998,1161,3   1699,452,29,521,2729,1203,3   484,331,9,2303,2929,373,1   1148,231,7,1646,2362,290,1   1454,444,24,5157,7561,996,3   1784,634,11,4649,5595,456,3   1304,192,12,5521,6811,498,1   1100,315,12,5991,7027,498,5   1382,546,17,5845,7241,705,5   1638,743,29,0,2563,1203,4   633,80,29,594,2672,1203,5   1600,703,24,2150,4408,996,5   1675,196,3,4753,4983,124,1   1892,642,20,6562,7622,830,5   1161,242,23,1357,2595,954,4
!----------------------------------------------------------------
!Recharge stations: x,y
300,0   1913,443   1219,926   608,792   1816,280   1120,355   857,292   1951,593   934,802   1543,499   446,556   1631,279   618,418   876,562   1684,653   179,492   1561,414   220,579   881,173   364,870   1589,151   1300,690   1699,338   1107,831   125,616

g inverse recharge rate 0.61
