!----------------------------------------------------------------
!Stores: (first: depot x,y; then: satellites x,y,maxCap)
300,0   737,750,1000   1403,735,1000   1207,746,1000   214,536,1000
!----------------------------------------------------------------
!Trucks: (total#, cap, cost/dist, fixcost)
3,202,1,135   3,303,1,165
!----------------------------------------------------------------
!CityFreighters: (max cf/sat, total#, cap, cost/dist, fixcost, maxCharge, energyConsumption)
5,5,101,1,72,891,1   5,5,151,1,88,1331,1
!----------------------------------------------------------------
!Customers: (x, y, demand, readyTime, dueDate, serviceTime, penalizationCost)
381,672,25,3693,5657,848,5   235,448,15,3785,4911,509,5   1527,689,11,5128,5832,373,2   991,692,10,4625,5315,339,3   1381,463,24,2619,3735,815,3   1331,325,10,3300,3850,339,1   280,463,3,3936,4088,102,3   1649,482,20,3737,5275,679,3   1251,279,18,2649,4241,611,3   772,424,19,741,1911,645,2   601,399,5,1715,2199,170,3   826,529,15,309,1309,509,1   530,700,4,4254,4496,136,2   1347,369,20,695,1665,679,2   358,653,26,4535,6331,882,1   1456,310,20,608,2196,679,4   432,545,11,5009,5743,373,1   308,637,10,5039,5725,339,1   715,262,27,946,3058,916,1   870,441,5,484,840,170,4   1624,425,17,5168,6328,577,4   253,551,5,6036,6448,170,5   630,527,19,3681,5007,645,2   1106,459,12,498,1222,407,3   968,772,26,59,2007,882,1   993,689,13,4600,5408,441,4   242,444,28,1790,4080,950,3   1479,590,20,1569,3191,679,1   1436,406,20,485,2001,679,3   516,737,26,2417,3823,882,2   1581,667,26,707,2759,882,2   1019,358,16,471,1797,543,4   1616,672,13,4126,5054,441,5   557,378,18,660,2194,611,5   1394,537,22,713,1971,747,4   1601,345,21,2921,4629,713,3   769,350,14,371,1353,475,2   1790,485,17,2518,3832,577,4   814,743,26,2531,4251,882,2   399,364,29,4184,5472,984,2   835,490,8,3119,3429,272,2   533,911,20,2379,3505,679,3   630,548,10,894,1708,339,2   1296,446,14,2565,3335,475,4   1428,556,6,697,1061,204,3   278,269,6,2025,2409,204,1   646,530,3,3531,3717,102,3   1658,532,14,1803,2785,475,5   470,622,19,2323,4069,645,4   1838,751,9,3914,4602,305,1
!----------------------------------------------------------------
!Recharge stations: x,y
300,0   737,750   1403,735   1207,746   214,536   1130,505   1578,314   1186,382   970,162   665,917   1713,789   37,542   1171,701   275,335   1325,207   585,786   855,801   517,331   1820,216   1356,325   756,278   383,615   1193,217   485,339   559,431

g inverse recharge rate 0.54
