!----------------------------------------------------------------
!Stores: (first: depot x,y; then: satellites x,y,maxCap)
300,0   1056,693,1000   103,661,1000   114,485,1000   1304,808,1000
!----------------------------------------------------------------
!Trucks: (total#, cap, cost/dist, fixcost)
3,202,1,135   3,303,1,165
!----------------------------------------------------------------
!CityFreighters: (max cf/sat, total#, cap, cost/dist, fixcost, maxCharge, energyConsumption)
5,5,101,1,72,1377,1   5,5,151,1,88,2057,1
!----------------------------------------------------------------
!Customers: (x, y, demand, readyTime, dueDate, serviceTime, penalizationCost)
1163,500,29,1661,4181,1042,4   1367,493,17,610,1664,611,2   1485,607,26,111,2009,934,2   1714,389,16,1998,3218,575,1   1141,670,10,2374,3094,359,3   342,564,29,3660,5968,1042,5   881,394,10,4905,5809,359,2   363,652,13,3316,4136,467,5   1144,739,20,2716,3672,719,2   262,395,5,4964,5340,180,5   1289,387,5,5750,6208,180,2   1060,256,28,2720,5592,1006,1   1137,712,4,3118,3424,144,5   877,554,6,5127,5559,216,2   387,602,17,2122,3296,611,2   499,280,28,1822,4182,1006,1   735,489,9,6052,6748,323,4   1138,223,5,1681,2207,180,2   1773,517,24,212,2280,862,1   463,646,22,4712,6560,791,4   225,513,28,4184,6526,1006,4   987,328,14,4856,5970,503,4   1718,618,10,3414,4412,359,4   527,297,15,2209,3013,539,4   1653,580,26,3769,6131,934,2   847,769,3,4175,4411,108,4   429,548,20,3650,5130,719,3   745,448,19,4613,5791,683,1   1593,500,3,2213,2417,108,3   469,718,18,4300,5568,647,2   1343,759,21,5376,6880,755,4   1460,507,4,5811,6057,144,1   1261,735,24,4029,6393,862,5   722,686,29,468,2972,1042,1   1404,478,14,4785,6147,503,5   677,632,22,0,1401,791,2   1007,383,4,5386,5734,144,1   461,675,26,3742,5136,934,4   1362,527,13,4887,5785,467,5   980,486,3,2865,3081,108,5   644,679,20,1884,2630,719,2   406,154,21,1810,2936,755,3   1111,292,15,5636,6828,539,5   367,807,6,1271,1815,216,3   285,608,27,1844,4250,970,4   849,557,29,128,2086,1042,2   394,411,29,1449,4289,1042,5   637,836,17,3837,4943,611,2   462,155,6,5478,5988,216,2   334,751,11,2516,3194,395,1
!----------------------------------------------------------------
!Recharge stations: x,y
300,0   1056,693   103,661   114,485   1304,808   1615,737   1344,598   1012,905   103,417   1523,354   1299,814   158,541   567,722   1701,635   976,253   845,391   1608,700   459,496   1691,557   973,187   558,529   701,686   1708,812   514,389   271,327

g inverse recharge rate 0.38
