!----------------------------------------------------------------
!Stores: (first: depot x,y; then: satellites x,y,maxCap)
300,0   341,811,1000   468,469,1000   1903,681,1000   1739,317,1000
!----------------------------------------------------------------
!Trucks: (total#, cap, cost/dist, fixcost)
3,202,1,135   3,303,1,165
!----------------------------------------------------------------
!CityFreighters: (max cf/sat, total#, cap, cost/dist, fixcost, maxCharge, energyConsumption)
5,5,101,1,72,1296,1   5,5,151,1,88,1936,1
!----------------------------------------------------------------
!Customers: (x, y, demand, readyTime, dueDate, serviceTime, penalizationCost)
1457,621,29,4527,6957,1354,5   1369,514,15,974,2578,701,2   450,294,18,4121,5643,841,2   1201,625,4,3994,4354,187,5   303,393,10,1092,1820,467,4   626,373,9,5952,7024,420,2   986,751,21,2301,4361,981,4   1687,572,6,1495,1911,280,3   807,535,17,1213,2821,794,4   957,602,7,5763,6497,327,3   1341,466,14,6574,8166,654,4   868,335,19,5238,7276,887,3   1477,427,3,6126,6362,140,1   1710,513,7,1351,2209,327,2   297,516,18,6207,7319,841,3   1566,595,15,3754,4958,701,2   982,373,19,6238,7590,887,5   602,560,12,3988,4808,560,2   1018,575,17,4630,6090,794,5   681,511,19,1381,3347,887,4   390,389,12,803,1987,560,2   1717,407,3,4494,4764,140,3   812,728,4,5063,5499,187,5   1482,411,11,3980,5000,514,5   1121,230,9,3010,3634,420,3   724,609,5,4463,4997,234,1   732,543,7,3528,3966,327,4   1701,427,5,7180,7842,234,1   1429,411,26,1895,3865,1214,5   1580,334,6,7397,7919,280,4   1542,363,4,1053,1349,187,5   446,356,26,2190,4096,1214,5   1325,511,28,3951,6061,1308,1   1040,543,14,1125,2395,654,2   839,762,10,5307,6261,467,1   826,427,25,5059,7879,1168,4   1622,535,18,5435,7073,841,3   1205,493,22,1495,3967,1027,2   1756,487,13,2875,4443,607,1   1757,458,13,2635,3657,607,3   1205,634,26,5983,7673,1214,4   968,82,17,3491,4691,794,1   552,907,29,3830,6446,1354,2   933,725,11,839,2021,514,5   1702,535,16,4934,6868,747,1   1374,356,9,6275,6783,420,4   1225,149,10,1218,2574,467,4   1029,837,20,4147,5901,934,2   894,84,23,404,3608,1074,3   210,630,15,1839,3643,701,2
!----------------------------------------------------------------
!Recharge stations: x,y
300,0   341,811   468,469   1903,681   1739,317   848,592   1099,507   911,413   213,615   548,783   383,254   565,713   1717,496   1501,750   472,394   835,532   1065,724   1063,755   378,567   1418,245   1695,575   395,552   357,294   1675,329   1330,785

g inverse recharge rate 0.46
