!----------------------------------------------------------------
!Stores: (first: depot x,y; then: satellites x,y,maxCap)
300,0   1258,707,1000   742,378,1000   174,458,1000   1537,247,1000
!----------------------------------------------------------------
!Trucks: (total#, cap, cost/dist, fixcost)
3,202,1,135   3,303,1,165
!----------------------------------------------------------------
!CityFreighters: (max cf/sat, total#, cap, cost/dist, fixcost, maxCharge, energyConsumption)
5,5,101,1,72,891,1   5,5,151,1,88,1331,1
!----------------------------------------------------------------
!Customers: (x, y, demand, readyTime, dueDate, serviceTime, penalizationCost)
1078,257,15,959,1657,480,1   918,628,27,2754,4280,865,4   381,345,29,1943,3077,929,5   816,329,22,2935,4319,705,3   799,696,8,1295,1823,256,5   423,464,10,3949,4573,320,5   1346,338,25,4392,5840,801,1   844,755,4,3536,3868,128,1   1010,342,6,6109,6477,192,4   825,749,29,0,2014,929,1   873,553,22,3502,4820,705,2   1364,513,29,961,2857,929,5   582,247,10,1521,2387,320,4   202,518,18,3935,4883,576,4   919,267,22,3392,5148,705,2   1686,510,4,1518,1746,128,3   1105,394,23,2096,3734,737,2   569,729,20,4015,4999,641,5   660,568,20,1366,2240,641,3   1089,463,7,2981,3493,224,4   489,348,24,4393,6341,769,4   644,327,9,4799,5361,288,2   517,331,4,1750,2086,128,5   420,358,16,1507,2581,512,3   1669,384,22,2940,4840,705,4   394,671,10,2889,3545,320,1   1266,371,26,646,2144,833,5   1260,399,28,2623,4831,897,1   1148,529,24,1400,2566,769,2   1161,311,13,2472,3480,416,2   1216,736,4,542,752,128,4   1065,715,5,4669,5123,160,2   1540,609,23,4018,5344,737,5   543,522,6,606,820,192,1   567,444,13,784,1666,416,3   904,516,22,128,1590,705,3   1716,406,6,2469,2805,192,2   460,677,18,3636,4622,576,3   1277,456,22,2017,3525,705,2   921,466,12,4873,5973,384,5   1801,385,27,3026,4582,865,4   197,438,21,1335,2449,673,3   1520,513,12,2144,2976,384,5   866,783,25,908,2558,801,2   939,892,22,2837,4035,705,4   1033,424,29,1795,3381,929,4   535,761,10,4349,4941,320,4   1986,442,10,1662,2426,320,1   664,627,3,3653,3793,96,4   1583,153,25,4912,6156,801,5
!----------------------------------------------------------------
!Recharge stations: x,y
300,0   1258,707   742,378   174,458   1537,247   934,581   1805,572   524,736   1767,528   1779,612   1046,238   1769,517   1339,698   824,700   762,402   1424,448   996,706   1842,529   555,586   1101,584   787,361   1107,409   1572,359   889,355   1722,382

g inverse recharge rate 0.54
