!----------------------------------------------------------------
!Stores: (first: depot x,y; then: satellites x,y,maxCap)
300,0   1002,917,1000   103,601,1000   426,696,1000   614,98,1000
!----------------------------------------------------------------
!Trucks: (total#, cap, cost/dist, fixcost)
3,202,1,135   3,303,1,165
!----------------------------------------------------------------
!CityFreighters: (max cf/sat, total#, cap, cost/dist, fixcost, maxCharge, energyConsumption)
5,5,101,1,72,648,1   5,5,151,1,88,968,1
!----------------------------------------------------------------
!Customers: (x, y, demand, readyTime, dueDate, serviceTime, penalizationCost)
1347,608,18,621,2625,772,3   411,612,7,6797,7477,300,2   852,558,4,2547,2863,172,3   953,749,6,2184,2546,257,4   1328,600,27,2649,5047,1159,2   1203,628,12,4296,5212,515,4   1401,354,21,2120,4138,901,4   1587,324,13,2295,3157,558,1   1522,633,5,5022,5516,215,5   1253,424,10,2474,2982,429,2   1024,672,8,597,1423,343,2   1337,743,13,2061,3035,558,1   940,357,5,1224,1732,215,3   1311,642,16,3097,4341,687,5   1695,558,28,2024,4454,1202,1   585,586,19,6344,7674,815,1   1061,582,14,2015,3155,601,4   940,546,5,3356,3930,215,5   1386,509,26,88,2110,1116,4   510,434,26,4897,6091,1116,5   1343,701,4,5805,6109,172,5   1721,609,23,5775,7857,987,3   1493,580,10,6856,7876,429,2   918,642,29,0,2171,1244,4   320,576,23,6139,7807,987,2   851,720,19,6368,7968,815,3   437,347,18,5042,6468,772,5   1773,549,8,6182,6856,343,2   587,656,18,2081,3745,772,4   1318,469,25,672,2076,1073,2   1086,232,6,6894,7512,257,3   959,214,19,2388,3388,815,3   359,442,5,2461,3017,215,2   702,558,21,1871,3979,901,2   1732,412,22,5420,6444,944,2   809,732,25,5676,8352,1073,4   1590,695,8,4076,4532,343,5   649,476,11,6180,6962,472,2   1725,509,24,3166,5530,1030,4   552,397,18,1564,3026,772,3   1414,63,24,2090,4176,1030,2   1994,533,3,4075,4341,129,4   453,407,9,2162,2754,386,5   1327,714,27,3204,5414,1159,5   1354,537,18,2472,3650,772,5   1919,563,3,3928,4120,129,5   416,212,17,2583,3805,729,5   1372,201,23,1675,4103,987,5   1665,798,28,1592,3688,1202,1   1051,387,24,1377,4113,1030,1
!----------------------------------------------------------------
!Recharge stations: x,y
300,0   1002,917   103,601   426,696   614,98   1498,536   1333,640   1301,579   1751,599   1842,499   1007,805   1591,542   917,770   1495,365   101,677   925,760   1295,746   499,651   511,538   1266,703   804,818   170,509   979,253   171,427   253,647

g inverse recharge rate 0.94
