!----------------------------------------------------------------
!Stores: (first: depot x,y; then: satellites x,y,maxCap)
300,0   341,811,1000   468,469,1000   1903,681,1000   1739,317,1000
!----------------------------------------------------------------
!Trucks: (total#, cap, cost/dist, fixcost)
3,202,1,135   3,303,1,165
!----------------------------------------------------------------
!CityFreighters: (max cf/sat, total#, cap, cost/dist, fixcost, maxCharge, energyConsumption)
5,5,101,1,72,972,1   5,5,151,1,88,1452,1
!----------------------------------------------------------------
!Customers: (x, y, demand, readyTime, dueDate, serviceTime, penalizationCost)
1457,621,29,4315,7947,1354,1   1369,514,15,6474,8100,701,4   450,294,18,6431,7885,841,2   1201,625,4,5955,6381,187,2   303,393,10,3626,4572,467,1   626,373,9,6747,7657,420,1   986,751,21,5956,8134,981,1   1687,572,6,2193,2635,280,5   807,535,17,4414,6146,794,3   957,602,7,2056,2826,327,3   1341,466,14,5967,7331,654,5   868,335,19,6273,7949,887,4   1477,427,3,4190,4522,140,5   1710,513,7,6232,7030,327,2   297,516,18,1744,3488,841,4   1566,595,15,5280,6962,701,5   982,373,19,4211,6455,887,3   602,560,12,5361,6419,560,5   1018,575,17,4406,5730,794,4   681,511,19,3239,5097,887,3   390,389,12,6460,7902,560,1   1717,407,3,3429,3665,140,1   812,728,4,2167,2541,187,1   1482,411,11,2307,3507,514,4   1121,230,9,1388,2074,420,5   724,609,5,6579,7005,234,5   732,543,7,2948,3610,327,3   1701,427,5,981,1469,234,4   1429,411,26,4843,7013,1214,4   1580,334,6,1642,2302,280,3   1542,363,4,2627,2975,187,3   446,356,26,0,2305,1214,3   1325,511,28,3270,6294,1308,2   1040,543,14,2982,4434,654,2   839,762,10,2729,3719,467,1   826,427,25,5637,8213,1168,5   1622,535,18,3167,4885,841,5   1205,493,22,689,2737,1027,5   1756,487,13,4431,5287,607,2   1757,458,13,6789,7909,607,2   1205,634,26,5160,7710,1214,2   968,82,17,2940,4844,794,1   552,907,29,155,4205,1354,1   933,725,11,4465,5347,514,1   1702,535,16,3701,5405,747,5   1374,356,9,2848,3864,420,4   1225,149,10,2070,2902,467,1   1029,837,20,216,2000,934,4   894,84,23,2267,3693,1074,1   210,630,15,1145,2637,701,2
!----------------------------------------------------------------
!Recharge stations: x,y
300,0   341,811   468,469   1903,681   1739,317   848,592   1099,507   911,413   213,615   548,783   383,254   565,713   1717,496   1501,750   472,394   835,532   1065,724   1063,755   378,567   1418,245   1695,575   395,552   357,294   1675,329   1330,785

g inverse recharge rate 0.61
