!----------------------------------------------------------------
!Stores: (first: depot x,y; then: satellites x,y,maxCap)
300,0   1056,693,1000   103,661,1000   114,485,1000   1304,808,1000
!----------------------------------------------------------------
!Trucks: (total#, cap, cost/dist, fixcost)
3,202,1,135   3,303,1,165
!----------------------------------------------------------------
!CityFreighters: (max cf/sat, total#, cap, cost/dist, fixcost, maxCharge, energyConsumption)
5,5,101,1,72,810,1   5,5,151,1,88,1210,1
!----------------------------------------------------------------
!Customers: (x, y, demand, readyTime, dueDate, serviceTime, penalizationCost)
1163,500,29,4841,7163,1042,1   1367,493,17,3121,4399,611,3   1485,607,26,2323,3983,934,5   1714,389,16,3839,5241,575,3   1141,670,10,6119,7091,359,4   342,564,29,4088,5536,1042,1   881,394,10,1291,2041,359,1   363,652,13,4858,5872,467,4   1144,739,20,2273,3639,719,2   262,395,5,6561,6967,180,1   1289,387,5,1874,2282,180,4   1060,256,28,2117,4451,1006,3   1137,712,4,5270,5572,144,5   877,554,6,3498,4054,216,5   387,602,17,1538,2826,611,2   499,280,28,5151,7227,1006,3   735,489,9,5363,6037,323,1   1138,223,5,3904,4246,180,4   1773,517,24,581,2199,862,5   463,646,22,938,2480,791,3   225,513,28,3518,5238,1006,2   987,328,14,5284,6272,503,4   1718,618,10,5201,5951,359,4   527,297,15,5923,7045,539,2   1653,580,26,2697,4427,934,4   847,769,3,4341,4613,108,4   429,548,20,290,1248,719,3   745,448,19,4938,6610,683,2   1593,500,3,5995,6155,108,2   469,718,18,732,1722,647,1   1343,759,21,2757,4059,755,2   1460,507,4,2249,2623,144,5   1261,735,24,1838,3980,862,4   722,686,29,3801,6577,1042,2   1404,478,14,1728,2786,503,5   677,632,22,4845,7015,791,1   1007,383,4,1356,1624,144,1   461,675,26,426,1730,934,5   1362,527,13,1817,2559,467,1   980,486,3,2742,2960,108,2   644,679,20,4099,5209,719,1   406,154,21,0,1578,755,2   1111,292,15,2060,3022,539,3   367,807,6,3879,4369,216,5   285,608,27,3747,5923,970,3   849,557,29,2583,5227,1042,1   394,411,29,4394,6574,1042,2   637,836,17,95,1299,611,2   462,155,6,2413,2887,216,3   334,751,11,1017,1677,395,2
!----------------------------------------------------------------
!Recharge stations: x,y
300,0   1056,693   103,661   114,485   1304,808   1615,737   1344,598   1012,905   103,417   1523,354   1299,814   158,541   567,722   1701,635   976,253   845,391   1608,700   459,496   1691,557   973,187   558,529   701,686   1708,812   514,389   271,327

g inverse recharge rate 0.65
