!----------------------------------------------------------------
!Stores: (first: depot x,y; then: satellites x,y,maxCap)
300,0   674,747,1000   1212,82,1000   1820,396,1000   146,610,1000
!----------------------------------------------------------------
!Trucks: (total#, cap, cost/dist, fixcost)
3,202,1,135   3,303,1,165
!----------------------------------------------------------------
!CityFreighters: (max cf/sat, total#, cap, cost/dist, fixcost, maxCharge, energyConsumption)
5,5,101,1,72,1215,1   5,5,151,1,88,1815,1
!----------------------------------------------------------------
!Customers: (x, y, demand, readyTime, dueDate, serviceTime, penalizationCost)
780,646,22,4810,6276,802,3   711,230,24,2791,4401,874,3   573,491,16,2618,4062,583,5   466,713,9,6157,6797,328,1   580,515,15,2995,3851,547,5   785,684,29,1532,3788,1057,1   1798,482,16,5764,7312,583,3   1254,401,11,7129,7715,401,1   1267,503,24,219,1159,874,3   1692,387,19,4230,5718,692,3   1346,517,24,4936,6314,874,4   1640,434,7,4094,4578,255,3   952,712,29,5112,7758,1057,3   300,610,19,3883,5001,692,3   735,309,5,3895,4319,182,1   1201,417,19,3487,4913,692,5   912,561,22,2737,3743,802,2   682,725,16,2385,3279,583,5   556,373,21,1257,3061,765,3   437,502,15,2562,3760,547,1   1244,258,8,5795,6391,291,2   346,373,24,3331,5313,874,3   1686,512,24,2620,3556,874,3   1612,372,12,3559,4601,437,3   1369,252,28,0,1810,1020,1   869,647,3,5008,5194,109,3   1517,668,12,6548,7266,437,2   875,666,6,1154,1594,219,4   421,332,19,2051,3643,692,5   1487,492,10,1526,2262,364,2   734,421,8,1831,2527,291,5   555,624,25,2487,3863,911,5   1791,481,20,4758,6016,729,3   1089,427,3,5242,5490,109,2   1529,435,24,203,1911,874,1   320,416,21,2801,4037,765,1   1670,625,8,2708,3212,291,2   512,609,22,4188,5528,802,4   1644,378,28,834,3168,1020,2   1538,497,23,552,2328,838,5   1697,615,20,5392,6894,729,1   106,330,22,2867,4723,802,3   1565,227,18,197,1813,656,1   607,835,17,3382,4672,619,4   1837,538,13,1953,2697,474,5   1511,654,22,924,2592,802,5   988,57,7,6232,6620,255,2   1437,655,29,4845,6881,1057,5   833,230,18,6334,7448,656,3   741,20,25,3164,4862,911,4
!----------------------------------------------------------------
!Recharge stations: x,y
300,0   674,747   1212,82   1820,396   146,610   594,208   900,186   1024,417   1145,426   1792,477   576,776   239,630   1713,323   1471,501   1667,668   355,687   236,202   588,459   1324,526   153,521   239,502   1273,594   965,466   350,401   1270,734

g inverse recharge rate 0.47
