!----------------------------------------------------------------
!Stores: (first: depot x,y; then: satellites x,y,maxCap)
300,0   941,202,1000   764,856,1000   989,385,1000   706,294,1000
!----------------------------------------------------------------
!Trucks: (total#, cap, cost/dist, fixcost)
3,202,1,135   3,303,1,165
!----------------------------------------------------------------
!CityFreighters: (max cf/sat, total#, cap, cost/dist, fixcost, maxCharge, energyConsumption)
5,5,101,1,72,891,1   5,5,151,1,88,1331,1
!----------------------------------------------------------------
!Customers: (x, y, demand, readyTime, dueDate, serviceTime, penalizationCost)
395,389,21,2718,3650,568,3   1351,406,17,4074,4762,459,3   811,620,26,2000,3198,703,3   1558,318,7,2632,3020,189,5   1093,597,25,1253,3271,676,1   1670,525,9,3843,4491,243,2   1364,741,27,421,2381,730,2   1108,353,6,2750,3016,162,1   811,277,23,2768,3820,622,2   570,613,13,71,855,351,4   695,289,23,3714,4460,622,3   617,241,8,1499,1989,216,5   1471,373,12,3280,4148,324,2   846,746,4,3148,3344,108,2   486,281,19,1416,2644,513,1   1423,306,24,3613,4625,649,3   1317,658,22,1661,2765,595,2   1613,640,25,3482,4898,676,3   1043,609,14,4735,5575,378,2   482,401,15,664,1360,405,5   1375,313,14,2887,3661,378,1   1698,587,27,694,2164,730,2   1425,250,7,4789,5277,189,1   1435,294,7,3241,3491,189,2   910,429,16,3735,4697,432,4   726,695,9,373,713,243,5   467,338,3,2307,2499,81,1   277,487,18,131,1151,486,2   1079,513,15,3922,4782,405,1   341,514,12,340,924,324,5   875,338,16,1305,2321,432,4   331,498,15,4440,5196,405,4   314,395,15,4159,5037,405,2   616,561,23,2684,4076,622,2   907,722,27,3276,4756,730,1   855,247,21,3351,4623,568,2   1116,540,27,100,1174,730,5   1531,429,10,2218,2738,270,3   582,522,10,4497,5061,270,3   628,409,11,3919,4591,297,4   1717,715,8,4313,4569,216,1   336,142,27,1715,3223,730,1   1495,602,12,4157,4649,324,5   1059,62,13,1442,2292,351,4   1114,692,21,1350,2604,568,3   673,414,26,3227,4473,703,3   527,885,11,1208,1898,297,4   1841,629,20,2391,4177,540,2   1315,472,23,4059,5363,622,3   465,222,19,257,1239,513,4
!----------------------------------------------------------------
!Recharge stations: x,y
300,0   941,202   764,856   989,385   706,294   1527,333   1472,253   261,554   532,279   384,280   947,742   1506,457   263,387   511,644   238,352   662,615   188,567   1827,519   1644,482   905,333   725,649   566,473   1323,721   725,650   116,684

g inverse recharge rate 0.44
