!----------------------------------------------------------------
!Stores: (first: depot x,y; then: satellites x,y,maxCap)
300,0   674,747,1000   1212,82,1000   1820,396,1000   146,610,1000
!----------------------------------------------------------------
!Trucks: (total#, cap, cost/dist, fixcost)
3,202,1,135   3,303,1,165
!----------------------------------------------------------------
!CityFreighters: (max cf/sat, total#, cap, cost/dist, fixcost, maxCharge, energyConsumption)
5,5,101,1,72,729,1   5,5,151,1,88,1089,1
!----------------------------------------------------------------
!Customers: (x, y, demand, readyTime, dueDate, serviceTime, penalizationCost)
780,646,22,4086,6084,802,2   711,230,24,5363,6955,874,4   573,491,16,377,1673,583,2   466,713,9,5397,6089,328,2   580,515,15,6196,7398,547,5   785,684,29,3642,5228,1057,4   1798,482,16,5118,6386,583,1   1254,401,11,6881,7741,401,4   1267,503,24,3149,4879,874,2   1692,387,19,4902,6056,692,5   1346,517,24,5050,6522,874,1   1640,434,7,3132,3714,255,5   952,712,29,2488,4000,1057,1   300,610,19,1981,3303,692,4   735,309,5,2943,3197,182,1   1201,417,19,1555,2909,692,5   912,561,22,4506,6148,802,2   682,725,16,4390,5430,583,2   556,373,21,3173,4471,765,4   437,502,15,3848,4558,547,2   1244,258,8,5665,6331,291,4   346,373,24,3165,5021,874,2   1686,512,24,193,2245,874,2   1612,372,12,6130,6896,437,1   1369,252,28,2584,5212,1020,3   869,647,3,540,788,109,3   1517,668,12,1678,2674,437,2   875,666,6,6195,6643,219,2   421,332,19,430,1802,692,1   1487,492,10,5173,6053,364,4   734,421,8,6956,7640,291,3   555,624,25,0,1690,911,3   1791,481,20,4368,5794,729,5   1089,427,3,6516,6676,109,1   1529,435,24,1444,3344,874,5   320,416,21,1878,3280,765,5   1670,625,8,1587,2131,291,5   512,609,22,1921,2913,802,3   1644,378,28,4604,7188,1020,1   1538,497,23,5983,7881,838,3   1697,615,20,5089,6449,729,2   106,330,22,2517,4203,802,1   1565,227,18,217,2349,656,5   607,835,17,5007,6071,619,2   1837,538,13,4948,5724,474,1   1511,654,22,2872,4082,802,1   988,57,7,4822,5422,255,5   1437,655,29,2019,4425,1057,3   833,230,18,2027,3797,656,3   741,20,25,4928,7328,911,1
!----------------------------------------------------------------
!Recharge stations: x,y
300,0   674,747   1212,82   1820,396   146,610   594,208   900,186   1024,417   1145,426   1792,477   576,776   239,630   1713,323   1471,501   1667,668   355,687   236,202   588,459   1324,526   153,521   239,502   1273,594   965,466   350,401   1270,734

g inverse recharge rate 0.78
