!----------------------------------------------------------------
!Stores: (first: depot x,y; then: satellites x,y,maxCap)
300,0   732,403,1000   1811,773,1000   1333,923,1000   292,524,1000
!----------------------------------------------------------------
!Trucks: (total#, cap, cost/dist, fixcost)
3,202,1,135   3,303,1,165
!----------------------------------------------------------------
!CityFreighters: (max cf/sat, total#, cap, cost/dist, fixcost, maxCharge, energyConsumption)
5,5,101,1,72,1296,1   5,5,151,1,88,1936,1
!----------------------------------------------------------------
!Customers: (x, y, demand, readyTime, dueDate, serviceTime, penalizationCost)
272,537,9,1003,1907,351,1   717,464,19,4625,5475,741,4   753,610,16,4961,6565,624,4   1518,502,16,3081,4285,624,5   1131,684,12,5036,5952,468,1   276,491,14,1236,2278,546,1   1242,541,20,1115,2615,780,2   1422,645,20,4757,6525,780,2   1749,415,25,2040,4664,974,2   841,499,16,6116,7662,624,2   557,543,10,4731,5663,390,5   522,388,24,5556,6960,936,2   1258,718,12,5179,6365,468,1   1072,451,15,2675,3741,585,4   1490,350,18,2128,3050,702,5   1141,314,12,4356,5014,468,1   484,494,10,6467,7149,390,1   428,624,18,4073,4853,702,1   342,653,23,2618,4140,897,2   578,526,22,1753,3629,858,5   1372,269,7,5615,6045,273,4   830,523,4,5673,6005,156,4   482,297,5,6139,6599,195,2   1602,373,29,4443,6593,1130,1   1486,588,10,6450,6838,390,4   649,414,25,3961,6375,974,4   1025,382,17,53,1257,663,2   1065,439,14,2502,3730,546,5   660,685,6,2539,2965,234,3   656,350,16,5594,6610,624,1   989,787,23,371,2535,897,5   905,667,8,1264,1860,312,3   1641,625,25,36,2096,974,4   438,562,7,3492,4044,273,4   769,310,22,1963,4191,858,4   1748,516,26,832,3700,1013,1   487,628,16,3482,4628,624,4   572,723,10,481,1523,390,3   216,479,6,1672,2098,234,1   798,595,22,4365,5727,858,2   1297,866,28,0,1753,1091,5   1021,106,11,1561,2709,429,5   1523,174,3,5887,6133,117,5   31,431,20,3436,4476,780,5   1776,656,3,3227,3407,117,3   1660,243,24,1645,3851,936,2   1965,617,14,1112,2574,546,3   284,442,8,878,1404,312,4   312,522,25,1593,3487,974,3   467,589,20,4841,6535,780,5
!----------------------------------------------------------------
!Recharge stations: x,y
300,0   732,403   1811,773   1333,923   292,524   532,607   1579,633   1365,729   1029,248   1581,368   930,657   1714,335   1549,605   1569,637   1008,253   1149,587   1442,744   1062,156   706,456   516,322   530,356   365,282   798,423   721,382   1015,299

g inverse recharge rate 0.42
