!----------------------------------------------------------------
!Stores: (first: depot x,y; then: satellites x,y,maxCap)
300,0   1301,770,1000   254,805,1000   1042,125,1000   1949,604,1000
!----------------------------------------------------------------
!Trucks: (total#, cap, cost/dist, fixcost)
3,202,1,135   3,303,1,165
!----------------------------------------------------------------
!CityFreighters: (max cf/sat, total#, cap, cost/dist, fixcost, maxCharge, energyConsumption)
5,5,101,1,72,1215,1   5,5,151,1,88,1815,1
!----------------------------------------------------------------
!Customers: (x, y, demand, readyTime, dueDate, serviceTime, penalizationCost)
629,336,12,2670,3526,496,1   460,387,11,609,1713,455,4   1688,429,16,1959,3317,662,2   1449,542,25,5267,7185,1034,2   1029,651,18,1804,3168,745,3   747,647,19,1941,2995,786,5   944,670,19,5833,7127,786,1   459,321,9,1438,2092,372,5   748,672,13,4663,5983,538,2   1734,562,20,1735,2823,827,5   1006,523,10,1304,2144,414,1   1115,344,26,3116,5430,1075,3   525,572,20,4610,6194,827,2   1099,637,15,5386,6376,620,3   1733,426,29,3535,6021,1200,4   1239,422,13,4748,5936,538,4   1582,312,21,2134,3558,869,3   1221,729,21,2140,3854,869,2   649,668,28,2174,4216,1158,4   1435,250,6,4219,4719,248,1   371,320,9,2882,3600,372,3   610,490,11,518,1544,455,1   752,225,18,2827,4643,745,2   1763,453,14,3499,4409,579,3   865,652,6,3754,4340,248,4   749,601,9,6371,7241,372,2   397,456,7,5177,5567,290,2   716,621,10,5038,5816,414,2   1500,608,12,6625,7707,496,1   851,771,22,3998,6334,910,5   1686,622,13,6325,7119,538,3   1555,455,11,3756,4718,455,3   680,485,6,2873,3483,248,5   1377,463,6,5185,5503,248,2   1630,501,6,778,1064,248,5   1619,511,20,1490,3386,827,2   1578,620,11,5005,5911,455,1   387,409,15,4355,5553,620,4   859,326,16,6340,7460,662,2   586,446,8,3178,3704,331,1   1582,357,9,6202,6570,372,2   814,501,29,1134,3374,1200,5   1113,156,28,0,2638,1158,1   1276,752,24,122,1988,993,4   1706,620,19,5027,6675,786,2   1741,645,14,3748,4780,579,5   1451,629,15,3286,4396,620,1   1925,391,14,2050,2918,579,2   1433,513,6,5993,6551,248,3   1047,330,18,724,2172,745,2
!----------------------------------------------------------------
!Recharge stations: x,y
300,0   1301,770   254,805   1042,125   1949,604   786,558   961,757   592,546   1796,454   1828,482   282,366   306,487   1226,891   1253,280   420,427   1251,482   1168,320   1721,411   990,186   1576,561   495,385   1383,371   615,242   587,320   238,365

g inverse recharge rate 0.46
