!----------------------------------------------------------------
!Stores: (first: depot x,y; then: satellites x,y,maxCap)
300,0   1659,775,1000   808,901,1000   1591,509,1000   392,464,1000
!----------------------------------------------------------------
!Trucks: (total#, cap, cost/dist, fixcost)
3,202,1,135   3,303,1,165
!----------------------------------------------------------------
!CityFreighters: (max cf/sat, total#, cap, cost/dist, fixcost, maxCharge, energyConsumption)
5,5,101,1,72,1296,1   5,5,151,1,88,1936,1
!----------------------------------------------------------------
!Customers: (x, y, demand, readyTime, dueDate, serviceTime, penalizationCost)
792,282,11,1556,2244,383,4   1380,598,3,5375,5595,104,1   618,441,29,4307,6467,1009,3   1553,584,13,0,1239,452,5   998,533,4,3827,4179,139,4   1244,774,6,1824,2156,209,3   884,770,19,5361,6561,661,3   1080,404,6,5347,5819,209,3   481,409,16,889,1683,557,1   664,358,29,2596,4272,1009,1   1498,576,26,3147,5377,905,4   1652,651,22,1865,3377,765,4   622,687,23,573,1687,800,3   900,495,19,5689,6849,661,4   719,221,10,4764,5482,348,3   579,264,11,6335,6815,383,5   1361,307,10,5632,6326,348,2   365,366,21,788,1784,731,3   1258,562,20,3043,4289,696,5   1600,540,13,4254,5030,452,5   560,562,15,999,2161,522,3   382,682,14,3679,4575,487,2   1757,481,28,1589,3699,974,1   1129,555,13,386,1370,452,2   1358,384,14,1349,2177,487,1   1222,388,22,2902,4406,765,2   447,529,25,2138,4358,870,4   986,327,10,4505,5305,348,3   1488,332,16,5150,6216,557,3   303,614,7,2138,2636,244,4   322,547,6,1839,2225,209,5   1167,396,19,4019,4793,661,5   1210,425,22,0,1600,765,5   1031,395,23,5538,7006,800,1   829,439,14,745,1685,487,2   1062,223,29,1998,4090,1009,2   1714,373,20,2399,3935,696,2   1083,289,6,4963,5443,209,2   675,307,9,3751,4427,313,2   985,532,12,5778,6398,418,2   1507,186,27,451,2259,939,5   1645,498,21,1941,3841,731,3   560,830,29,0,1789,1009,1   46,552,28,651,2533,974,5   98,507,12,2080,2880,418,3   1372,399,23,4246,5880,800,3   202,283,18,1905,3159,626,2   1186,634,22,396,2212,765,3   764,580,6,6045,6517,209,5   1628,760,25,0,1404,870,2
!----------------------------------------------------------------
!Recharge stations: x,y
300,0   1659,775   808,901   1591,509   392,464   1757,423   1107,6   1049,303   1705,574   1363,190   1397,760   456,754   119,636   897,432   1297,408   289,574   617,747   1580,499   1489,401   328,706   1562,584   1735,269   1433,279   1597,283   189,504

g inverse recharge rate 0.4
