!----------------------------------------------------------------
!Stores: (first: depot x,y; then: satellites x,y,maxCap)
300,0   1301,770,1000   254,805,1000   1042,125,1000   1949,604,1000
!----------------------------------------------------------------
!Trucks: (total#, cap, cost/dist, fixcost)
3,202,1,135   3,303,1,165
!----------------------------------------------------------------
!CityFreighters: (max cf/sat, total#, cap, cost/dist, fixcost, maxCharge, energyConsumption)
5,5,101,1,72,972,1   5,5,151,1,88,1452,1
!----------------------------------------------------------------
!Customers: (x, y, demand, readyTime, dueDate, serviceTime, penalizationCost)
629,336,12,836,1784,496,5   460,387,11,852,1704,455,1   1688,429,16,5607,6675,662,3   1449,542,25,228,2086,1034,1   1029,651,18,1014,2426,745,3   747,647,19,2652,3868,786,5   944,670,19,3045,4861,786,4   459,321,9,5031,5835,372,4   748,672,13,3307,4155,538,4   1734,562,20,3209,4893,827,4   1006,523,10,5902,6796,414,4   1115,344,26,1972,3936,1075,2   525,572,20,4803,5831,827,4   1099,637,15,3813,4559,620,2   1733,426,29,2282,4334,1200,5   1239,422,13,6316,7366,538,5   1582,312,21,1727,4511,869,1   1221,729,21,5170,6954,869,1   649,668,28,0,1838,1158,4   1435,250,6,3403,3923,248,5   371,320,9,3357,3921,372,3   610,490,11,4666,5566,455,3   752,225,18,258,2002,745,5   1763,453,14,718,1652,579,2   865,652,6,4435,4873,248,4   749,601,9,795,1357,372,5   397,456,7,6520,6940,290,5   716,621,10,2641,3731,414,5   1500,608,12,2212,3128,496,5   851,771,22,3912,5580,910,3   1686,622,13,2925,4511,538,3   1555,455,11,288,1362,455,1   680,485,6,5533,5937,248,3   1377,463,6,3531,4081,248,2   1630,501,6,6004,6534,248,3   1619,511,20,3952,5252,827,5   1578,620,11,3878,4846,455,4   387,409,15,617,2031,620,2   859,326,16,3882,5452,662,4   586,446,8,3246,4168,331,5   1582,357,9,6623,7163,372,3   814,501,29,1219,3131,1200,1   1113,156,28,3432,6066,1158,3   1276,752,24,1562,3364,993,3   1706,620,19,5929,7685,786,2   1741,645,14,2244,3378,579,1   1451,629,15,4431,6239,620,2   1925,391,14,1921,2797,579,4   1433,513,6,4662,5194,248,4   1047,330,18,5931,7329,745,2
!----------------------------------------------------------------
!Recharge stations: x,y
300,0   1301,770   254,805   1042,125   1949,604   786,558   961,757   592,546   1796,454   1828,482   282,366   306,487   1226,891   1253,280   420,427   1251,482   1168,320   1721,411   990,186   1576,561   495,385   1383,371   615,242   587,320   238,365

g inverse recharge rate 0.57
