!----------------------------------------------------------------
!Stores: (first: depot x,y; then: satellites x,y,maxCap)
300,0   202,728,1000   890,151,1000   513,786,1000   1784,582,1000
!----------------------------------------------------------------
!Trucks: (total#, cap, cost/dist, fixcost)
3,202,1,135   3,303,1,165
!----------------------------------------------------------------
!CityFreighters: (max cf/sat, total#, cap, cost/dist, fixcost, maxCharge, energyConsumption)
5,5,101,1,72,972,1   5,5,151,1,88,1452,1
!----------------------------------------------------------------
!Customers: (x, y, demand, readyTime, dueDate, serviceTime, penalizationCost)
1750,415,9,5065,5673,325,1   841,486,16,48,1546,577,3   899,411,18,5122,6126,650,2   388,556,12,1462,2256,433,4   393,583,29,2507,4911,1046,4   839,230,24,1247,3017,866,1   643,498,20,3518,4914,722,2   337,493,29,1703,3755,1046,3   999,763,12,3851,4587,433,1   1500,311,15,5566,6782,541,5   963,247,4,4264,4624,144,3   798,280,29,4377,6317,1046,5   577,520,6,2517,2933,217,1   1797,503,9,3807,4539,325,3   677,431,16,3739,5161,577,1   824,704,7,923,1311,253,5   459,457,24,1443,3719,866,4   1114,683,29,2949,5395,1046,5   619,594,18,3796,4822,650,5   1160,259,7,2439,3057,253,2   1047,255,26,2254,4084,938,3   343,365,6,5693,6035,217,2   441,433,9,4342,5054,325,4   473,433,12,5633,6349,433,5   407,687,26,113,1979,938,5   790,432,16,4398,5866,577,2   1297,414,19,2436,3808,686,5   405,375,3,6357,6567,108,3   1439,389,25,1818,3638,902,4   594,417,9,943,1707,325,4   341,609,23,4888,6554,830,1   775,660,11,2388,3100,397,3   352,634,22,669,2207,794,4   357,638,10,5394,5862,361,1   1159,427,3,1105,1315,108,2   281,607,27,4736,6262,974,4   1068,421,25,1787,3151,902,3   905,634,14,2914,4172,505,4   1419,319,20,230,1886,722,2   1686,485,28,3814,5832,1010,1   944,857,27,4442,6220,974,5   1666,342,10,3743,4593,361,4   1434,829,9,6593,7175,325,5   1057,640,13,3056,4130,469,4   364,687,25,2012,4034,902,5   409,496,20,5529,7005,722,4   1720,468,29,3724,5208,1046,1   1379,702,24,0,1936,866,1   1772,212,16,3761,4697,577,2   1585,896,7,2981,3407,253,5
!----------------------------------------------------------------
!Recharge stations: x,y
300,0   202,728   890,151   513,786   1784,582   448,468   986,218   351,644   341,622   717,273   826,244   365,552   746,715   636,773   1015,235   1683,331   143,585   1643,462   660,516   260,418   461,471   450,654   1756,444   260,623   1744,579

g inverse recharge rate 0.56
