!----------------------------------------------------------------
!Stores: (first: depot x,y; then: satellites x,y,maxCap)
300,0   1104,923,1000   265,570,1000   1281,290,1000   997,241,1000
!----------------------------------------------------------------
!Trucks: (total#, cap, cost/dist, fixcost)
3,202,1,135   3,303,1,165
!----------------------------------------------------------------
!CityFreighters: (max cf/sat, total#, cap, cost/dist, fixcost, maxCharge, energyConsumption)
5,5,101,1,72,1053,1   5,5,151,1,88,1573,1
!----------------------------------------------------------------
!Customers: (x, y, demand, readyTime, dueDate, serviceTime, penalizationCost)
1080,593,8,896,1476,272,4   1753,528,17,4732,6130,578,2   445,400,22,3130,4684,748,1   812,373,17,3443,4859,578,3   1472,533,8,1863,2387,272,5   533,449,11,1808,2492,374,2   1500,396,28,854,3306,951,5   783,520,8,2334,2744,272,3   447,670,25,3765,5869,849,1   1673,643,11,5260,6022,374,4   295,397,24,107,1479,815,5   674,443,18,3321,5003,612,4   293,545,25,4602,6456,849,2   941,487,4,519,805,136,2   1501,317,16,3942,4596,544,2   1263,474,8,660,1280,272,5   1796,478,13,2526,3528,442,2   219,495,6,3260,3752,204,3   352,509,19,821,2281,646,2   1628,651,7,1334,1960,238,5   1419,708,29,751,3195,985,5   1547,410,3,655,853,102,3   688,719,13,5789,6713,442,3   244,550,27,3032,4452,917,4   1548,575,8,4667,5095,272,2   1494,578,22,3820,5550,748,3   1582,371,13,2140,3346,442,3   1183,560,28,1352,3104,951,3   1142,241,24,3458,5674,815,5   1203,670,19,2092,3524,646,4   1177,440,12,2471,3139,408,2   549,720,22,1243,2769,748,3   1499,389,22,4809,6619,748,4   1019,209,10,2224,2748,340,2   1299,607,28,0,2485,951,3   1198,224,16,1564,2696,544,2   1770,470,19,2080,3234,646,3   1127,515,22,1596,2762,748,5   603,584,8,653,1123,272,2   1027,603,15,3491,4631,510,1   1772,355,3,3739,3961,102,4   744,204,11,3890,4732,374,2   1723,488,5,3590,3956,170,1   933,674,23,2884,4386,781,3   1154,645,17,996,1920,578,2   1093,727,27,4710,6342,917,4   1683,195,24,2923,4177,815,3   220,563,6,4982,5238,204,3   1524,784,22,4208,5636,748,1   1407,661,7,5800,6224,238,4
!----------------------------------------------------------------
!Recharge stations: x,y
300,0   1104,923   265,570   1281,290   997,241   1508,355   1486,550   368,875   1766,541   1717,671   1244,246   1438,333   1269,613   1833,520   535,532   1338,766   189,400   1131,503   554,230   374,386   1411,747   282,613   789,370   457,537   1796,516

g inverse recharge rate 0.46
