!----------------------------------------------------------------
!Stores: (first: depot x,y; then: satellites x,y,maxCap)
300,0   1104,923,1000   265,570,1000   1281,290,1000   997,241,1000
!----------------------------------------------------------------
!Trucks: (total#, cap, cost/dist, fixcost)
3,202,1,135   3,303,1,165
!----------------------------------------------------------------
!CityFreighters: (max cf/sat, total#, cap, cost/dist, fixcost, maxCharge, energyConsumption)
5,5,101,1,72,1377,1   5,5,151,1,88,2057,1
!----------------------------------------------------------------
!Customers: (x, y, demand, readyTime, dueDate, serviceTime, penalizationCost)
1080,593,8,1924,2440,272,5   1753,528,17,3672,4772,578,5   445,400,22,225,1973,748,4   812,373,17,1481,2647,578,5   1472,533,8,3524,4080,272,5   533,449,11,3574,4240,374,4   1500,396,28,3593,5653,951,5   783,520,8,1107,1633,272,5   447,670,25,406,2478,849,1   1673,643,11,3349,4031,374,5   295,397,24,4699,6387,815,3   674,443,18,4026,4948,612,4   293,545,25,4954,6334,849,5   941,487,4,1134,1392,136,3   1501,317,16,477,1271,544,1   1263,474,8,6217,6591,272,3   1796,478,13,5069,6017,442,5   219,495,6,2893,3323,204,1   352,509,19,3720,5322,646,3   1628,651,7,4900,5268,238,5   1419,708,29,3720,5782,985,1   1547,410,3,6335,6477,102,2   688,719,13,5815,6581,442,2   244,550,27,3118,4468,917,5   1548,575,8,739,1381,272,4   1494,578,22,3245,4959,748,5   1582,371,13,4892,5314,442,4   1183,560,28,4045,5777,951,4   1142,241,24,4290,6070,815,1   1203,670,19,2614,4144,646,2   1177,440,12,2606,3474,408,4   549,720,22,3639,4559,748,3   1499,389,22,3722,5714,748,1   1019,209,10,2146,2868,340,1   1299,607,28,228,3050,951,5   1198,224,16,1450,2452,544,3   1770,470,19,4182,5146,646,1   1127,515,22,0,1476,748,2   603,584,8,717,1467,272,3   1027,603,15,3502,4568,510,1   1772,355,3,5521,5717,102,3   744,204,11,927,1817,374,5   1723,488,5,5201,5459,170,4   933,674,23,3754,5662,781,5   1154,645,17,4780,6208,578,3   1093,727,27,967,3109,917,1   1683,195,24,3932,5294,815,3   220,563,6,2724,3038,204,1   1524,784,22,367,1869,748,1   1407,661,7,4531,5017,238,1
!----------------------------------------------------------------
!Recharge stations: x,y
300,0   1104,923   265,570   1281,290   997,241   1508,355   1486,550   368,875   1766,541   1717,671   1244,246   1438,333   1269,613   1833,520   535,532   1338,766   189,400   1131,503   554,230   374,386   1411,747   282,613   789,370   457,537   1796,516

g inverse recharge rate 0.35
