!----------------------------------------------------------------
!Stores: (first: depot x,y; then: satellites x,y,maxCap)
300,0   1301,770,1000   254,805,1000   1042,125,1000   1949,604,1000
!----------------------------------------------------------------
!Trucks: (total#, cap, cost/dist, fixcost)
3,202,1,135   3,303,1,165
!----------------------------------------------------------------
!CityFreighters: (max cf/sat, total#, cap, cost/dist, fixcost, maxCharge, energyConsumption)
5,5,101,1,72,810,1   5,5,151,1,88,1210,1
!----------------------------------------------------------------
!Customers: (x, y, demand, readyTime, dueDate, serviceTime, penalizationCost)
629,336,12,2164,3184,496,2   460,387,11,4537,5181,455,4   1688,429,16,3210,4988,662,2   1449,542,25,4742,6802,1034,4   1029,651,18,460,1598,745,4   747,647,19,1322,2802,786,5   944,670,19,3166,5342,786,4   459,321,9,656,1380,372,3   748,672,13,6234,7292,538,3   1734,562,20,3034,4468,827,4   1006,523,10,950,1602,414,5   1115,344,26,3987,5635,1075,2   525,572,20,5713,7245,827,1   1099,637,15,5019,5891,620,4   1733,426,29,5305,7159,1200,2   1239,422,13,2446,3848,538,1   1582,312,21,1995,4625,869,3   1221,729,21,4476,6210,869,3   649,668,28,3473,5833,1158,3   1435,250,6,6864,7492,248,3   371,320,9,2932,3660,372,3   610,490,11,3637,4711,455,2   752,225,18,1474,3312,745,2   1763,453,14,4379,5755,579,1   865,652,6,5772,6304,248,3   749,601,9,6825,7447,372,4   397,456,7,4217,4875,290,2   716,621,10,1981,2751,414,3   1500,608,12,3031,4053,496,5   851,771,22,4357,5759,910,5   1686,622,13,4853,6207,538,2   1555,455,11,4717,6311,455,3   680,485,6,6447,6905,248,2   1377,463,6,4324,4880,248,2   1630,501,6,3659,4193,248,4   1619,511,20,3497,5003,827,5   1578,620,11,2369,3245,455,3   387,409,15,4270,5436,620,2   859,326,16,3362,4516,662,4   586,446,8,4473,5207,331,3   1582,357,9,2446,3066,372,5   814,501,29,0,2527,1200,5   1113,156,28,3206,5022,1158,3   1276,752,24,2197,4421,993,5   1706,620,19,3344,5160,786,3   1741,645,14,1431,2799,579,2   1451,629,15,1707,2925,620,2   1925,391,14,4510,5474,579,1   1433,513,6,7090,7744,248,4   1047,330,18,3525,5289,745,3
!----------------------------------------------------------------
!Recharge stations: x,y
300,0   1301,770   254,805   1042,125   1949,604   786,558   961,757   592,546   1796,454   1828,482   282,366   306,487   1226,891   1253,280   420,427   1251,482   1168,320   1721,411   990,186   1576,561   495,385   1383,371   615,242   587,320   238,365

g inverse recharge rate 0.69
