!----------------------------------------------------------------
!Stores: (first: depot x,y; then: satellites x,y,maxCap)
300,0   941,202,1000   764,856,1000   989,385,1000   706,294,1000
!----------------------------------------------------------------
!Trucks: (total#, cap, cost/dist, fixcost)
3,202,1,135   3,303,1,165
!----------------------------------------------------------------
!CityFreighters: (max cf/sat, total#, cap, cost/dist, fixcost, maxCharge, energyConsumption)
5,5,101,1,72,1134,1   5,5,151,1,88,1694,1
!----------------------------------------------------------------
!Customers: (x, y, demand, readyTime, dueDate, serviceTime, penalizationCost)
395,389,21,2205,3237,568,1   1351,406,17,3084,4114,459,1   811,620,26,916,2260,703,5   1558,318,7,2955,3407,189,2   1093,597,25,1333,2563,676,4   1670,525,9,3305,3971,243,4   1364,741,27,402,2094,730,5   1108,353,6,307,717,162,5   811,277,23,1202,2618,622,2   570,613,13,4184,4960,351,4   695,289,23,1183,2517,622,3   617,241,8,3983,4349,216,3   1471,373,12,1633,2565,324,4   846,746,4,1532,1700,108,4   486,281,19,2673,3705,513,1   1423,306,24,1050,2024,649,1   1317,658,22,756,2044,595,2   1613,640,25,2657,3439,676,1   1043,609,14,1088,2120,378,1   482,401,15,4188,4872,405,5   1375,313,14,3964,4844,378,4   1698,587,27,474,1910,730,3   1425,250,7,4332,4560,189,2   1435,294,7,1785,2095,189,1   910,429,16,452,1362,432,5   726,695,9,4165,4621,243,2   467,338,3,5259,5447,81,2   277,487,18,3566,4548,486,4   1079,513,15,2868,3638,405,5   341,514,12,4247,4977,324,5   875,338,16,3352,4548,432,1   331,498,15,1733,2681,405,3   314,395,15,3080,3960,405,2   616,561,23,1838,2892,622,2   907,722,27,2154,3470,730,2   855,247,21,1374,2588,568,1   1116,540,27,610,1550,730,2   1531,429,10,3277,3941,270,2   582,522,10,1302,2152,270,4   628,409,11,4302,4888,297,2   1717,715,8,2197,2695,216,2   336,142,27,2936,4834,730,5   1495,602,12,2572,3350,324,1   1059,62,13,2651,3517,351,2   1114,692,21,688,1750,568,2   673,414,26,1927,3091,703,4   527,885,11,4495,4885,297,2   1841,629,20,3180,4832,540,3   1315,472,23,711,2021,622,4   465,222,19,563,1699,513,3
!----------------------------------------------------------------
!Recharge stations: x,y
300,0   941,202   764,856   989,385   706,294   1527,333   1472,253   261,554   532,279   384,280   947,742   1506,457   263,387   511,644   238,352   662,615   188,567   1827,519   1644,482   905,333   725,649   566,473   1323,721   725,650   116,684

g inverse recharge rate 0.35
