!----------------------------------------------------------------
!Stores: (first: depot x,y; then: satellites x,y,maxCap)
300,0   341,811,1000   468,469,1000   1903,681,1000   1739,317,1000
!----------------------------------------------------------------
!Trucks: (total#, cap, cost/dist, fixcost)
3,202,1,135   3,303,1,165
!----------------------------------------------------------------
!CityFreighters: (max cf/sat, total#, cap, cost/dist, fixcost, maxCharge, energyConsumption)
5,5,101,1,72,648,1   5,5,151,1,88,968,1
!----------------------------------------------------------------
!Customers: (x, y, demand, readyTime, dueDate, serviceTime, penalizationCost)
1457,621,29,3334,5820,1354,5   1369,514,15,1765,3217,701,4   450,294,18,3805,5701,841,2   1201,625,4,3744,4020,187,2   303,393,10,6964,7878,467,4   626,373,9,1773,2427,420,4   986,751,21,4050,6210,981,3   1687,572,6,7383,8051,280,4   807,535,17,6669,7381,794,4   957,602,7,5226,5956,327,4   1341,466,14,379,2029,654,2   868,335,19,4927,6927,887,1   1477,427,3,1173,1423,140,3   1710,513,7,4739,5225,327,3   297,516,18,1648,3580,841,3   1566,595,15,6184,7588,701,5   982,373,19,1469,3241,887,1   602,560,12,3386,4650,560,1   1018,575,17,4941,6597,794,3   681,511,19,6116,7882,887,5   390,389,12,2112,3384,560,1   1717,407,3,698,950,140,2   812,728,4,6306,6602,187,5   1482,411,11,1661,2525,514,1   1121,230,9,6301,7127,420,5   724,609,5,5942,6262,234,2   732,543,7,2643,3225,327,2   1701,427,5,2906,3432,234,3   1429,411,26,2573,6327,1214,5   1580,334,6,5290,5668,280,2   1542,363,4,7076,7536,187,2   446,356,26,3724,6140,1214,1   1325,511,28,2603,5719,1308,2   1040,543,14,1732,3422,654,2   839,762,10,3454,4200,467,3   826,427,25,511,2749,1168,4   1622,535,18,3011,4853,841,2   1205,493,22,3720,5932,1027,2   1756,487,13,3651,4605,607,4   1757,458,13,6152,7432,607,2   1205,634,26,4903,7237,1214,2   968,82,17,2929,4729,794,1   552,907,29,3188,6034,1354,1   933,725,11,1995,3291,514,5   1702,535,16,5370,6894,747,3   1374,356,9,1804,2782,420,1   1225,149,10,2421,3357,467,1   1029,837,20,3832,6020,934,4   894,84,23,1154,2862,1074,1   210,630,15,3569,4799,701,4
!----------------------------------------------------------------
!Recharge stations: x,y
300,0   341,811   468,469   1903,681   1739,317   848,592   1099,507   911,413   213,615   548,783   383,254   565,713   1717,496   1501,750   472,394   835,532   1065,724   1063,755   378,567   1418,245   1695,575   395,552   357,294   1675,329   1330,785

g inverse recharge rate 0.92
