!----------------------------------------------------------------
!Stores: (first: depot x,y; then: satellites x,y,maxCap)
300,0   1680,198,1000   1105,702,1000   1469,679,1000   967,345,1000
!----------------------------------------------------------------
!Trucks: (total#, cap, cost/dist, fixcost)
3,202,1,135   3,303,1,165
!----------------------------------------------------------------
!CityFreighters: (max cf/sat, total#, cap, cost/dist, fixcost, maxCharge, energyConsumption)
5,5,101,1,72,1134,1   5,5,151,1,88,1694,1
!----------------------------------------------------------------
!Customers: (x, y, demand, readyTime, dueDate, serviceTime, penalizationCost)
802,540,20,2705,3935,591,4   1641,343,5,5901,6159,148,2   1184,667,26,1026,2296,769,4   942,312,28,1932,2720,828,1   1136,426,11,3670,4520,325,5   1212,394,11,2354,2924,325,4   962,605,16,2190,3072,473,1   463,582,13,1226,2188,384,5   491,462,25,2299,3869,739,5   675,621,26,1804,3796,769,5   1505,436,12,919,1423,355,3   1719,382,10,4563,5079,296,4   378,359,25,2837,4297,739,1   843,452,14,4830,5782,414,1   625,721,19,1828,2858,562,3   1634,400,25,1067,2855,739,5   1057,607,29,1814,3902,857,1   768,507,10,3292,3920,296,1   1543,611,14,1472,2418,414,1   685,382,10,2906,3492,296,2   1027,322,17,902,1728,503,2   816,578,7,4593,5075,207,1   727,698,8,2294,2910,237,2   1301,421,18,1559,2407,532,1   358,485,13,4813,5831,384,2   1767,538,18,4745,5897,532,5   310,555,15,2557,3281,443,3   693,574,18,1907,2871,532,4   878,305,18,2121,3041,532,1   976,524,23,3582,4776,680,1   920,554,13,1973,2845,384,1   1291,546,23,2794,3892,680,3   799,506,10,1561,1955,296,1   890,602,24,1111,3033,710,5   1746,558,19,4905,6091,562,1   1331,642,25,3120,4968,739,2   1567,456,27,535,1893,798,4   1295,261,18,3469,4535,532,1   1304,310,5,4273,4555,148,3   681,714,14,4887,5641,414,5   809,607,16,2140,3366,473,1   725,388,8,729,1469,237,2   103,632,4,2665,2903,118,2   1090,56,29,1164,2594,857,5   1906,663,25,1405,2821,739,4   408,559,23,3684,4916,680,4   387,541,25,2217,3785,739,1   138,358,12,3476,4110,355,5   1414,489,25,4780,5976,739,2   1645,614,3,4120,4332,89,2
!----------------------------------------------------------------
!Recharge stations: x,y
300,0   1680,198   1105,702   1469,679   967,345   326,462   761,296   1152,234   351,436   675,802   1276,477   613,572   1479,418   544,246   1956,463   1135,317   504,633   604,809   1822,438   1035,378   916,153   270,616   1055,810   195,555   944,722

g inverse recharge rate 0.4
