!----------------------------------------------------------------
!Stores: (first: depot x,y; then: satellites x,y,maxCap)
300,0   1301,770,1000   254,805,1000   1042,125,1000   1949,604,1000
!----------------------------------------------------------------
!Trucks: (total#, cap, cost/dist, fixcost)
3,202,1,135   3,303,1,165
!----------------------------------------------------------------
!CityFreighters: (max cf/sat, total#, cap, cost/dist, fixcost, maxCharge, energyConsumption)
5,5,101,1,72,729,1   5,5,151,1,88,1089,1
!----------------------------------------------------------------
!Customers: (x, y, demand, readyTime, dueDate, serviceTime, penalizationCost)
629,336,12,1465,2325,496,2   460,387,11,1721,2649,455,1   1688,429,16,3234,4452,662,3   1449,542,25,3125,5025,1034,2   1029,651,18,1873,3315,745,3   747,647,19,4561,5629,786,3   944,670,19,1731,3529,786,4   459,321,9,4885,5765,372,1   748,672,13,2825,4119,538,2   1734,562,20,3604,5076,827,3   1006,523,10,1299,2265,414,2   1115,344,26,3025,5683,1075,5   525,572,20,2549,3763,827,2   1099,637,15,5191,6519,620,5   1733,426,29,4423,6269,1200,2   1239,422,13,2007,3419,538,2   1582,312,21,3514,4396,869,3   1221,729,21,964,2456,869,2   649,668,28,3637,5737,1158,4   1435,250,6,6395,6785,248,1   371,320,9,859,1691,372,5   610,490,11,3451,4531,455,3   752,225,18,5514,6892,745,4   1763,453,14,2093,3229,579,4   865,652,6,1606,2010,248,3   749,601,9,6806,7472,372,5   397,456,7,3800,4414,290,5   716,621,10,3725,5001,414,3   1500,608,12,2486,3576,496,4   851,771,22,1856,3972,910,4   1686,622,13,4051,5183,538,5   1555,455,11,1035,1909,455,5   680,485,6,2943,3215,248,2   1377,463,6,5129,5665,248,4   1630,501,6,2132,2822,248,4   1619,511,20,5370,7146,827,1   1578,620,11,6432,7218,455,4   387,409,15,6394,7132,620,1   859,326,16,1512,2946,662,3   586,446,8,2381,3069,331,1   1582,357,9,6260,7198,372,2   814,501,29,3377,5869,1200,2   1113,156,28,830,2448,1158,4   1276,752,24,3925,7017,993,2   1706,620,19,3797,5261,786,2   1741,645,14,4272,5744,579,2   1451,629,15,497,909,620,3   1925,391,14,1707,2677,579,1   1433,513,6,5625,6125,248,5   1047,330,18,2589,3967,745,1
!----------------------------------------------------------------
!Recharge stations: x,y
300,0   1301,770   254,805   1042,125   1949,604   786,558   961,757   592,546   1796,454   1828,482   282,366   306,487   1226,891   1253,280   420,427   1251,482   1168,320   1721,411   990,186   1576,561   495,385   1383,371   615,242   587,320   238,365

g inverse recharge rate 0.77
