!----------------------------------------------------------------
!Stores: (first: depot x,y; then: satellites x,y,maxCap)
300,0   341,811,1000   468,469,1000   1903,681,1000   1739,317,1000
!----------------------------------------------------------------
!Trucks: (total#, cap, cost/dist, fixcost)
3,202,1,135   3,303,1,165
!----------------------------------------------------------------
!CityFreighters: (max cf/sat, total#, cap, cost/dist, fixcost, maxCharge, energyConsumption)
5,5,101,1,72,1053,1   5,5,151,1,88,1573,1
!----------------------------------------------------------------
!Customers: (x, y, demand, readyTime, dueDate, serviceTime, penalizationCost)
1457,621,29,804,4124,1354,1   1369,514,15,1832,3232,701,5   450,294,18,1103,2115,841,3   1201,625,4,1740,2174,187,1   303,393,10,3785,4877,467,4   626,373,9,2197,2913,420,4   986,751,21,114,1876,981,4   1687,572,6,5403,5919,280,5   807,535,17,1280,3000,794,5   957,602,7,6487,7137,327,3   1341,466,14,5794,6930,654,5   868,335,19,3449,5493,887,5   1477,427,3,2076,2364,140,2   1710,513,7,4087,4921,327,3   297,516,18,1078,2422,841,5   1566,595,15,552,1958,701,2   982,373,19,4426,6272,887,3   602,560,12,2326,3184,560,5   1018,575,17,954,2822,794,4   681,511,19,866,2618,887,2   390,389,12,4308,5420,560,1   1717,407,3,1649,1899,140,1   812,728,4,1480,1896,187,1   1482,411,11,3861,4583,514,3   1121,230,9,455,1211,420,2   724,609,5,5913,6487,234,1   732,543,7,7041,7603,327,1   1701,427,5,3173,3607,234,4   1429,411,26,365,3491,1214,5   1580,334,6,6039,6563,280,1   1542,363,4,3547,3981,187,1   446,356,26,0,2163,1214,2   1325,511,28,309,2929,1308,5   1040,543,14,5479,6975,654,5   839,762,10,6616,7584,467,2   826,427,25,4916,7440,1168,5   1622,535,18,1274,2332,841,4   1205,493,22,4495,7031,1027,4   1756,487,13,4327,5723,607,2   1757,458,13,1737,2675,607,1   1205,634,26,2753,5085,1214,2   968,82,17,5654,6974,794,5   552,907,29,557,2985,1354,2   933,725,11,5035,5823,514,5   1702,535,16,4946,6368,747,4   1374,356,9,4909,5771,420,4   1225,149,10,5171,6143,467,4   1029,837,20,4410,5998,934,1   894,84,23,817,2437,1074,5   210,630,15,5408,6756,701,1
!----------------------------------------------------------------
!Recharge stations: x,y
300,0   341,811   468,469   1903,681   1739,317   848,592   1099,507   911,413   213,615   548,783   383,254   565,713   1717,496   1501,750   472,394   835,532   1065,724   1063,755   378,567   1418,245   1695,575   395,552   357,294   1675,329   1330,785

g inverse recharge rate 0.57
