!----------------------------------------------------------------
!Stores: (first: depot x,y; then: satellites x,y,maxCap)
300,0   19,412,1000   1569,459,1000   942,291,1000   915,886,1000
!----------------------------------------------------------------
!Trucks: (total#, cap, cost/dist, fixcost)
3,202,1,135   3,303,1,165
!----------------------------------------------------------------
!CityFreighters: (max cf/sat, total#, cap, cost/dist, fixcost, maxCharge, energyConsumption)
5,5,101,1,72,810,1   5,5,151,1,88,1210,1
!----------------------------------------------------------------
!Customers: (x, y, demand, readyTime, dueDate, serviceTime, penalizationCost)
351,600,3,2435,2691,99,5   1478,561,13,6299,6955,429,2   343,526,13,5690,6328,429,2   1430,715,15,5343,6197,495,3   1180,363,24,896,1938,793,2   1694,455,24,2487,4073,793,4   729,716,24,341,1715,793,2   1431,751,7,4510,4922,231,1   1121,679,13,3360,4316,429,3   1730,487,7,3914,4370,231,4   1011,611,13,3086,4062,429,4   936,759,3,3254,3446,99,4   566,574,25,3892,5050,826,2   1375,345,29,2841,4827,958,3   1404,295,8,2447,2895,264,5   1157,552,18,1827,3039,594,3   1088,740,15,2650,3450,495,5   1156,345,28,489,2755,925,2   297,560,11,1916,2650,363,5   335,368,23,5520,6896,760,3   455,416,20,4558,5860,661,4   1569,399,25,1679,3023,826,1   1106,454,25,949,2335,826,1   1026,309,25,1428,2680,826,5   1712,607,26,1604,3866,859,2   1667,468,18,3088,4174,594,1   1326,541,21,3257,4457,694,3   446,474,16,4778,5844,528,5   1027,276,15,336,1114,495,5   601,343,28,3446,5478,925,1   1234,725,12,5187,5901,396,3   577,344,24,2222,3740,793,5   997,505,28,1068,2460,925,4   689,655,11,4922,5564,363,2   820,475,7,771,1215,231,3   1386,363,12,3255,4103,396,3   1374,619,28,583,2339,925,3   634,766,17,1258,1978,561,5   1069,762,11,3514,4512,363,2   1463,514,9,869,1555,297,4   380,752,20,3969,4915,661,1   267,433,22,1219,2981,727,2   697,595,6,2362,2636,198,4   367,732,27,4193,6107,892,5   757,20,16,1286,2702,528,5   289,398,16,1305,2751,528,5   1696,780,24,922,2188,793,1   1568,507,9,4327,4813,297,4   728,52,28,4317,6509,925,5   708,701,21,316,2028,694,4
!----------------------------------------------------------------
!Recharge stations: x,y
300,0   19,412   1569,459   942,291   915,886   472,502   1451,479   700,699   1437,418   1166,164   1531,323   568,226   1411,440   1451,451   320,860   1059,540   864,669   1521,408   1604,357   1541,246   1630,431   1036,722   761,47   868,333   249,687

g inverse recharge rate 0.64
