!----------------------------------------------------------------
!Stores: (first: depot x,y; then: satellites x,y,maxCap)
300,0   1258,707,1000   742,378,1000   174,458,1000   1537,247,1000
!----------------------------------------------------------------
!Trucks: (total#, cap, cost/dist, fixcost)
3,202,1,135   3,303,1,165
!----------------------------------------------------------------
!CityFreighters: (max cf/sat, total#, cap, cost/dist, fixcost, maxCharge, energyConsumption)
5,5,101,1,72,972,1   5,5,151,1,88,1452,1
!----------------------------------------------------------------
!Customers: (x, y, demand, readyTime, dueDate, serviceTime, penalizationCost)
1078,257,15,5938,6348,480,5   918,628,27,824,2522,865,5   381,345,29,1783,4139,929,2   816,329,22,5238,6434,705,3   799,696,8,2445,3011,256,4   423,464,10,3923,4669,320,1   1346,338,25,3699,4831,801,2   844,755,4,879,1143,128,3   1010,342,6,4481,4899,192,3   825,749,29,4294,6128,929,2   873,553,22,319,1885,705,2   1364,513,29,140,2386,929,4   582,247,10,3465,4133,320,4   202,518,18,5149,6231,576,4   919,267,22,3451,4743,705,1   1686,510,4,1538,1772,128,2   1105,394,23,3899,5377,737,3   569,729,20,3330,4464,641,1   660,568,20,2208,3774,641,4   1089,463,7,5701,6123,224,1   489,348,24,341,1999,769,4   644,327,9,5174,5900,288,2   517,331,4,5161,5361,128,3   420,358,16,3353,4563,512,1   1669,384,22,1651,2969,705,4   394,671,10,4891,5757,320,4   1266,371,26,492,2306,833,5   1260,399,28,81,1835,897,4   1148,529,24,1802,3724,769,3   1161,311,13,2912,3916,416,5   1216,736,4,940,1210,128,2   1065,715,5,4092,4394,160,4   1540,609,23,0,1547,737,4   543,522,6,2201,2611,192,4   567,444,13,4906,5944,416,4   904,516,22,3398,5106,705,3   1716,406,6,2384,2906,192,4   460,677,18,4955,6233,576,1   1277,456,22,4010,5090,705,1   921,466,12,5897,6651,384,5   1801,385,27,2152,3664,865,5   197,438,21,203,1799,673,5   1520,513,12,1193,1843,384,1   866,783,25,2268,4398,801,5   939,892,22,970,2714,705,3   1033,424,29,2245,4063,929,5   535,761,10,617,1091,320,2   1986,442,10,2960,3530,320,4   664,627,3,2113,2333,96,4   1583,153,25,4736,6090,801,5
!----------------------------------------------------------------
!Recharge stations: x,y
300,0   1258,707   742,378   174,458   1537,247   934,581   1805,572   524,736   1767,528   1779,612   1046,238   1769,517   1339,698   824,700   762,402   1424,448   996,706   1842,529   555,586   1101,584   787,361   1107,409   1572,359   889,355   1722,382

g inverse recharge rate 0.49
