!----------------------------------------------------------------
!Stores: (first: depot x,y; then: satellites x,y,maxCap)
300,0   1913,443,1000   1219,926,1000   608,792,1000   1816,280,1000
!----------------------------------------------------------------
!Trucks: (total#, cap, cost/dist, fixcost)
3,202,1,135   3,303,1,165
!----------------------------------------------------------------
!CityFreighters: (max cf/sat, total#, cap, cost/dist, fixcost, maxCharge, energyConsumption)
5,5,101,1,72,1053,1   5,5,151,1,88,1573,1
!----------------------------------------------------------------
!Customers: (x, y, demand, readyTime, dueDate, serviceTime, penalizationCost)
623,450,10,2255,3151,415,2   281,390,29,3192,5804,1203,2   884,287,9,6910,7830,373,5   1629,573,29,3278,5698,1203,3   974,731,8,3849,4497,332,1   529,469,12,2790,3866,498,2   1551,495,8,1502,2384,332,5   1351,754,3,7326,7660,124,5   602,631,10,5126,5850,415,5   898,367,3,1400,1606,124,2   1699,559,21,3315,5707,871,4   378,609,17,716,2052,705,5   370,498,3,2153,2385,124,2   469,445,17,1321,2675,705,4   1184,511,12,1346,2192,498,1   495,516,8,1869,2627,332,3   1495,720,6,3164,3732,249,1   530,438,28,1977,4869,1161,4   981,779,7,4944,5520,290,3   510,736,25,1560,3626,1037,3   361,612,10,4005,4851,415,1   1250,678,25,0,1865,1037,3   756,555,10,1705,2625,415,4   800,283,3,2597,2787,124,1   490,577,16,2940,4548,664,4   461,372,20,1641,3383,830,5   654,765,15,6239,7483,622,4   1709,537,25,6184,8078,1037,2   440,471,27,4893,7795,1120,3   571,333,21,5997,7439,871,5   1234,454,25,4525,6973,1037,3   1631,401,20,6299,8175,830,2   598,321,13,2940,3860,539,4   1653,656,20,3594,5204,830,4   913,741,8,1815,2607,332,1   1356,482,28,684,2614,1161,2   1699,452,29,2259,4593,1203,1   484,331,9,7069,7727,373,3   1148,231,7,6619,7319,290,5   1454,444,24,2630,4070,996,4   1784,634,11,6168,7284,456,4   1304,192,12,4272,4862,498,2   1100,315,12,1540,2538,498,1   1382,546,17,6143,7737,705,3   1638,743,29,2092,4960,1203,1   633,80,29,3544,5782,1203,2   1600,703,24,3681,5231,996,4   1675,196,3,6077,6371,124,1   1892,642,20,5836,7786,830,4   1161,242,23,2054,4174,954,1
!----------------------------------------------------------------
!Recharge stations: x,y
300,0   1913,443   1219,926   608,792   1816,280   1120,355   857,292   1951,593   934,802   1543,499   446,556   1631,279   618,418   876,562   1684,653   179,492   1561,414   220,579   881,173   364,870   1589,151   1300,690   1699,338   1107,831   125,616

g inverse recharge rate 0.56
