!----------------------------------------------------------------
!Stores: (first: depot x,y; then: satellites x,y,maxCap)
300,0   1301,770,1000   254,805,1000   1042,125,1000   1949,604,1000
!----------------------------------------------------------------
!Trucks: (total#, cap, cost/dist, fixcost)
3,202,1,135   3,303,1,165
!----------------------------------------------------------------
!CityFreighters: (max cf/sat, total#, cap, cost/dist, fixcost, maxCharge, energyConsumption)
5,5,101,1,72,1296,1   5,5,151,1,88,1936,1
!----------------------------------------------------------------
!Customers: (x, y, demand, readyTime, dueDate, serviceTime, penalizationCost)
629,336,12,5507,6733,496,1   460,387,11,3834,4576,455,1   1688,429,16,3484,5078,662,3   1449,542,25,5749,7265,1034,5   1029,651,18,2734,4280,745,5   747,647,19,1564,3482,786,5   944,670,19,3847,5495,786,5   459,321,9,3964,4666,372,5   748,672,13,1220,2612,538,5   1734,562,20,3310,4756,827,4   1006,523,10,1776,2916,414,5   1115,344,26,0,1714,1075,2   525,572,20,1198,2902,827,1   1099,637,15,2671,4161,620,3   1733,426,29,812,3822,1200,4   1239,422,13,2042,2910,538,2   1582,312,21,2446,4494,869,2   1221,729,21,175,1753,869,2   649,668,28,5071,7575,1158,4   1435,250,6,5452,6168,248,2   371,320,9,3188,3694,372,4   610,490,11,2622,3362,455,2   752,225,18,6007,7139,745,2   1763,453,14,1381,2145,579,4   865,652,6,4604,5096,248,4   749,601,9,4978,5682,372,5   397,456,7,4947,5655,290,3   716,621,10,4210,5222,414,2   1500,608,12,2599,3481,496,1   851,771,22,5308,6876,910,4   1686,622,13,348,1130,538,5   1555,455,11,4669,5645,455,1   680,485,6,981,1601,248,5   1377,463,6,4257,4649,248,5   1630,501,6,2731,3191,248,3   1619,511,20,4316,5224,827,5   1578,620,11,1392,1838,455,2   387,409,15,1732,3136,620,2   859,326,16,4710,6732,662,3   586,446,8,2927,3445,331,3   1582,357,9,646,1522,372,4   814,501,29,4108,5890,1200,3   1113,156,28,2815,5853,1158,5   1276,752,24,318,2748,993,3   1706,620,19,2255,3883,786,5   1741,645,14,3382,4598,579,3   1451,629,15,5953,7103,620,2   1925,391,14,5507,6545,579,1   1433,513,6,2218,2602,248,4   1047,330,18,5830,7444,745,1
!----------------------------------------------------------------
!Recharge stations: x,y
300,0   1301,770   254,805   1042,125   1949,604   786,558   961,757   592,546   1796,454   1828,482   282,366   306,487   1226,891   1253,280   420,427   1251,482   1168,320   1721,411   990,186   1576,561   495,385   1383,371   615,242   587,320   238,365

g inverse recharge rate 0.43
