!----------------------------------------------------------------
!Stores: (first: depot x,y; then: satellites x,y,maxCap)
300,0   737,750,1000   1403,735,1000   1207,746,1000   214,536,1000
!----------------------------------------------------------------
!Trucks: (total#, cap, cost/dist, fixcost)
3,202,1,135   3,303,1,165
!----------------------------------------------------------------
!CityFreighters: (max cf/sat, total#, cap, cost/dist, fixcost, maxCharge, energyConsumption)
5,5,101,1,72,729,1   5,5,151,1,88,1089,1
!----------------------------------------------------------------
!Customers: (x, y, demand, readyTime, dueDate, serviceTime, penalizationCost)
381,672,25,2380,3940,848,3   235,448,15,714,1782,509,4   1527,689,11,2757,3539,373,1   991,692,10,3208,3978,339,2   1381,463,24,2518,4646,815,5   1331,325,10,3902,4494,339,1   280,463,3,6277,6473,102,3   1649,482,20,827,1969,679,5   1251,279,18,2994,3918,611,2   772,424,19,4550,5642,645,5   601,399,5,1191,1399,170,5   826,529,15,3052,3922,509,5   530,700,4,2641,2973,136,1   1347,369,20,2212,2976,679,1   358,653,26,1003,3213,882,2   1456,310,20,4982,6322,679,2   432,545,11,1123,1801,373,4   308,637,10,2198,3004,339,3   715,262,27,846,2974,916,3   870,441,5,4960,5220,170,5   1624,425,17,2084,3374,577,4   253,551,5,6110,6424,170,3   630,527,19,2565,4039,645,4   1106,459,12,4800,5832,407,4   968,772,26,456,1612,882,1   993,689,13,963,1513,441,3   242,444,28,4714,6272,950,1   1479,590,20,4777,6533,679,1   1436,406,20,1796,3064,679,4   516,737,26,2491,3739,882,4   1581,667,26,2000,3872,882,5   1019,358,16,918,2152,543,2   1616,672,13,3408,4322,441,4   557,378,18,3842,4898,611,4   1394,537,22,1794,3578,747,5   1601,345,21,2682,4050,713,2   769,350,14,5567,6611,475,3   1790,485,17,1483,2643,577,2   814,743,26,2351,4457,882,3   399,364,29,2683,4269,984,2   835,490,8,2814,3450,272,4   533,911,20,2562,4762,679,4   630,548,10,4422,5354,339,4   1296,446,14,126,1050,475,1   1428,556,6,534,1002,204,4   278,269,6,1734,2030,204,5   646,530,3,6205,6403,102,2   1658,532,14,520,1340,475,4   470,622,19,4496,5252,645,1   1838,751,9,3073,3645,305,1
!----------------------------------------------------------------
!Recharge stations: x,y
300,0   737,750   1403,735   1207,746   214,536   1130,505   1578,314   1186,382   970,162   665,917   1713,789   37,542   1171,701   275,335   1325,207   585,786   855,801   517,331   1820,216   1356,325   756,278   383,615   1193,217   485,339   559,431

g inverse recharge rate 0.66
