!----------------------------------------------------------------
!Stores: (first: depot x,y; then: satellites x,y,maxCap)
300,0   732,403,1000   1811,773,1000   1333,923,1000   292,524,1000
!----------------------------------------------------------------
!Trucks: (total#, cap, cost/dist, fixcost)
3,202,1,135   3,303,1,165
!----------------------------------------------------------------
!CityFreighters: (max cf/sat, total#, cap, cost/dist, fixcost, maxCharge, energyConsumption)
5,5,101,1,72,972,1   5,5,151,1,88,1452,1
!----------------------------------------------------------------
!Customers: (x, y, demand, readyTime, dueDate, serviceTime, penalizationCost)
272,537,9,4377,5255,351,1   717,464,19,2839,4465,741,3   753,610,16,919,2223,624,3   1518,502,16,4947,6275,624,3   1131,684,12,1375,2377,468,4   276,491,14,1175,2077,546,4   1242,541,20,2532,4284,780,1   1422,645,20,5069,6673,780,1   1749,415,25,567,2821,974,3   841,499,16,3405,4411,624,3   557,543,10,2604,3516,390,4   522,388,24,5879,6925,936,1   1258,718,12,4567,5625,468,3   1072,451,15,5177,6091,585,3   1490,350,18,3890,5532,702,5   1141,314,12,5852,6844,468,3   484,494,10,3339,4161,390,2   428,624,18,2550,3638,702,5   342,653,23,376,2344,897,4   578,526,22,1699,3613,858,1   1372,269,7,6730,7312,273,4   830,523,4,5574,5856,156,3   482,297,5,3638,4094,195,1   1602,373,29,3889,5753,1130,1   1486,588,10,3885,4831,390,3   649,414,25,0,2035,974,3   1025,382,17,1376,3102,663,2   1065,439,14,218,1358,546,3   660,685,6,4312,4782,234,1   656,350,16,5238,6240,624,2   989,787,23,421,2069,897,5   905,667,8,2615,3391,312,3   1641,625,25,3340,5450,974,4   438,562,7,1501,2195,273,3   769,310,22,2392,3766,858,3   1748,516,26,286,2470,1013,1   487,628,16,3275,4567,624,2   572,723,10,5392,6442,390,3   216,479,6,1844,2200,234,2   798,595,22,2701,4455,858,1   1297,866,28,1174,3686,1091,2   1021,106,11,3021,3931,429,2   1523,174,3,6789,6953,117,2   31,431,20,4695,6005,780,2   1776,656,3,3830,4110,117,5   1660,243,24,1584,3096,936,2   1965,617,14,1967,2681,546,4   284,442,8,1989,2687,312,5   312,522,25,3612,5812,974,1   467,589,20,3849,5615,780,5
!----------------------------------------------------------------
!Recharge stations: x,y
300,0   732,403   1811,773   1333,923   292,524   532,607   1579,633   1365,729   1029,248   1581,368   930,657   1714,335   1549,605   1569,637   1008,253   1149,587   1442,744   1062,156   706,456   516,322   530,356   365,282   798,423   721,382   1015,299

g inverse recharge rate 0.56
