!----------------------------------------------------------------
!Stores: (first: depot x,y; then: satellites x,y,maxCap)
300,0   674,747,1000   1212,82,1000   1820,396,1000   146,610,1000
!----------------------------------------------------------------
!Trucks: (total#, cap, cost/dist, fixcost)
3,202,1,135   3,303,1,165
!----------------------------------------------------------------
!CityFreighters: (max cf/sat, total#, cap, cost/dist, fixcost, maxCharge, energyConsumption)
5,5,101,1,72,1053,1   5,5,151,1,88,1573,1
!----------------------------------------------------------------
!Customers: (x, y, demand, readyTime, dueDate, serviceTime, penalizationCost)
780,646,22,4567,5731,802,5   711,230,24,4515,6071,874,4   573,491,16,5597,6655,583,2   466,713,9,3192,3868,328,4   580,515,15,330,1310,547,2   785,684,29,1672,4182,1057,2   1798,482,16,2203,3109,583,4   1254,401,11,520,1414,401,5   1267,503,24,4433,6237,874,5   1692,387,19,5397,6943,692,4   1346,517,24,2461,3797,874,2   1640,434,7,5987,6527,255,4   952,712,29,3384,5930,1057,3   300,610,19,1566,2800,692,3   735,309,5,4166,4454,182,1   1201,417,19,3149,5021,692,2   912,561,22,936,2698,802,1   682,725,16,871,2137,583,1   556,373,21,1125,3207,765,4   437,502,15,6199,7439,547,2   1244,258,8,4729,5485,291,2   346,373,24,1535,3403,874,2   1686,512,24,2282,4736,874,4   1612,372,12,1098,2028,437,5   1369,252,28,2068,4054,1020,1   869,647,3,5953,6205,109,5   1517,668,12,6190,7000,437,2   875,666,6,4137,4533,219,3   421,332,19,2753,4145,692,5   1487,492,10,6378,7102,364,1   734,421,8,4343,4749,291,2   555,624,25,2634,4022,911,4   1791,481,20,3108,4494,729,2   1089,427,3,6188,6478,109,4   1529,435,24,5454,7484,874,2   320,416,21,4032,5556,765,1   1670,625,8,1911,2589,291,2   512,609,22,4507,6059,802,1   1644,378,28,935,2663,1020,3   1538,497,23,4972,6008,838,1   1697,615,20,695,2293,729,4   106,330,22,1437,2945,802,1   1565,227,18,2339,3615,656,4   607,835,17,1686,2736,619,1   1837,538,13,6242,7240,474,1   1511,654,22,2609,4235,802,2   988,57,7,4328,4848,255,2   1437,655,29,4463,7761,1057,4   833,230,18,1659,3573,656,4   741,20,25,2324,3956,911,1
!----------------------------------------------------------------
!Recharge stations: x,y
300,0   674,747   1212,82   1820,396   146,610   594,208   900,186   1024,417   1145,426   1792,477   576,776   239,630   1713,323   1471,501   1667,668   355,687   236,202   588,459   1324,526   153,521   239,502   1273,594   965,466   350,401   1270,734

g inverse recharge rate 0.54
