!----------------------------------------------------------------
!Stores: (first: depot x,y; then: satellites x,y,maxCap)
300,0   1982,476,1000   985,805,1000   1474,624,1000   1117,188,1000
!----------------------------------------------------------------
!Trucks: (total#, cap, cost/dist, fixcost)
3,202,1,135   3,303,1,165
!----------------------------------------------------------------
!CityFreighters: (max cf/sat, total#, cap, cost/dist, fixcost, maxCharge, energyConsumption)
5,5,101,1,72,1215,1   5,5,151,1,88,1815,1
!----------------------------------------------------------------
!Customers: (x, y, demand, readyTime, dueDate, serviceTime, penalizationCost)
615,600,27,4040,6786,1042,4   1511,329,23,2883,4587,888,2   1782,526,8,6395,6881,309,5   509,649,9,3026,3716,347,3   450,391,4,5122,5386,154,4   1103,297,6,5352,5666,232,2   1090,759,8,6572,7132,309,3   1777,471,16,3268,4054,617,1   503,585,9,3352,4160,347,2   991,253,27,3385,5933,1042,1   236,534,13,3858,4586,502,1   1027,793,24,1162,3078,926,4   1206,221,6,903,1349,232,3   1774,556,7,5226,5928,270,3   500,471,22,2295,3551,849,2   220,533,17,3129,4423,656,3   270,402,22,1776,2944,849,1   370,540,17,4138,5698,656,1   248,532,7,2773,3461,270,2   1473,452,19,5071,6197,733,4   1005,700,6,5056,5374,232,2   1218,251,4,2384,2788,154,5   1461,480,29,3662,6074,1119,4   729,658,4,1705,1945,154,5   1377,537,25,4187,6507,965,2   1747,396,8,6718,7234,309,1   524,662,7,3396,4234,270,1   490,273,19,981,2811,733,2   217,544,6,4762,5252,232,2   445,318,24,2701,3971,926,2   1401,748,23,937,2497,888,4   858,647,16,4930,6906,617,3   1700,356,25,1523,3297,965,5   1207,342,12,5256,6248,463,3   924,339,5,2376,2828,193,1   1074,619,25,660,2884,965,1   1391,295,26,4006,6102,1003,2   789,284,18,4410,6214,695,1   884,539,16,5323,6453,617,3   277,552,23,4166,5996,888,2   1234,712,29,4740,6826,1119,3   1048,910,5,1212,1610,193,2   1718,576,27,4392,6182,1042,2   629,161,16,4276,5178,617,4   363,216,5,2944,3302,193,5   1205,170,29,4453,7011,1119,1   993,642,8,6670,7412,309,1   1381,476,7,7051,7509,270,3   1648,835,20,4106,5224,772,3   1243,138,19,3014,4392,733,1
!----------------------------------------------------------------
!Recharge stations: x,y
300,0   1982,476   985,805   1474,624   1117,188   470,426   1269,663   687,469   521,365   1752,431   808,433   718,386   674,489   539,450   698,349   1401,422   1427,512   467,422   1207,579   91,480   1482,486   1531,472   1263,685   1496,216   586,610

g inverse recharge rate 0.44
