!----------------------------------------------------------------
!Stores: (first: depot x,y; then: satellites x,y,maxCap)
300,0   14,516,1000   900,857,1000   226,729,1000   1523,387,1000
!----------------------------------------------------------------
!Trucks: (total#, cap, cost/dist, fixcost)
3,202,1,135   3,303,1,165
!----------------------------------------------------------------
!CityFreighters: (max cf/sat, total#, cap, cost/dist, fixcost, maxCharge, energyConsumption)
5,5,101,1,72,1215,1   5,5,151,1,88,1815,1
!----------------------------------------------------------------
!Customers: (x, y, demand, readyTime, dueDate, serviceTime, penalizationCost)
1319,462,5,5696,6204,231,2   1081,616,7,7189,7839,324,5   450,560,7,6251,6973,324,4   744,686,25,1894,3742,1156,2   227,439,18,4162,5918,833,2   1544,529,20,5348,7342,925,4   1075,473,18,6353,8051,833,1   1297,233,19,3709,5805,879,5   904,687,29,247,3135,1341,3   643,611,27,2855,5781,1249,2   1565,665,29,659,3619,1341,1   1065,333,29,4281,7289,1341,1   1500,324,11,5343,6221,509,2   1432,354,22,0,2120,1018,2   853,713,19,2618,4316,879,3   302,509,13,896,2464,601,3   1286,463,28,2956,6714,1295,5   981,764,6,1021,1609,278,4   211,508,22,2519,4643,1018,5   1151,357,4,4317,4639,185,5   780,320,5,1403,1659,231,1   1193,762,21,3250,5696,971,3   1067,379,8,3104,3474,370,5   282,420,18,2094,4418,833,2   469,601,3,6342,6454,139,4   1506,342,19,6338,7992,879,2   1686,616,7,5739,6545,324,4   1629,594,7,1953,2873,324,5   1703,469,9,3633,4357,416,3   1456,503,7,5974,6666,324,1   1129,307,8,4506,5192,370,5   1160,338,15,5356,6756,694,3   361,615,15,5308,7386,694,5   1119,208,16,5593,7285,740,1   412,308,11,5253,6015,509,3   1528,661,5,829,1295,231,3   1697,511,18,5217,6807,833,3   1184,516,3,3190,3414,139,5   1284,408,22,4914,7076,1018,1   1645,510,27,1080,2704,1249,5   1502,365,9,4342,4892,416,5   200,285,12,1743,3109,555,1   1168,618,5,4786,5382,231,1   1228,143,27,4706,6452,1249,5   887,54,19,1653,3245,879,4   934,389,18,5336,6642,833,4   118,716,4,1742,1994,185,3   1557,122,26,4502,6226,1203,1   1865,539,5,6457,6935,231,5   0,500,7,1730,2262,324,3
!----------------------------------------------------------------
!Recharge stations: x,y
300,0   14,516   900,857   226,729   1523,387   1473,232   516,325   1556,602   321,460   1133,641   162,451   212,453   1307,759   289,677   766,685   600,305   832,269   336,217   247,557   405,277   1381,107   1851,680   1374,251   806,514   199,418

g inverse recharge rate 0.5
