!----------------------------------------------------------------
!Stores: (first: depot x,y; then: satellites x,y,maxCap)
300,0   1680,198,1000   1105,702,1000   1469,679,1000   967,345,1000
!----------------------------------------------------------------
!Trucks: (total#, cap, cost/dist, fixcost)
3,202,1,135   3,303,1,165
!----------------------------------------------------------------
!CityFreighters: (max cf/sat, total#, cap, cost/dist, fixcost, maxCharge, energyConsumption)
5,5,101,1,72,972,1   5,5,151,1,88,1452,1
!----------------------------------------------------------------
!Customers: (x, y, demand, readyTime, dueDate, serviceTime, penalizationCost)
802,540,20,1077,2447,591,4   1641,343,5,5501,5749,148,3   1184,667,26,3366,4764,769,1   942,312,28,1043,2215,828,2   1136,426,11,4951,5583,325,2   1212,394,11,3688,4324,325,5   962,605,16,3878,4460,473,2   463,582,13,1867,2699,384,3   491,462,25,2720,4366,739,4   675,621,26,88,1458,769,5   1505,436,12,2578,3494,355,1   1719,382,10,704,1314,296,1   378,359,25,3525,4641,739,4   843,452,14,2374,3244,414,5   625,721,19,1388,2506,562,3   1634,400,25,3383,5443,739,2   1057,607,29,0,1698,857,1   768,507,10,580,1136,296,1   1543,611,14,1218,1886,414,5   685,382,10,4130,4462,296,5   1027,322,17,2555,3283,503,1   816,578,7,5519,5987,207,5   727,698,8,3503,4045,237,3   1301,421,18,3353,4237,532,3   358,485,13,2925,3569,384,4   1767,538,18,3347,4309,532,1   310,555,15,2254,2810,443,1   693,574,18,1009,2109,532,2   878,305,18,278,1524,532,3   976,524,23,139,1251,680,5   920,554,13,887,1625,384,2   1291,546,23,1302,2698,680,5   799,506,10,2763,3237,296,2   890,602,24,701,2147,710,4   1746,558,19,4281,5491,562,4   1331,642,25,4683,6285,739,5   1567,456,27,4332,6222,798,4   1295,261,18,362,1332,532,4   1304,310,5,4861,5079,148,1   681,714,14,3218,3476,414,2   809,607,16,2677,3387,473,3   725,388,8,4851,5253,237,4   103,632,4,2515,2769,118,5   1090,56,29,1192,2744,857,3   1906,663,25,2142,3512,739,1   408,559,23,4128,5340,680,2   387,541,25,3200,4706,739,4   138,358,12,4834,5342,355,1   1414,489,25,3231,5349,739,3   1645,614,3,3811,4031,89,1
!----------------------------------------------------------------
!Recharge stations: x,y
300,0   1680,198   1105,702   1469,679   967,345   326,462   761,296   1152,234   351,436   675,802   1276,477   613,572   1479,418   544,246   1956,463   1135,317   504,633   604,809   1822,438   1035,378   916,153   270,616   1055,810   195,555   944,722

g inverse recharge rate 0.46
