!----------------------------------------------------------------
!Stores: (first: depot x,y; then: satellites x,y,maxCap)
300,0   1002,917,1000   103,601,1000   426,696,1000   614,98,1000
!----------------------------------------------------------------
!Trucks: (total#, cap, cost/dist, fixcost)
3,202,1,135   3,303,1,165
!----------------------------------------------------------------
!CityFreighters: (max cf/sat, total#, cap, cost/dist, fixcost, maxCharge, energyConsumption)
5,5,101,1,72,1215,1   5,5,151,1,88,1815,1
!----------------------------------------------------------------
!Customers: (x, y, demand, readyTime, dueDate, serviceTime, penalizationCost)
1347,608,18,3931,5171,772,5   411,612,7,2205,2855,300,2   852,558,4,3258,3670,172,2   953,749,6,4837,5359,257,4   1328,600,27,1173,3051,1159,5   1203,628,12,5677,6393,515,3   1401,354,21,5168,6876,901,4   1587,324,13,5854,6854,558,2   1522,633,5,2065,2581,215,2   1253,424,10,5757,6627,429,2   1024,672,8,7430,8404,343,2   1337,743,13,3241,4485,558,2   940,357,5,3972,4410,215,2   1311,642,16,4006,5536,687,2   1695,558,28,4137,6553,1202,1   585,586,19,6738,8756,815,1   1061,582,14,6265,7731,601,5   940,546,5,1585,1987,215,5   1386,509,26,4201,6203,1116,3   510,434,26,4360,6674,1116,4   1343,701,4,5720,6054,172,3   1721,609,23,5470,7358,987,1   1493,580,10,6048,6854,429,2   918,642,29,1336,4530,1244,1   320,576,23,1489,3993,987,5   851,720,19,4531,6301,815,4   437,347,18,2313,3855,772,1   1773,549,8,3676,4346,343,5   587,656,18,2453,3755,772,2   1318,469,25,5390,7476,1073,3   1086,232,6,4362,4840,257,1   959,214,19,4731,5947,815,5   359,442,5,2867,3393,215,1   702,558,21,1179,3265,901,4   1732,412,22,1591,4023,944,3   809,732,25,2419,3689,1073,3   1590,695,8,6640,7194,343,5   649,476,11,2078,3064,472,3   1725,509,24,4715,6953,1030,2   552,397,18,1641,3395,772,2   1414,63,24,55,2493,1030,5   1994,533,3,4840,5112,129,3   453,407,9,7135,8039,386,5   1327,714,27,2411,4269,1159,4   1354,537,18,202,2222,772,5   1919,563,3,3819,4073,129,4   416,212,17,2629,4553,729,1   1372,201,23,6135,7879,987,1   1665,798,28,4358,6944,1202,4   1051,387,24,5473,7031,1030,5
!----------------------------------------------------------------
!Recharge stations: x,y
300,0   1002,917   103,601   426,696   614,98   1498,536   1333,640   1301,579   1751,599   1842,499   1007,805   1591,542   917,770   1495,365   101,677   925,760   1295,746   499,651   511,538   1266,703   804,818   170,509   979,253   171,427   253,647

g inverse recharge rate 0.5
