!----------------------------------------------------------------
!Stores: (first: depot x,y; then: satellites x,y,maxCap)
300,0   14,516,1000   900,857,1000   226,729,1000   1523,387,1000
!----------------------------------------------------------------
!Trucks: (total#, cap, cost/dist, fixcost)
3,202,1,135   3,303,1,165
!----------------------------------------------------------------
!CityFreighters: (max cf/sat, total#, cap, cost/dist, fixcost, maxCharge, energyConsumption)
5,5,101,1,72,729,1   5,5,151,1,88,1089,1
!----------------------------------------------------------------
!Customers: (x, y, demand, readyTime, dueDate, serviceTime, penalizationCost)
1319,462,5,3557,3963,231,5   1081,616,7,6988,7742,324,2   450,560,7,540,1086,324,2   744,686,25,2565,4807,1156,3   227,439,18,5816,7286,833,4   1544,529,20,848,2870,925,3   1075,473,18,4139,5361,833,3   1297,233,19,3374,4984,879,1   904,687,29,4087,5571,1341,2   643,611,27,4070,7086,1249,2   1565,665,29,0,3244,1341,2   1065,333,29,3356,6076,1341,2   1500,324,11,5647,6667,509,1   1432,354,22,1474,3808,1018,4   853,713,19,3167,5069,879,4   302,509,13,6813,7743,601,2   1286,463,28,5390,8358,1295,2   981,764,6,3785,4247,278,2   211,508,22,845,2315,1018,5   1151,357,4,4185,4585,185,3   780,320,5,3337,3821,231,2   1193,762,21,764,2390,971,2   1067,379,8,5624,6390,370,1   282,420,18,3006,4452,833,5   469,601,3,7162,7462,139,5   1506,342,19,1581,3183,879,5   1686,616,7,921,1367,324,3   1629,594,7,6137,6611,324,5   1703,469,9,4513,5337,416,2   1456,503,7,1408,2158,324,5   1129,307,8,3200,4208,370,2   1160,338,15,1532,2646,694,1   361,615,15,5704,6950,694,3   1119,208,16,3404,4982,740,4   412,308,11,3254,4468,509,3   1528,661,5,6945,7579,231,4   1697,511,18,3239,4949,833,5   1184,516,3,4655,4861,139,1   1284,408,22,3834,5680,1018,4   1645,510,27,3164,5040,1249,1   1502,365,9,3733,4567,416,4   200,285,12,796,2340,555,2   1168,618,5,7587,8041,231,5   1228,143,27,4661,6825,1249,5   887,54,19,2208,3564,879,1   934,389,18,5301,7075,833,4   118,716,4,2931,3215,185,1   1557,122,26,5237,7473,1203,1   1865,539,5,3371,3801,231,4   0,500,7,3264,3972,324,3
!----------------------------------------------------------------
!Recharge stations: x,y
300,0   14,516   900,857   226,729   1523,387   1473,232   516,325   1556,602   321,460   1133,641   162,451   212,453   1307,759   289,677   766,685   600,305   832,269   336,217   247,557   405,277   1381,107   1851,680   1374,251   806,514   199,418

g inverse recharge rate 0.83
