!----------------------------------------------------------------
!Stores: (first: depot x,y; then: satellites x,y,maxCap)
300,0   202,728,1000   890,151,1000   513,786,1000   1784,582,1000
!----------------------------------------------------------------
!Trucks: (total#, cap, cost/dist, fixcost)
3,202,1,135   3,303,1,165
!----------------------------------------------------------------
!CityFreighters: (max cf/sat, total#, cap, cost/dist, fixcost, maxCharge, energyConsumption)
5,5,101,1,72,1053,1   5,5,151,1,88,1573,1
!----------------------------------------------------------------
!Customers: (x, y, demand, readyTime, dueDate, serviceTime, penalizationCost)
1750,415,9,4622,5314,325,2   841,486,16,5879,6945,577,4   899,411,18,5164,6220,650,5   388,556,12,1048,1706,433,3   393,583,29,1220,3106,1046,2   839,230,24,5227,7201,866,1   643,498,20,5128,6164,722,3   337,493,29,1065,3261,1046,1   999,763,12,4853,5953,433,3   1500,311,15,5813,6827,541,2   963,247,4,3243,3553,144,2   798,280,29,5561,7043,1046,4   577,520,6,5609,6305,217,1   1797,503,9,5971,6501,325,4   677,431,16,3284,4046,577,5   824,704,7,6043,6667,253,3   459,457,24,782,2258,866,3   1114,683,29,3116,5414,1046,4   619,594,18,1577,3137,650,5   1160,259,7,1382,1834,253,5   1047,255,26,4033,6421,938,5   343,365,6,3016,3320,217,3   441,433,9,6544,7220,325,1   473,433,12,2455,3351,433,3   407,687,26,5784,7260,938,4   790,432,16,201,1387,577,2   1297,414,19,3823,5093,686,1   405,375,3,4483,4691,108,3   1439,389,25,2989,4517,902,3   594,417,9,2414,2870,325,1   341,609,23,3635,4619,830,5   775,660,11,2989,3741,397,4   352,634,22,4997,7131,794,1   357,638,10,3894,4602,361,4   1159,427,3,1178,1496,108,5   281,607,27,4087,5927,974,3   1068,421,25,4289,6197,902,5   905,634,14,372,1658,505,3   1419,319,20,2816,4034,722,5   1686,485,28,4829,6501,1010,5   944,857,27,3943,5523,974,3   1666,342,10,2676,3288,361,1   1434,829,9,4126,4784,325,5   1057,640,13,475,1457,469,4   364,687,25,3513,5047,902,3   409,496,20,2454,3724,722,2   1720,468,29,1418,3606,1046,2   1379,702,24,3725,5337,866,3   1772,212,16,4419,5509,577,2   1585,896,7,2893,3541,253,4
!----------------------------------------------------------------
!Recharge stations: x,y
300,0   202,728   890,151   513,786   1784,582   448,468   986,218   351,644   341,622   717,273   826,244   365,552   746,715   636,773   1015,235   1683,331   143,585   1643,462   660,516   260,418   461,471   450,654   1756,444   260,623   1744,579

g inverse recharge rate 0.52
