!----------------------------------------------------------------
!Stores: (first: depot x,y; then: satellites x,y,maxCap)
300,0   1301,770,1000   254,805,1000   1042,125,1000   1949,604,1000
!----------------------------------------------------------------
!Trucks: (total#, cap, cost/dist, fixcost)
3,202,1,135   3,303,1,165
!----------------------------------------------------------------
!CityFreighters: (max cf/sat, total#, cap, cost/dist, fixcost, maxCharge, energyConsumption)
5,5,101,1,72,1134,1   5,5,151,1,88,1694,1
!----------------------------------------------------------------
!Customers: (x, y, demand, readyTime, dueDate, serviceTime, penalizationCost)
629,336,12,4583,5627,496,2   460,387,11,5496,6552,455,4   1688,429,16,4192,5398,662,2   1449,542,25,609,2565,1034,3   1029,651,18,6040,7666,745,5   747,647,19,4559,5821,786,2   944,670,19,2007,3093,786,5   459,321,9,2092,2708,372,2   748,672,13,4151,5087,538,4   1734,562,20,2575,4177,827,4   1006,523,10,3902,4652,414,4   1115,344,26,1851,3227,1075,2   525,572,20,1404,2386,827,2   1099,637,15,2544,3768,620,4   1733,426,29,3721,5965,1200,5   1239,422,13,6541,7589,538,5   1582,312,21,5,1875,869,4   1221,729,21,5657,7485,869,1   649,668,28,185,2751,1158,4   1435,250,6,4428,5016,248,3   371,320,9,4802,5794,372,3   610,490,11,745,1767,455,3   752,225,18,4824,6652,745,2   1763,453,14,377,1651,579,2   865,652,6,2904,3248,248,4   749,601,9,5329,6311,372,1   397,456,7,3350,3910,290,4   716,621,10,6792,7244,414,3   1500,608,12,2971,4015,496,4   851,771,22,419,1895,910,1   1686,622,13,3706,4588,538,3   1555,455,11,1361,2401,455,3   680,485,6,1128,1510,248,3   1377,463,6,1984,2424,248,4   1630,501,6,2935,3507,248,4   1619,511,20,1032,2644,827,5   1578,620,11,3394,4266,455,5   387,409,15,4334,5792,620,4   859,326,16,6190,7518,662,5   586,446,8,6643,7149,331,4   1582,357,9,6497,7117,372,1   814,501,29,2669,4677,1200,1   1113,156,28,1897,2705,1158,1   1276,752,24,5322,8026,993,5   1706,620,19,2526,3984,786,3   1741,645,14,1020,2084,579,1   1451,629,15,6207,7445,620,1   1925,391,14,3242,4282,579,2   1433,513,6,3363,3919,248,1   1047,330,18,3901,5065,745,3
!----------------------------------------------------------------
!Recharge stations: x,y
300,0   1301,770   254,805   1042,125   1949,604   786,558   961,757   592,546   1796,454   1828,482   282,366   306,487   1226,891   1253,280   420,427   1251,482   1168,320   1721,411   990,186   1576,561   495,385   1383,371   615,242   587,320   238,365

g inverse recharge rate 0.49
