!----------------------------------------------------------------
!Stores: (first: depot x,y; then: satellites x,y,maxCap)
300,0   19,412,1000   1569,459,1000   942,291,1000   915,886,1000
!----------------------------------------------------------------
!Trucks: (total#, cap, cost/dist, fixcost)
3,202,1,135   3,303,1,165
!----------------------------------------------------------------
!CityFreighters: (max cf/sat, total#, cap, cost/dist, fixcost, maxCharge, energyConsumption)
5,5,101,1,72,1053,1   5,5,151,1,88,1573,1
!----------------------------------------------------------------
!Customers: (x, y, demand, readyTime, dueDate, serviceTime, penalizationCost)
351,600,3,2663,2847,99,1   1478,561,13,5004,5906,429,2   343,526,13,2921,3713,429,5   1430,715,15,5458,6568,495,2   1180,363,24,479,2181,793,1   1694,455,24,1479,3037,793,3   729,716,24,2775,4231,793,3   1431,751,7,1195,1805,231,1   1121,679,13,5312,6224,429,4   1730,487,7,5561,6057,231,4   1011,611,13,3988,4542,429,1   936,759,3,2241,2489,99,1   566,574,25,2296,4586,826,2   1375,345,29,2828,4770,958,1   1404,295,8,473,965,264,4   1157,552,18,1696,3084,594,3   1088,740,15,563,1781,495,4   1156,345,28,2834,4278,925,2   297,560,11,6195,7007,363,2   335,368,23,2504,4212,760,3   455,416,20,591,1811,661,4   1569,399,25,2920,4900,826,1   1106,454,25,2081,3733,826,3   1026,309,25,2161,3781,826,2   1712,607,26,473,2599,859,3   1667,468,18,4489,4973,594,4   1326,541,21,2797,4021,694,3   446,474,16,3586,4866,528,2   1027,276,15,1299,2237,495,1   601,343,28,4877,6903,925,3   1234,725,12,5514,6618,396,1   577,344,24,4067,5225,793,4   997,505,28,789,2361,925,4   689,655,11,6126,6928,363,1   820,475,7,1192,1886,231,3   1386,363,12,1063,1669,396,2   1374,619,28,4948,7370,925,5   634,766,17,910,2256,561,4   1069,762,11,3177,4037,363,4   1463,514,9,2799,3219,297,2   380,752,20,2587,4251,661,4   267,433,22,4302,5478,727,5   697,595,6,795,1109,198,1   367,732,27,2555,4165,892,1   757,20,16,1130,1996,528,5   289,398,16,767,2293,528,1   1696,780,24,5081,6775,793,3   1568,507,9,1874,2454,297,4   728,52,28,2315,4487,925,2   708,701,21,3688,4990,694,2
!----------------------------------------------------------------
!Recharge stations: x,y
300,0   19,412   1569,459   942,291   915,886   472,502   1451,479   700,699   1437,418   1166,164   1531,323   568,226   1411,440   1451,451   320,860   1059,540   864,669   1521,408   1604,357   1541,246   1630,431   1036,722   761,47   868,333   249,687

g inverse recharge rate 0.49
