!----------------------------------------------------------------
!Stores: (first: depot x,y; then: satellites x,y,maxCap)
300,0   1056,693,1000   103,661,1000   114,485,1000   1304,808,1000
!----------------------------------------------------------------
!Trucks: (total#, cap, cost/dist, fixcost)
3,202,1,135   3,303,1,165
!----------------------------------------------------------------
!CityFreighters: (max cf/sat, total#, cap, cost/dist, fixcost, maxCharge, energyConsumption)
5,5,101,1,72,1296,1   5,5,151,1,88,1936,1
!----------------------------------------------------------------
!Customers: (x, y, demand, readyTime, dueDate, serviceTime, penalizationCost)
1163,500,29,2368,5282,1042,2   1367,493,17,3807,4927,611,5   1485,607,26,4565,6565,934,3   1714,389,16,5352,6326,575,2   1141,670,10,5414,6522,359,3   342,564,29,1188,3824,1042,5   881,394,10,6250,6900,359,5   363,652,13,6201,6849,467,3   1144,739,20,3638,5506,719,2   262,395,5,1897,2083,180,2   1289,387,5,4321,4625,180,3   1060,256,28,1186,2508,1006,3   1137,712,4,6073,6373,144,1   877,554,6,1881,2403,216,5   387,602,17,2471,3903,611,5   499,280,28,2456,3832,1006,2   735,489,9,383,1121,323,1   1138,223,5,6637,6845,180,1   1773,517,24,598,2746,862,1   463,646,22,3649,5513,791,1   225,513,28,2532,4764,1006,2   987,328,14,2365,3275,503,1   1718,618,10,869,1497,359,1   527,297,15,4547,5205,539,2   1653,580,26,2245,3673,934,4   847,769,3,2537,2749,108,4   429,548,20,702,1958,719,1   745,448,19,1121,2567,683,5   1593,500,3,5097,5347,108,1   469,718,18,4196,5174,647,4   1343,759,21,4095,5477,755,3   1460,507,4,6511,6765,144,3   1261,735,24,1623,3507,862,3   722,686,29,431,1859,1042,5   1404,478,14,5315,6315,503,3   677,632,22,2311,3807,791,4   1007,383,4,702,980,144,3   461,675,26,550,1688,934,4   1362,527,13,1499,2485,467,5   980,486,3,5862,6138,108,3   644,679,20,4342,5912,719,2   406,154,21,2599,3741,755,1   1111,292,15,752,1810,539,5   367,807,6,5928,6448,216,4   285,608,27,5264,6822,970,2   849,557,29,1767,3949,1042,4   394,411,29,6,2066,1042,5   637,836,17,2702,3508,611,4   462,155,6,3957,4261,216,4   334,751,11,2435,3601,395,1
!----------------------------------------------------------------
!Recharge stations: x,y
300,0   1056,693   103,661   114,485   1304,808   1615,737   1344,598   1012,905   103,417   1523,354   1299,814   158,541   567,722   1701,635   976,253   845,391   1608,700   459,496   1691,557   973,187   558,529   701,686   1708,812   514,389   271,327

g inverse recharge rate 0.41
