!----------------------------------------------------------------
!Stores: (first: depot x,y; then: satellites x,y,maxCap)
300,0   1301,770,1000   254,805,1000   1042,125,1000   1949,604,1000
!----------------------------------------------------------------
!Trucks: (total#, cap, cost/dist, fixcost)
3,202,1,135   3,303,1,165
!----------------------------------------------------------------
!CityFreighters: (max cf/sat, total#, cap, cost/dist, fixcost, maxCharge, energyConsumption)
5,5,101,1,72,1377,1   5,5,151,1,88,2057,1
!----------------------------------------------------------------
!Customers: (x, y, demand, readyTime, dueDate, serviceTime, penalizationCost)
629,336,12,4087,5133,496,2   460,387,11,901,1793,455,4   1688,429,16,2494,4066,662,2   1449,542,25,3539,5335,1034,1   1029,651,18,0,1625,745,3   747,647,19,2967,4893,786,5   944,670,19,563,2003,786,5   459,321,9,2565,3217,372,2   748,672,13,2454,3750,538,5   1734,562,20,4530,6774,827,1   1006,523,10,4105,5051,414,3   1115,344,26,1310,3484,1075,3   525,572,20,4733,6861,827,3   1099,637,15,5075,6031,620,2   1733,426,29,2591,5475,1200,3   1239,422,13,1838,3188,538,3   1582,312,21,5559,7541,869,1   1221,729,21,4734,6284,869,5   649,668,28,3630,5256,1158,4   1435,250,6,6788,7254,248,4   371,320,9,2669,3411,372,2   610,490,11,5961,7037,455,4   752,225,18,5915,6949,745,5   1763,453,14,6375,7133,579,2   865,652,6,5198,5758,248,4   749,601,9,4844,5730,372,1   397,456,7,4556,5130,290,4   716,621,10,1357,2103,414,3   1500,608,12,5126,6382,496,3   851,771,22,4841,7055,910,5   1686,622,13,1813,2997,538,4   1555,455,11,1971,3085,455,2   680,485,6,6313,6713,248,5   1377,463,6,2102,2560,248,1   1630,501,6,5332,5792,248,4   1619,511,20,4103,5405,827,4   1578,620,11,5518,6248,455,4   387,409,15,4546,6170,620,5   859,326,16,4499,6223,662,5   586,446,8,1154,2048,331,4   1582,357,9,2751,3389,372,5   814,501,29,585,2879,1200,1   1113,156,28,70,1880,1158,3   1276,752,24,2836,4386,993,1   1706,620,19,859,2033,786,1   1741,645,14,6144,7398,579,2   1451,629,15,4537,5771,620,2   1925,391,14,1316,2552,579,5   1433,513,6,6178,6584,248,5   1047,330,18,297,1179,745,1
!----------------------------------------------------------------
!Recharge stations: x,y
300,0   1301,770   254,805   1042,125   1949,604   786,558   961,757   592,546   1796,454   1828,482   282,366   306,487   1226,891   1253,280   420,427   1251,482   1168,320   1721,411   990,186   1576,561   495,385   1383,371   615,242   587,320   238,365

g inverse recharge rate 0.41
