!----------------------------------------------------------------
!Stores: (first: depot x,y; then: satellites x,y,maxCap)
300,0   1104,923,1000   265,570,1000   1281,290,1000   997,241,1000
!----------------------------------------------------------------
!Trucks: (total#, cap, cost/dist, fixcost)
3,202,1,135   3,303,1,165
!----------------------------------------------------------------
!CityFreighters: (max cf/sat, total#, cap, cost/dist, fixcost, maxCharge, energyConsumption)
5,5,101,1,72,972,1   5,5,151,1,88,1452,1
!----------------------------------------------------------------
!Customers: (x, y, demand, readyTime, dueDate, serviceTime, penalizationCost)
1080,593,8,5925,6529,272,1   1753,528,17,4372,5690,578,4   445,400,22,3090,4550,748,4   812,373,17,3306,4462,578,1   1472,533,8,3352,3894,272,5   533,449,11,1891,2709,374,5   1500,396,28,943,2633,951,3   783,520,8,1147,1791,272,5   447,670,25,3072,4748,849,5   1673,643,11,3779,4615,374,1   295,397,24,3757,5199,815,3   674,443,18,2982,4556,612,4   293,545,25,39,1879,849,3   941,487,4,6400,6568,136,1   1501,317,16,5323,6299,544,4   1263,474,8,3491,4043,272,1   1796,478,13,3621,4651,442,3   219,495,6,4756,5226,204,3   352,509,19,4996,6032,646,3   1628,651,7,541,1179,238,2   1419,708,29,329,1763,985,3   1547,410,3,5563,5691,102,1   688,719,13,4752,5540,442,4   244,550,27,0,2013,917,2   1548,575,8,5725,6365,272,4   1494,578,22,3574,4558,748,5   1582,371,13,2267,3213,442,3   1183,560,28,4518,5730,951,2   1142,241,24,1440,3230,815,5   1203,670,19,5514,6602,646,5   1177,440,12,5164,5596,408,1   549,720,22,643,2019,748,5   1499,389,22,4365,6465,748,4   1019,209,10,5713,6499,340,2   1299,607,28,3257,4881,951,5   1198,224,16,2972,4080,544,4   1770,470,19,3369,4659,646,5   1127,515,22,1568,2810,748,4   603,584,8,3104,3628,272,5   1027,603,15,1521,2471,510,5   1772,355,3,4463,4699,102,4   744,204,11,416,890,374,2   1723,488,5,4766,5138,170,4   933,674,23,2351,3529,781,3   1154,645,17,4773,5945,578,1   1093,727,27,3323,5449,917,5   1683,195,24,1936,3618,815,1   220,563,6,1158,1544,204,3   1524,784,22,4908,6558,748,2   1407,661,7,1403,1727,238,4
!----------------------------------------------------------------
!Recharge stations: x,y
300,0   1104,923   265,570   1281,290   997,241   1508,355   1486,550   368,875   1766,541   1717,671   1244,246   1438,333   1269,613   1833,520   535,532   1338,766   189,400   1131,503   554,230   374,386   1411,747   282,613   789,370   457,537   1796,516

g inverse recharge rate 0.5
