!----------------------------------------------------------------
!Stores: (first: depot x,y; then: satellites x,y,maxCap)
300,0   1056,693,1000   103,661,1000   114,485,1000   1304,808,1000
!----------------------------------------------------------------
!Trucks: (total#, cap, cost/dist, fixcost)
3,202,1,135   3,303,1,165
!----------------------------------------------------------------
!CityFreighters: (max cf/sat, total#, cap, cost/dist, fixcost, maxCharge, energyConsumption)
5,5,101,1,72,1215,1   5,5,151,1,88,1815,1
!----------------------------------------------------------------
!Customers: (x, y, demand, readyTime, dueDate, serviceTime, penalizationCost)
1163,500,29,132,2150,1042,4   1367,493,17,886,2004,611,4   1485,607,26,274,2384,934,5   1714,389,16,3679,4839,575,2   1141,670,10,1674,2474,359,5   342,564,29,1490,3490,1042,2   881,394,10,1538,2006,359,4   363,652,13,3109,3991,467,4   1144,739,20,5524,7234,719,1   262,395,5,5190,5524,180,1   1289,387,5,6482,6954,180,3   1060,256,28,4526,6112,1006,5   1137,712,4,3942,4170,144,3   877,554,6,2021,2545,216,3   387,602,17,1343,2843,611,4   499,280,28,1504,3250,1006,4   735,489,9,2809,3281,323,2   1138,223,5,4400,4818,180,2   1773,517,24,497,2611,862,4   463,646,22,2027,3309,791,4   225,513,28,2874,4796,1006,1   987,328,14,659,1503,503,3   1718,618,10,5239,5915,359,4   527,297,15,5777,6481,539,1   1653,580,26,1994,3894,934,1   847,769,3,5202,5404,108,3   429,548,20,181,1577,719,4   745,448,19,2365,3613,683,3   1593,500,3,1984,2104,108,4   469,718,18,4186,5470,647,5   1343,759,21,5255,7363,755,5   1460,507,4,3240,3524,144,2   1261,735,24,3202,4374,862,3   722,686,29,2990,4320,1042,1   1404,478,14,2735,3999,503,3   677,632,22,2087,4007,791,3   1007,383,4,4641,4905,144,2   461,675,26,1559,3109,934,4   1362,527,13,1452,2528,467,1   980,486,3,2999,3267,108,4   644,679,20,3511,5147,719,3   406,154,21,1574,2502,755,3   1111,292,15,5621,6805,539,1   367,807,6,6805,7177,216,5   285,608,27,1026,2982,970,2   849,557,29,2161,4609,1042,2   394,411,29,3532,6216,1042,2   637,836,17,3945,5165,611,2   462,155,6,4304,4684,216,3   334,751,11,6370,7222,395,1
!----------------------------------------------------------------
!Recharge stations: x,y
300,0   1056,693   103,661   114,485   1304,808   1615,737   1344,598   1012,905   103,417   1523,354   1299,814   158,541   567,722   1701,635   976,253   845,391   1608,700   459,496   1691,557   973,187   558,529   701,686   1708,812   514,389   271,327

g inverse recharge rate 0.43
