!----------------------------------------------------------------
!Stores: (first: depot x,y; then: satellites x,y,maxCap)
300,0   1104,923,1000   265,570,1000   1281,290,1000   997,241,1000
!----------------------------------------------------------------
!Trucks: (total#, cap, cost/dist, fixcost)
3,202,1,135   3,303,1,165
!----------------------------------------------------------------
!CityFreighters: (max cf/sat, total#, cap, cost/dist, fixcost, maxCharge, energyConsumption)
5,5,101,1,72,729,1   5,5,151,1,88,1089,1
!----------------------------------------------------------------
!Customers: (x, y, demand, readyTime, dueDate, serviceTime, penalizationCost)
1080,593,8,2105,2801,272,2   1753,528,17,4076,5068,578,4   445,400,22,1865,3077,748,3   812,373,17,3571,4349,578,3   1472,533,8,1861,2199,272,1   533,449,11,2609,3571,374,2   1500,396,28,0,1999,951,4   783,520,8,2694,3328,272,4   447,670,25,4405,5875,849,3   1673,643,11,4536,5394,374,2   295,397,24,3196,4602,815,1   674,443,18,1210,2454,612,1   293,545,25,2495,4075,849,3   941,487,4,449,723,136,3   1501,317,16,1184,2454,544,4   1263,474,8,5203,5731,272,4   1796,478,13,3714,4480,442,5   219,495,6,5932,6372,204,3   352,509,19,5188,6506,646,2   1628,651,7,5636,6068,238,1   1419,708,29,4293,6145,985,1   1547,410,3,5420,5624,102,1   688,719,13,5545,6653,442,5   244,550,27,3142,4954,917,5   1548,575,8,5671,6369,272,1   1494,578,22,2960,4328,748,3   1582,371,13,3690,4658,442,3   1183,560,28,145,2563,951,3   1142,241,24,268,1654,815,1   1203,670,19,3564,4994,646,2   1177,440,12,4195,5351,408,4   549,720,22,4666,6012,748,3   1499,389,22,4975,6055,748,1   1019,209,10,5175,5945,340,4   1299,607,28,1981,3731,951,5   1198,224,16,2645,3929,544,1   1770,470,19,4841,6315,646,4   1127,515,22,66,1772,748,4   603,584,8,2282,2702,272,1   1027,603,15,3063,4335,510,1   1772,355,3,2963,3229,102,2   744,204,11,4431,5269,374,1   1723,488,5,753,1151,170,3   933,674,23,5,1821,781,5   1154,645,17,3781,5109,578,2   1093,727,27,801,2573,917,5   1683,195,24,2997,5575,815,3   220,563,6,3882,4304,204,4   1524,784,22,2319,4061,748,5   1407,661,7,3422,3962,238,5
!----------------------------------------------------------------
!Recharge stations: x,y
300,0   1104,923   265,570   1281,290   997,241   1508,355   1486,550   368,875   1766,541   1717,671   1244,246   1438,333   1269,613   1833,520   535,532   1338,766   189,400   1131,503   554,230   374,386   1411,747   282,613   789,370   457,537   1796,516

g inverse recharge rate 0.66
