!----------------------------------------------------------------
!Stores: (first: depot x,y; then: satellites x,y,maxCap)
300,0   19,412,1000   1569,459,1000   942,291,1000   915,886,1000
!----------------------------------------------------------------
!Trucks: (total#, cap, cost/dist, fixcost)
3,202,1,135   3,303,1,165
!----------------------------------------------------------------
!CityFreighters: (max cf/sat, total#, cap, cost/dist, fixcost, maxCharge, energyConsumption)
5,5,101,1,72,648,1   5,5,151,1,88,968,1
!----------------------------------------------------------------
!Customers: (x, y, demand, readyTime, dueDate, serviceTime, penalizationCost)
351,600,3,3516,3724,99,2   1478,561,13,5520,6214,429,1   343,526,13,1919,2793,429,3   1430,715,15,3804,4686,495,3   1180,363,24,4352,5516,793,1   1694,455,24,4013,5503,793,1   729,716,24,2872,4338,793,3   1431,751,7,3204,3406,231,1   1121,679,13,5521,6499,429,3   1730,487,7,3633,4163,231,5   1011,611,13,636,1400,429,3   936,759,3,1597,1789,99,5   566,574,25,4058,5466,826,1   1375,345,29,3595,4853,958,2   1404,295,8,6260,6922,264,4   1157,552,18,3678,4560,594,2   1088,740,15,2746,3770,495,1   1156,345,28,724,3326,925,1   297,560,11,4639,5527,363,5   335,368,23,1796,3594,760,1   455,416,20,1944,3152,661,2   1569,399,25,4022,6202,826,3   1106,454,25,2936,4514,826,1   1026,309,25,2586,4676,826,3   1712,607,26,318,2412,859,1   1667,468,18,5527,6299,594,4   1326,541,21,2804,4426,694,3   446,474,16,3799,4595,528,1   1027,276,15,5203,6147,495,3   601,343,28,915,1965,925,2   1234,725,12,3935,4807,396,3   577,344,24,1234,2806,793,1   997,505,28,3440,5658,925,4   689,655,11,2016,2768,363,4   820,475,7,5937,6393,231,2   1386,363,12,3328,4036,396,2   1374,619,28,958,2714,925,1   634,766,17,1404,2490,561,1   1069,762,11,360,1218,363,5   1463,514,9,1108,1606,297,1   380,752,20,3346,4266,661,1   267,433,22,4978,6356,727,5   697,595,6,3920,4244,198,2   367,732,27,2057,3903,892,1   757,20,16,5252,5988,528,2   289,398,16,2966,3782,528,5   1696,780,24,1838,3466,793,5   1568,507,9,5164,5978,297,3   728,52,28,2097,4249,925,2   708,701,21,3193,4485,694,4
!----------------------------------------------------------------
!Recharge stations: x,y
300,0   19,412   1569,459   942,291   915,886   472,502   1451,479   700,699   1437,418   1166,164   1531,323   568,226   1411,440   1451,451   320,860   1059,540   864,669   1521,408   1604,357   1541,246   1630,431   1036,722   761,47   868,333   249,687

g inverse recharge rate 0.8
