!----------------------------------------------------------------
!Stores: (first: depot x,y; then: satellites x,y,maxCap)
300,0   674,747,1000   1212,82,1000   1820,396,1000   146,610,1000
!----------------------------------------------------------------
!Trucks: (total#, cap, cost/dist, fixcost)
3,202,1,135   3,303,1,165
!----------------------------------------------------------------
!CityFreighters: (max cf/sat, total#, cap, cost/dist, fixcost, maxCharge, energyConsumption)
5,5,101,1,72,648,1   5,5,151,1,88,968,1
!----------------------------------------------------------------
!Customers: (x, y, demand, readyTime, dueDate, serviceTime, penalizationCost)
780,646,22,2936,4698,802,2   711,230,24,0,1762,874,3   573,491,16,5944,7166,583,1   466,713,9,3572,4326,328,2   580,515,15,454,1536,547,5   785,684,29,2571,5287,1057,2   1798,482,16,2444,3548,583,5   1254,401,11,5115,5817,401,1   1267,503,24,647,1869,874,3   1692,387,19,1506,2640,692,5   1346,517,24,1644,3662,874,2   1640,434,7,5434,5950,255,5   952,712,29,3610,5796,1057,2   300,610,19,1427,2471,692,4   735,309,5,5219,5731,182,5   1201,417,19,5656,7248,692,4   912,561,22,683,2605,802,5   682,725,16,5774,6860,583,4   556,373,21,1203,2773,765,5   437,502,15,6041,7309,547,5   1244,258,8,6906,7512,291,5   346,373,24,3126,4876,874,2   1686,512,24,4770,6724,874,3   1612,372,12,670,1712,437,4   1369,252,28,5173,6745,1020,5   869,647,3,5911,6103,109,3   1517,668,12,3374,4136,437,2   875,666,6,1506,1906,219,4   421,332,19,1221,2463,692,1   1487,492,10,5676,6286,364,3   734,421,8,1827,2313,291,5   555,624,25,4117,6003,911,2   1791,481,20,1303,2459,729,1   1089,427,3,2358,2540,109,4   1529,435,24,2077,3619,874,1   320,416,21,1834,3132,765,1   1670,625,8,2549,3121,291,2   512,609,22,1162,2664,802,2   1644,378,28,3657,5389,1020,3   1538,497,23,974,2682,838,3   1697,615,20,4979,6461,729,1   106,330,22,5878,7170,802,2   1565,227,18,5207,6641,656,4   607,835,17,4710,5878,619,1   1837,538,13,4167,5297,474,3   1511,654,22,2167,3481,802,3   988,57,7,1494,1946,255,3   1437,655,29,722,2830,1057,3   833,230,18,1157,2657,656,2   741,20,25,984,2868,911,4
!----------------------------------------------------------------
!Recharge stations: x,y
300,0   674,747   1212,82   1820,396   146,610   594,208   900,186   1024,417   1145,426   1792,477   576,776   239,630   1713,323   1471,501   1667,668   355,687   236,202   588,459   1324,526   153,521   239,502   1273,594   965,466   350,401   1270,734

g inverse recharge rate 0.88
