!----------------------------------------------------------------
!Stores: (first: depot x,y; then: satellites x,y,maxCap)
300,0   1659,775,1000   808,901,1000   1591,509,1000   392,464,1000
!----------------------------------------------------------------
!Trucks: (total#, cap, cost/dist, fixcost)
3,202,1,135   3,303,1,165
!----------------------------------------------------------------
!CityFreighters: (max cf/sat, total#, cap, cost/dist, fixcost, maxCharge, energyConsumption)
5,5,101,1,72,1377,1   5,5,151,1,88,2057,1
!----------------------------------------------------------------
!Customers: (x, y, demand, readyTime, dueDate, serviceTime, penalizationCost)
792,282,11,4488,5102,383,4   1380,598,3,3499,3717,104,3   618,441,29,4682,6312,1009,4   1553,584,13,1142,1882,452,4   998,533,4,4525,4829,139,2   1244,774,6,4436,4890,209,1   884,770,19,4114,5340,661,1   1080,404,6,1964,2354,209,3   481,409,16,774,2212,557,4   664,358,29,2112,3948,1009,4   1498,576,26,98,2264,905,2   1652,651,22,3820,5168,765,3   622,687,23,11,1479,800,3   900,495,19,5332,6598,661,1   719,221,10,2690,3404,348,3   579,264,11,3860,4458,383,1   1361,307,10,5551,5947,348,2   365,366,21,2065,3365,731,1   1258,562,20,5568,6912,696,2   1600,540,13,2599,3423,452,5   560,562,15,4557,5785,522,2   382,682,14,1241,2127,487,1   1757,481,28,3291,5789,974,1   1129,555,13,4001,5041,452,4   1358,384,14,5936,6922,487,4   1222,388,22,2736,3942,765,3   447,529,25,5091,7243,870,4   986,327,10,5292,6016,348,1   1488,332,16,4034,4902,557,3   303,614,7,4313,4887,244,3   322,547,6,2822,3096,209,2   1167,396,19,4946,5870,661,1   1210,425,22,614,2550,765,4   1031,395,23,3213,4911,800,3   829,439,14,2620,3710,487,3   1062,223,29,3362,5552,1009,4   1714,373,20,30,1686,696,4   1083,289,6,6501,6953,209,5   675,307,9,6161,6957,313,5   985,532,12,6468,7032,418,2   1507,186,27,1834,3556,939,5   1645,498,21,3654,4970,731,3   560,830,29,4575,7175,1009,5   46,552,28,784,2996,974,2   98,507,12,5401,6347,418,5   1372,399,23,49,1837,800,3   202,283,18,4269,5793,626,4   1186,634,22,4395,6151,765,2   764,580,6,992,1428,209,4   1628,760,25,102,1630,870,4
!----------------------------------------------------------------
!Recharge stations: x,y
300,0   1659,775   808,901   1591,509   392,464   1757,423   1107,6   1049,303   1705,574   1363,190   1397,760   456,754   119,636   897,432   1297,408   289,574   617,747   1580,499   1489,401   328,706   1562,584   1735,269   1433,279   1597,283   189,504

g inverse recharge rate 0.38
