!----------------------------------------------------------------
!Stores: (first: depot x,y; then: satellites x,y,maxCap)
300,0   202,728,1000   890,151,1000   513,786,1000   1784,582,1000
!----------------------------------------------------------------
!Trucks: (total#, cap, cost/dist, fixcost)
3,202,1,135   3,303,1,165
!----------------------------------------------------------------
!CityFreighters: (max cf/sat, total#, cap, cost/dist, fixcost, maxCharge, energyConsumption)
5,5,101,1,72,1134,1   5,5,151,1,88,1694,1
!----------------------------------------------------------------
!Customers: (x, y, demand, readyTime, dueDate, serviceTime, penalizationCost)
1750,415,9,6225,6821,325,2   841,486,16,3671,4809,577,4   899,411,18,3217,4651,650,3   388,556,12,3937,4893,433,2   393,583,29,968,2600,1046,4   839,230,24,2719,4223,866,4   643,498,20,1514,2760,722,4   337,493,29,4838,6940,1046,4   999,763,12,2664,3564,433,4   1500,311,15,3101,4093,541,2   963,247,4,971,1235,144,3   798,280,29,35,2221,1046,4   577,520,6,5430,5788,217,2   1797,503,9,6096,6826,325,4   677,431,16,808,2302,577,5   824,704,7,6829,7175,253,1   459,457,24,5721,7037,866,2   1114,683,29,3361,5441,1046,3   619,594,18,2424,3924,650,5   1160,259,7,3735,4435,253,5   1047,255,26,4595,6517,938,4   343,365,6,850,1236,217,1   441,433,9,3004,3748,325,2   473,433,12,4129,4973,433,1   407,687,26,4656,6290,938,5   790,432,16,6038,7174,577,4   1297,414,19,5196,6568,686,2   405,375,3,7076,7188,108,2   1439,389,25,0,1931,902,1   594,417,9,6551,7137,325,5   341,609,23,2154,3642,830,1   775,660,11,1732,2594,397,2   352,634,22,4097,5711,794,5   357,638,10,5310,6102,361,5   1159,427,3,3434,3652,108,3   281,607,27,0,1659,974,1   1068,421,25,4447,6269,902,2   905,634,14,3580,4484,505,1   1419,319,20,4342,5352,722,2   1686,485,28,793,2997,1010,2   944,857,27,0,2182,974,3   1666,342,10,4055,4997,361,2   1434,829,9,3607,4143,325,2   1057,640,13,2127,2839,469,4   364,687,25,1214,3846,902,5   409,496,20,4029,5547,722,3   1720,468,29,2792,4452,1046,1   1379,702,24,3896,5540,866,5   1772,212,16,4724,5444,577,2   1585,896,7,2696,3034,253,3
!----------------------------------------------------------------
!Recharge stations: x,y
300,0   202,728   890,151   513,786   1784,582   448,468   986,218   351,644   341,622   717,273   826,244   365,552   746,715   636,773   1015,235   1683,331   143,585   1643,462   660,516   260,418   461,471   450,654   1756,444   260,623   1744,579

g inverse recharge rate 0.48
