!----------------------------------------------------------------
!Stores: (first: depot x,y; then: satellites x,y,maxCap)
300,0   14,516,1000   900,857,1000   226,729,1000   1523,387,1000
!----------------------------------------------------------------
!Trucks: (total#, cap, cost/dist, fixcost)
3,202,1,135   3,303,1,165
!----------------------------------------------------------------
!CityFreighters: (max cf/sat, total#, cap, cost/dist, fixcost, maxCharge, energyConsumption)
5,5,101,1,72,891,1   5,5,151,1,88,1331,1
!----------------------------------------------------------------
!Customers: (x, y, demand, readyTime, dueDate, serviceTime, penalizationCost)
1319,462,5,1611,1935,231,1   1081,616,7,2856,3446,324,5   450,560,7,7342,7896,324,3   744,686,25,2691,5157,1156,5   227,439,18,2631,4613,833,3   1544,529,20,3102,5002,925,4   1075,473,18,4147,5365,833,2   1297,233,19,2574,5302,879,1   904,687,29,430,2804,1341,5   643,611,27,1689,4673,1249,5   1565,665,29,15,3353,1341,3   1065,333,29,5781,7971,1341,3   1500,324,11,5540,6560,509,1   1432,354,22,3416,5382,1018,2   853,713,19,6695,8215,879,3   302,509,13,3338,3794,601,4   1286,463,28,1594,4610,1295,2   981,764,6,1920,2570,278,4   211,508,22,5867,8303,1018,2   1151,357,4,1214,1502,185,4   780,320,5,3908,4430,231,5   1193,762,21,687,2321,971,3   1067,379,8,5819,6535,370,2   282,420,18,4437,6255,833,1   469,601,3,2861,3215,139,2   1506,342,19,4924,6548,879,4   1686,616,7,7048,8004,324,4   1629,594,7,6469,7303,324,1   1703,469,9,3620,4538,416,3   1456,503,7,3771,4433,324,4   1129,307,8,3622,4612,370,4   1160,338,15,501,1671,694,5   361,615,15,1365,2813,694,5   1119,208,16,3445,4663,740,5   412,308,11,2896,3724,509,2   1528,661,5,1163,1589,231,3   1697,511,18,4527,6227,833,1   1184,516,3,1070,1394,139,2   1284,408,22,418,2516,1018,3   1645,510,27,2952,4652,1249,4   1502,365,9,7241,7649,416,1   200,285,12,6962,8396,555,5   1168,618,5,3965,4421,231,5   1228,143,27,2239,4559,1249,1   887,54,19,259,2305,879,5   934,389,18,4915,5565,833,3   118,716,4,1814,2164,185,4   1557,122,26,2879,5633,1203,4   1865,539,5,1185,1639,231,4   0,500,7,1312,1718,324,5
!----------------------------------------------------------------
!Recharge stations: x,y
300,0   14,516   900,857   226,729   1523,387   1473,232   516,325   1556,602   321,460   1133,641   162,451   212,453   1307,759   289,677   766,685   600,305   832,269   336,217   247,557   405,277   1381,107   1851,680   1374,251   806,514   199,418

g inverse recharge rate 0.68
