!----------------------------------------------------------------
!Stores: (first: depot x,y; then: satellites x,y,maxCap)
300,0   941,202,1000   764,856,1000   989,385,1000   706,294,1000
!----------------------------------------------------------------
!Trucks: (total#, cap, cost/dist, fixcost)
3,202,1,135   3,303,1,165
!----------------------------------------------------------------
!CityFreighters: (max cf/sat, total#, cap, cost/dist, fixcost, maxCharge, energyConsumption)
5,5,101,1,72,972,1   5,5,151,1,88,1452,1
!----------------------------------------------------------------
!Customers: (x, y, demand, readyTime, dueDate, serviceTime, penalizationCost)
395,389,21,541,1661,568,1   1351,406,17,1158,1984,459,1   811,620,26,112,1608,703,1   1558,318,7,2385,2841,189,3   1093,597,25,1195,2201,676,2   1670,525,9,2116,2552,243,3   1364,741,27,3242,3980,730,4   1108,353,6,2981,3221,162,3   811,277,23,395,1669,622,4   570,613,13,2786,3288,351,3   695,289,23,1168,2438,622,1   617,241,8,3885,4239,216,2   1471,373,12,416,1224,324,2   846,746,4,5110,5396,108,5   486,281,19,1229,2227,513,3   1423,306,24,2706,4144,649,3   1317,658,22,1475,2731,595,4   1613,640,25,3380,4264,676,2   1043,609,14,3597,4381,378,5   482,401,15,1052,1692,405,1   1375,313,14,1236,2030,378,1   1698,587,27,1749,3617,730,5   1425,250,7,961,1443,189,1   1435,294,7,823,1293,189,1   910,429,16,3742,4322,432,4   726,695,9,4988,5424,243,3   467,338,3,4933,5121,81,5   277,487,18,3294,4418,486,2   1079,513,15,2341,3189,405,2   341,514,12,1661,2365,324,5   875,338,16,1051,1725,432,1   331,498,15,4243,5035,405,5   314,395,15,4059,4809,405,3   616,561,23,0,977,622,1   907,722,27,2733,4751,730,2   855,247,21,1952,3316,568,3   1116,540,27,2377,3597,730,4   1531,429,10,2116,2786,270,3   582,522,10,1063,1581,270,4   628,409,11,651,1005,297,2   1717,715,8,1982,2398,216,2   336,142,27,400,1888,730,5   1495,602,12,385,1149,324,2   1059,62,13,2958,3426,351,5   1114,692,21,1331,2043,568,3   673,414,26,2266,3770,703,4   527,885,11,4077,4613,297,2   1841,629,20,1857,2817,540,3   1315,472,23,2873,3837,622,4   465,222,19,870,1602,513,2
!----------------------------------------------------------------
!Recharge stations: x,y
300,0   941,202   764,856   989,385   706,294   1527,333   1472,253   261,554   532,279   384,280   947,742   1506,457   263,387   511,644   238,352   662,615   188,567   1827,519   1644,482   905,333   725,649   566,473   1323,721   725,650   116,684

g inverse recharge rate 0.41
