!----------------------------------------------------------------
!Stores: (first: depot x,y; then: satellites x,y,maxCap)
300,0   732,403,1000   1811,773,1000   1333,923,1000   292,524,1000
!----------------------------------------------------------------
!Trucks: (total#, cap, cost/dist, fixcost)
3,202,1,135   3,303,1,165
!----------------------------------------------------------------
!CityFreighters: (max cf/sat, total#, cap, cost/dist, fixcost, maxCharge, energyConsumption)
5,5,101,1,72,1053,1   5,5,151,1,88,1573,1
!----------------------------------------------------------------
!Customers: (x, y, demand, readyTime, dueDate, serviceTime, penalizationCost)
272,537,9,2721,3633,351,5   717,464,19,4271,5913,741,5   753,610,16,3187,4325,624,4   1518,502,16,5721,7313,624,3   1131,684,12,219,1063,468,5   276,491,14,2850,3498,546,2   1242,541,20,4259,5673,780,5   1422,645,20,3778,5050,780,2   1749,415,25,1121,2467,974,4   841,499,16,50,1308,624,1   557,543,10,5930,6444,390,2   522,388,24,0,1771,936,1   1258,718,12,5224,6638,468,2   1072,451,15,4614,5798,585,1   1490,350,18,2629,4349,702,5   1141,314,12,1859,2829,468,2   484,494,10,538,1210,390,1   428,624,18,1754,3406,702,2   342,653,23,1080,2876,897,5   578,526,22,3585,5289,858,5   1372,269,7,2476,3016,273,1   830,523,4,1815,2161,156,1   482,297,5,909,1275,195,1   1602,373,29,3074,5038,1130,3   1486,588,10,3327,4205,390,5   649,414,25,114,2278,974,2   1025,382,17,3349,4379,663,3   1065,439,14,5035,6045,546,3   660,685,6,4338,4800,234,2   656,350,16,4200,5532,624,3   989,787,23,5246,7052,897,1   905,667,8,807,1369,312,4   1641,625,25,4194,6098,974,2   438,562,7,5424,6158,273,4   769,310,22,964,2670,858,3   1748,516,26,4715,6795,1013,3   487,628,16,5428,6658,624,3   572,723,10,3075,3665,390,5   216,479,6,4778,5262,234,2   798,595,22,4897,6383,858,2   1297,866,28,2823,4629,1091,1   1021,106,11,1001,1673,429,4   1523,174,3,3759,4053,117,1   31,431,20,4258,6164,780,3   1776,656,3,5289,5521,117,4   1660,243,24,4581,5807,936,4   1965,617,14,4737,5969,546,4   284,442,8,3580,4242,312,1   312,522,25,3709,5415,974,4   467,589,20,1134,3554,780,4
!----------------------------------------------------------------
!Recharge stations: x,y
300,0   732,403   1811,773   1333,923   292,524   532,607   1579,633   1365,729   1029,248   1581,368   930,657   1714,335   1549,605   1569,637   1008,253   1149,587   1442,744   1062,156   706,456   516,322   530,356   365,282   798,423   721,382   1015,299

g inverse recharge rate 0.52
