!----------------------------------------------------------------
!Stores: (first: depot x,y; then: satellites x,y,maxCap)
300,0   1301,770,1000   254,805,1000   1042,125,1000   1949,604,1000
!----------------------------------------------------------------
!Trucks: (total#, cap, cost/dist, fixcost)
3,202,1,135   3,303,1,165
!----------------------------------------------------------------
!CityFreighters: (max cf/sat, total#, cap, cost/dist, fixcost, maxCharge, energyConsumption)
5,5,101,1,72,891,1   5,5,151,1,88,1331,1
!----------------------------------------------------------------
!Customers: (x, y, demand, readyTime, dueDate, serviceTime, penalizationCost)
629,336,12,4642,5628,496,3   460,387,11,5074,5958,455,5   1688,429,16,2265,3831,662,5   1449,542,25,3504,5966,1034,4   1029,651,18,823,1677,745,4   747,647,19,5528,7320,786,2   944,670,19,4866,6048,786,4   459,321,9,3638,4396,372,5   748,672,13,5824,6902,538,1   1734,562,20,936,2990,827,3   1006,523,10,1229,2347,414,4   1115,344,26,4446,7512,1075,5   525,572,20,4103,4965,827,2   1099,637,15,1176,2536,620,2   1733,426,29,169,1609,1200,4   1239,422,13,6323,7341,538,3   1582,312,21,4651,6255,869,2   1221,729,21,2700,4064,869,2   649,668,28,1987,4625,1158,2   1435,250,6,686,1060,248,1   371,320,9,2819,3605,372,2   610,490,11,5038,5864,455,5   752,225,18,5547,7185,745,3   1763,453,14,5584,6364,579,3   865,652,6,4667,5159,248,5   749,601,9,1062,1858,372,5   397,456,7,1677,2337,290,1   716,621,10,1157,2077,414,2   1500,608,12,4964,5714,496,4   851,771,22,3713,5937,910,3   1686,622,13,6089,7167,538,3   1555,455,11,5347,6301,455,1   680,485,6,3010,3500,248,2   1377,463,6,4033,4477,248,1   1630,501,6,6673,7191,248,5   1619,511,20,4406,5938,827,1   1578,620,11,1483,2569,455,5   387,409,15,5774,7210,620,2   859,326,16,2706,4676,662,3   586,446,8,2618,3460,331,5   1582,357,9,4274,4880,372,1   814,501,29,1564,4020,1200,1   1113,156,28,2272,4106,1158,5   1276,752,24,3751,4715,993,4   1706,620,19,2984,3978,786,2   1741,645,14,1029,2161,579,1   1451,629,15,2480,3644,620,4   1925,391,14,3688,4652,579,4   1433,513,6,1693,2253,248,5   1047,330,18,3572,4956,745,3
!----------------------------------------------------------------
!Recharge stations: x,y
300,0   1301,770   254,805   1042,125   1949,604   786,558   961,757   592,546   1796,454   1828,482   282,366   306,487   1226,891   1253,280   420,427   1251,482   1168,320   1721,411   990,186   1576,561   495,385   1383,371   615,242   587,320   238,365

g inverse recharge rate 0.63
