!----------------------------------------------------------------
!Stores: (first: depot x,y; then: satellites x,y,maxCap)
300,0   54,456,1000   164,276,1000   1745,570,1000   1076,323,1000
!----------------------------------------------------------------
!Trucks: (total#, cap, cost/dist, fixcost)
3,202,1,135   3,303,1,165
!----------------------------------------------------------------
!CityFreighters: (max cf/sat, total#, cap, cost/dist, fixcost, maxCharge, energyConsumption)
5,5,101,1,72,1134,1   5,5,151,1,88,1694,1
!----------------------------------------------------------------
!Customers: (x, y, demand, readyTime, dueDate, serviceTime, penalizationCost)
1267,379,15,1982,3054,656,3   588,332,25,5913,7677,1093,5   359,385,20,2520,4016,875,1   1711,446,21,1812,3664,918,5   1748,553,14,4692,5376,612,2   501,610,4,3606,4034,175,3   743,356,4,3236,3546,175,3   1253,700,20,5998,7760,875,5   212,516,11,2594,3710,481,3   817,431,25,0,2241,1093,5   473,323,12,5256,6442,525,5   884,530,20,933,2445,875,4   319,527,29,4813,7217,1268,3   1013,202,12,594,1982,525,4   666,690,7,5416,6052,306,1   1380,521,10,568,1546,437,1   1542,585,17,1641,3473,743,5   218,469,18,4541,5767,787,1   1642,509,17,288,1918,743,5   1370,431,25,1043,3987,1093,5   1398,390,15,5988,7442,656,1   1556,315,11,5413,6711,481,1   294,594,4,896,1320,175,5   350,659,5,2769,3127,219,3   446,593,14,478,1438,612,4   1467,397,23,1006,2710,1006,2   205,524,8,2282,2810,350,5   790,276,27,1927,4657,1181,3   364,353,18,1069,2405,787,3   1157,436,21,6017,7953,918,3   254,501,28,4598,7350,1224,3   1672,607,20,4814,6580,875,5   1391,587,26,2036,4084,1137,5   1096,593,4,7016,7276,175,1   1335,471,6,2843,3511,262,4   1178,614,23,5938,7408,1006,4   662,563,13,3921,4669,568,2   956,365,21,6324,8182,918,5   1175,619,22,2251,4397,962,1   1492,323,24,5435,7981,1049,5   1622,680,5,2398,2946,219,2   254,287,26,1062,2676,1137,2   1860,336,17,3373,4509,743,2   1588,369,10,1485,2421,437,5   1199,247,5,6578,6998,219,1   885,670,11,795,1935,481,4   108,629,6,5564,6062,262,4   1456,199,9,5010,5578,394,4   599,646,12,1576,3116,525,4   384,157,5,5617,6061,219,1
!----------------------------------------------------------------
!Recharge stations: x,y
300,0   54,456   164,276   1745,570   1076,323   895,312   1052,600   1666,701   1481,567   588,510   226,568   243,479   1265,205   1665,402   160,494   955,546   269,603   1421,693   639,189   1800,542   949,499   336,352   768,838   1590,129   266,356

g inverse recharge rate 0.53
