!----------------------------------------------------------------
!Stores: (first: depot x,y; then: satellites x,y,maxCap)
300,0   54,456,1000   164,276,1000   1745,570,1000   1076,323,1000
!----------------------------------------------------------------
!Trucks: (total#, cap, cost/dist, fixcost)
3,202,1,135   3,303,1,165
!----------------------------------------------------------------
!CityFreighters: (max cf/sat, total#, cap, cost/dist, fixcost, maxCharge, energyConsumption)
5,5,101,1,72,891,1   5,5,151,1,88,1331,1
!----------------------------------------------------------------
!Customers: (x, y, demand, readyTime, dueDate, serviceTime, penalizationCost)
1267,379,15,1473,2817,656,3   588,332,25,1003,3895,1093,1   359,385,20,4486,6210,875,1   1711,446,21,1459,3065,918,3   1748,553,14,1894,3238,612,4   501,610,4,5947,6319,175,3   743,356,4,1300,1592,175,1   1253,700,20,2103,3699,875,2   212,516,11,3250,3932,481,4   817,431,25,727,3493,1093,3   473,323,12,2142,3126,525,5   884,530,20,4394,6214,875,5   319,527,29,3185,5687,1268,5   1013,202,12,1420,2608,525,2   666,690,7,5395,6023,306,2   1380,521,10,2542,3248,437,5   1542,585,17,3209,4385,743,4   218,469,18,463,2415,787,4   1642,509,17,3528,5144,743,4   1370,431,25,2301,4495,1093,1   1398,390,15,799,1709,656,4   1556,315,11,3954,5082,481,2   294,594,4,4513,4879,175,3   350,659,5,1563,1939,219,1   446,593,14,5570,7002,612,1   1467,397,23,3981,5387,1006,5   205,524,8,1241,2015,350,2   790,276,27,3605,5147,1181,3   364,353,18,3275,4563,787,2   1157,436,21,5513,7993,918,4   254,501,28,4733,7263,1224,5   1672,607,20,3127,5389,875,3   1391,587,26,653,3699,1137,3   1096,593,4,5297,5573,175,1   1335,471,6,728,1124,262,3   1178,614,23,2628,5072,1006,1   662,563,13,1218,2390,568,3   956,365,21,933,3475,918,5   1175,619,22,3843,5863,962,4   1492,323,24,3947,5029,1049,1   1622,680,5,6709,7261,219,1   254,287,26,2777,4975,1137,5   1860,336,17,3767,5519,743,4   1588,369,10,4848,5896,437,5   1199,247,5,6377,6853,219,2   885,670,11,929,1607,481,4   108,629,6,5617,6179,262,5   1456,199,9,5429,6323,394,4   599,646,12,6956,8188,525,2   384,157,5,3458,3870,219,1
!----------------------------------------------------------------
!Recharge stations: x,y
300,0   54,456   164,276   1745,570   1076,323   895,312   1052,600   1666,701   1481,567   588,510   226,568   243,479   1265,205   1665,402   160,494   955,546   269,603   1421,693   639,189   1800,542   949,499   336,352   768,838   1590,129   266,356

g inverse recharge rate 0.67
