!----------------------------------------------------------------
!Stores: (first: depot x,y; then: satellites x,y,maxCap)
300,0   202,728,1000   890,151,1000   513,786,1000   1784,582,1000
!----------------------------------------------------------------
!Trucks: (total#, cap, cost/dist, fixcost)
3,202,1,135   3,303,1,165
!----------------------------------------------------------------
!CityFreighters: (max cf/sat, total#, cap, cost/dist, fixcost, maxCharge, energyConsumption)
5,5,101,1,72,1215,1   5,5,151,1,88,1815,1
!----------------------------------------------------------------
!Customers: (x, y, demand, readyTime, dueDate, serviceTime, penalizationCost)
1750,415,9,1631,2153,325,2   841,486,16,2092,3192,577,1   899,411,18,4248,5566,650,1   388,556,12,1054,1842,433,3   393,583,29,691,2711,1046,1   839,230,24,2051,3745,866,1   643,498,20,2166,3830,722,4   337,493,29,2314,4234,1046,2   999,763,12,3655,4883,433,2   1500,311,15,3025,4465,541,5   963,247,4,4637,4899,144,1   798,280,29,2945,4351,1046,4   577,520,6,4080,4472,217,5   1797,503,9,1909,2701,325,4   677,431,16,1421,2577,577,3   824,704,7,1046,1608,253,4   459,457,24,3746,4808,866,5   1114,683,29,4956,7574,1046,4   619,594,18,394,2128,650,1   1160,259,7,3873,4269,253,3   1047,255,26,3005,4191,938,5   343,365,6,4584,4932,217,2   441,433,9,2387,3053,325,2   473,433,12,3844,4720,433,1   407,687,26,1484,3210,938,3   790,432,16,1934,3186,577,5   1297,414,19,5112,6970,686,5   405,375,3,6809,7027,108,1   1439,389,25,1815,3099,902,5   594,417,9,1920,2738,325,2   341,609,23,2021,3433,830,4   775,660,11,2855,3631,397,3   352,634,22,1055,3113,794,3   357,638,10,2970,3684,361,2   1159,427,3,3358,3550,108,1   281,607,27,2426,5024,974,2   1068,421,25,4353,6645,902,1   905,634,14,6362,7020,505,5   1419,319,20,4623,5849,722,3   1686,485,28,3277,4927,1010,2   944,857,27,4829,6677,974,1   1666,342,10,3056,3668,361,5   1434,829,9,3423,3957,325,2   1057,640,13,540,1314,469,1   364,687,25,495,2177,902,4   409,496,20,578,2026,722,5   1720,468,29,1716,3704,1046,4   1379,702,24,729,2225,866,4   1772,212,16,1689,2943,577,3   1585,896,7,3624,3906,253,1
!----------------------------------------------------------------
!Recharge stations: x,y
300,0   202,728   890,151   513,786   1784,582   448,468   986,218   351,644   341,622   717,273   826,244   365,552   746,715   636,773   1015,235   1683,331   143,585   1643,462   660,516   260,418   461,471   450,654   1756,444   260,623   1744,579

g inverse recharge rate 0.45
