!----------------------------------------------------------------
!Stores: (first: depot x,y; then: satellites x,y,maxCap)
300,0   1913,443,1000   1219,926,1000   608,792,1000   1816,280,1000
!----------------------------------------------------------------
!Trucks: (total#, cap, cost/dist, fixcost)
3,202,1,135   3,303,1,165
!----------------------------------------------------------------
!CityFreighters: (max cf/sat, total#, cap, cost/dist, fixcost, maxCharge, energyConsumption)
5,5,101,1,72,648,1   5,5,151,1,88,968,1
!----------------------------------------------------------------
!Customers: (x, y, demand, readyTime, dueDate, serviceTime, penalizationCost)
623,450,10,1168,2178,415,4   281,390,29,2335,4333,1203,2   884,287,9,6687,7421,373,3   1629,573,29,2602,4680,1203,3   974,731,8,346,1000,332,4   529,469,12,630,1868,498,3   1551,495,8,6930,7720,332,5   1351,754,3,2689,2989,124,3   602,631,10,6894,7516,415,4   898,367,3,4488,4766,124,1   1699,559,21,1550,3500,871,2   378,609,17,3626,5728,705,3   370,498,3,6268,6464,124,3   469,445,17,3441,4481,705,3   1184,511,12,6486,7574,498,2   495,516,8,4000,4626,332,2   1495,720,6,2026,2394,249,1   530,438,28,2419,3749,1161,2   981,779,7,811,1603,290,3   510,736,25,495,2521,1037,4   361,612,10,4316,5154,415,2   1250,678,25,1159,3009,1037,2   756,555,10,5803,6795,415,4   800,283,3,1665,1829,124,3   490,577,16,1725,2849,664,5   461,372,20,1357,3341,830,2   654,765,15,1924,3050,622,4   1709,537,25,702,2980,1037,4   440,471,27,3373,5855,1120,4   571,333,21,1823,4281,871,1   1234,454,25,0,1475,1037,1   1631,401,20,5676,7182,830,3   598,321,13,876,2058,539,4   1653,656,20,2768,4134,830,2   913,741,8,3416,4086,332,3   1356,482,28,2411,5219,1161,2   1699,452,29,0,1748,1203,5   484,331,9,5975,6577,373,1   1148,231,7,4577,5197,290,5   1454,444,24,5871,7807,996,2   1784,634,11,911,1679,456,1   1304,192,12,4175,5037,498,1   1100,315,12,3953,5261,498,2   1382,546,17,3700,5256,705,5   1638,743,29,2157,3969,1203,2   633,80,29,4395,7087,1203,3   1600,703,24,4353,6653,996,3   1675,196,3,3552,3808,124,5   1892,642,20,5151,6649,830,3   1161,242,23,5348,7402,954,5
!----------------------------------------------------------------
!Recharge stations: x,y
300,0   1913,443   1219,926   608,792   1816,280   1120,355   857,292   1951,593   934,802   1543,499   446,556   1631,279   618,418   876,562   1684,653   179,492   1561,414   220,579   881,173   364,870   1589,151   1300,690   1699,338   1107,831   125,616

g inverse recharge rate 0.91
