!----------------------------------------------------------------
!Stores: (first: depot x,y; then: satellites x,y,maxCap)
300,0   341,811,1000   468,469,1000   1903,681,1000   1739,317,1000
!----------------------------------------------------------------
!Trucks: (total#, cap, cost/dist, fixcost)
3,202,1,135   3,303,1,165
!----------------------------------------------------------------
!CityFreighters: (max cf/sat, total#, cap, cost/dist, fixcost, maxCharge, energyConsumption)
5,5,101,1,72,1215,1   5,5,151,1,88,1815,1
!----------------------------------------------------------------
!Customers: (x, y, demand, readyTime, dueDate, serviceTime, penalizationCost)
1457,621,29,4693,7057,1354,4   1369,514,15,6076,7364,701,2   450,294,18,1418,3190,841,3   1201,625,4,4771,5143,187,2   303,393,10,2008,3004,467,3   626,373,9,881,1581,420,5   986,751,21,1893,3755,981,5   1687,572,6,6537,6985,280,5   807,535,17,2989,4941,794,3   957,602,7,2085,2657,327,3   1341,466,14,6417,7573,654,2   868,335,19,5803,7323,887,4   1477,427,3,2305,2581,140,4   1710,513,7,5290,5876,327,4   297,516,18,3123,5237,841,2   1566,595,15,2394,3354,701,5   982,373,19,694,2754,887,3   602,560,12,3109,4243,560,5   1018,575,17,5083,7087,794,1   681,511,19,4443,6571,887,2   390,389,12,6108,7194,560,1   1717,407,3,731,1097,140,4   812,728,4,5500,5888,187,4   1482,411,11,3343,4425,514,4   1121,230,9,6213,6863,420,4   724,609,5,6306,6786,234,3   732,543,7,6882,7432,327,4   1701,427,5,5045,5449,234,3   1429,411,26,2289,5479,1214,3   1580,334,6,5351,5845,280,1   1542,363,4,5340,5816,187,2   446,356,26,460,3164,1214,2   1325,511,28,2097,3917,1308,3   1040,543,14,1560,3066,654,1   839,762,10,5441,5845,467,2   826,427,25,5356,7822,1168,5   1622,535,18,5962,7808,841,3   1205,493,22,4120,5912,1027,3   1756,487,13,4363,5501,607,5   1757,458,13,1382,2224,607,1   1205,634,26,3544,5508,1214,4   968,82,17,2664,4056,794,5   552,907,29,2642,5326,1354,1   933,725,11,2783,3867,514,4   1702,535,16,4279,5859,747,2   1374,356,9,3214,3924,420,5   1225,149,10,6425,7183,467,4   1029,837,20,6106,8036,934,4   894,84,23,3824,7068,1074,1   210,630,15,6137,7321,701,3
!----------------------------------------------------------------
!Recharge stations: x,y
300,0   341,811   468,469   1903,681   1739,317   848,592   1099,507   911,413   213,615   548,783   383,254   565,713   1717,496   1501,750   472,394   835,532   1065,724   1063,755   378,567   1418,245   1695,575   395,552   357,294   1675,329   1330,785

g inverse recharge rate 0.49
