!----------------------------------------------------------------
!Stores: (first: depot x,y; then: satellites x,y,maxCap)
300,0   1913,443,1000   1219,926,1000   608,792,1000   1816,280,1000
!----------------------------------------------------------------
!Trucks: (total#, cap, cost/dist, fixcost)
3,202,1,135   3,303,1,165
!----------------------------------------------------------------
!CityFreighters: (max cf/sat, total#, cap, cost/dist, fixcost, maxCharge, energyConsumption)
5,5,101,1,72,891,1   5,5,151,1,88,1331,1
!----------------------------------------------------------------
!Customers: (x, y, demand, readyTime, dueDate, serviceTime, penalizationCost)
623,450,10,680,1706,415,5   281,390,29,3941,6695,1203,4   884,287,9,5199,5957,373,2   1629,573,29,4235,6333,1203,2   974,731,8,7379,7821,332,5   529,469,12,6052,7138,498,1   1551,495,8,2468,3242,332,4   1351,754,3,6072,6356,124,3   602,631,10,5499,6555,415,2   898,367,3,2037,2223,124,4   1699,559,21,1025,3323,871,1   378,609,17,3267,4781,705,4   370,498,3,4148,4386,124,5   469,445,17,3602,5124,705,2   1184,511,12,4516,5428,498,5   495,516,8,4194,4676,332,1   1495,720,6,4347,4877,249,2   530,438,28,594,3370,1161,4   981,779,7,6066,6638,290,3   510,736,25,901,2909,1037,3   361,612,10,6491,7281,415,1   1250,678,25,3684,5710,1037,3   756,555,10,5262,5902,415,5   800,283,3,825,1185,124,5   490,577,16,405,2083,664,1   461,372,20,3979,5463,830,1   654,765,15,4252,5608,622,2   1709,537,25,2433,4437,1037,3   440,471,27,1760,3892,1120,2   571,333,21,782,1554,871,4   1234,454,25,2171,3725,1037,5   1631,401,20,4235,5805,830,3   598,321,13,1815,3171,539,1   1653,656,20,1878,3478,830,2   913,741,8,1364,2020,332,4   1356,482,28,1678,3858,1161,5   1699,452,29,1657,3599,1203,1   484,331,9,805,1495,373,5   1148,231,7,689,1427,290,5   1454,444,24,465,1543,996,1   1784,634,11,3731,4929,456,2   1304,192,12,5991,6967,498,3   1100,315,12,1298,2712,498,2   1382,546,17,3954,5398,705,4   1638,743,29,0,2288,1203,3   633,80,29,4208,6492,1203,3   1600,703,24,5576,7240,996,2   1675,196,3,4061,4257,124,4   1892,642,20,5263,6571,830,4   1161,242,23,1473,3357,954,1
!----------------------------------------------------------------
!Recharge stations: x,y
300,0   1913,443   1219,926   608,792   1816,280   1120,355   857,292   1951,593   934,802   1543,499   446,556   1631,279   618,418   876,562   1684,653   179,492   1561,414   220,579   881,173   364,870   1589,151   1300,690   1699,338   1107,831   125,616

g inverse recharge rate 0.66
