!----------------------------------------------------------------
!Stores: (first: depot x,y; then: satellites x,y,maxCap)
300,0   1659,775,1000   808,901,1000   1591,509,1000   392,464,1000
!----------------------------------------------------------------
!Trucks: (total#, cap, cost/dist, fixcost)
3,202,1,135   3,303,1,165
!----------------------------------------------------------------
!CityFreighters: (max cf/sat, total#, cap, cost/dist, fixcost, maxCharge, energyConsumption)
5,5,101,1,72,972,1   5,5,151,1,88,1452,1
!----------------------------------------------------------------
!Customers: (x, y, demand, readyTime, dueDate, serviceTime, penalizationCost)
792,282,11,3723,4281,383,4   1380,598,3,4469,4665,104,1   618,441,29,2031,3951,1009,3   1553,584,13,851,1541,452,5   998,533,4,3679,3869,139,1   1244,774,6,3953,4339,209,1   884,770,19,2526,3452,661,4   1080,404,6,4399,4741,209,4   481,409,16,751,2029,557,1   664,358,29,881,3075,1009,2   1498,576,26,606,1714,905,1   1652,651,22,4900,6938,765,4   622,687,23,2077,3643,800,5   900,495,19,2472,3994,661,3   719,221,10,2298,2976,348,4   579,264,11,1811,2717,383,4   1361,307,10,2368,2964,348,5   365,366,21,1357,2583,731,5   1258,562,20,5114,6468,696,4   1600,540,13,6117,7125,452,5   560,562,15,1497,2125,522,5   382,682,14,3238,3834,487,2   1757,481,28,4902,7018,974,4   1129,555,13,3905,4603,452,2   1358,384,14,3454,4718,487,5   1222,388,22,4493,5789,765,5   447,529,25,2872,4996,870,3   986,327,10,5368,5952,348,4   1488,332,16,1219,2505,557,3   303,614,7,2063,2573,244,3   322,547,6,875,1357,209,1   1167,396,19,1368,2988,661,2   1210,425,22,2624,4002,765,5   1031,395,23,3129,4973,800,1   829,439,14,4370,5388,487,4   1062,223,29,2529,4485,1009,2   1714,373,20,2137,3509,696,3   1083,289,6,6293,6783,209,3   675,307,9,4706,5352,313,1   985,532,12,2281,2973,418,1   1507,186,27,4640,6334,939,1   1645,498,21,5661,7061,731,1   560,830,29,4747,6465,1009,3   46,552,28,3633,5877,974,2   98,507,12,2107,2765,418,4   1372,399,23,464,1892,800,3   202,283,18,5283,6777,626,3   1186,634,22,5432,7350,765,5   764,580,6,6270,6678,209,5   1628,760,25,1915,3265,870,3
!----------------------------------------------------------------
!Recharge stations: x,y
300,0   1659,775   808,901   1591,509   392,464   1757,423   1107,6   1049,303   1705,574   1363,190   1397,760   456,754   119,636   897,432   1297,408   289,574   617,747   1580,499   1489,401   328,706   1562,584   1735,269   1433,279   1597,283   189,504

g inverse recharge rate 0.54
