!----------------------------------------------------------------
!Stores: (first: depot x,y; then: satellites x,y,maxCap)
300,0   341,811,1000   468,469,1000   1903,681,1000   1739,317,1000
!----------------------------------------------------------------
!Trucks: (total#, cap, cost/dist, fixcost)
3,202,1,135   3,303,1,165
!----------------------------------------------------------------
!CityFreighters: (max cf/sat, total#, cap, cost/dist, fixcost, maxCharge, energyConsumption)
5,5,101,1,72,1134,1   5,5,151,1,88,1694,1
!----------------------------------------------------------------
!Customers: (x, y, demand, readyTime, dueDate, serviceTime, penalizationCost)
1457,621,29,0,2885,1354,5   1369,514,15,4003,5513,701,1   450,294,18,1323,3793,841,3   1201,625,4,1204,1540,187,1   303,393,10,2912,3724,467,2   626,373,9,959,1533,420,2   986,751,21,2015,4773,981,3   1687,572,6,7060,7538,280,2   807,535,17,2372,4082,794,5   957,602,7,4129,4977,327,2   1341,466,14,1406,2958,654,4   868,335,19,1062,2718,887,3   1477,427,3,1277,1563,140,2   1710,513,7,5663,6117,327,5   297,516,18,1264,3480,841,4   1566,595,15,5782,7264,701,3   982,373,19,5512,7550,887,4   602,560,12,3186,4152,560,1   1018,575,17,1975,3231,794,5   681,511,19,1258,3170,887,3   390,389,12,1470,2696,560,3   1717,407,3,7004,7248,140,3   812,728,4,746,1134,187,1   1482,411,11,1668,2888,514,3   1121,230,9,6084,6916,420,3   724,609,5,4961,5469,234,1   732,543,7,5279,5913,327,5   1701,427,5,7367,7945,234,2   1429,411,26,1420,3202,1214,4   1580,334,6,5503,5879,280,2   1542,363,4,6808,7236,187,4   446,356,26,4342,7658,1214,3   1325,511,28,2782,4940,1308,4   1040,543,14,4655,5979,654,4   839,762,10,952,1904,467,4   826,427,25,0,2436,1168,1   1622,535,18,3297,4809,841,5   1205,493,22,288,2438,1027,2   1756,487,13,6404,7818,607,4   1757,458,13,1227,2371,607,3   1205,634,26,5083,6269,1214,4   968,82,17,4011,5919,794,5   552,907,29,4141,6727,1354,1   933,725,11,6751,7829,514,5   1702,535,16,1269,2583,747,2   1374,356,9,5252,5920,420,2   1225,149,10,5678,6320,467,1   1029,837,20,5859,7377,934,1   894,84,23,2111,3495,1074,5   210,630,15,3539,5127,701,1
!----------------------------------------------------------------
!Recharge stations: x,y
300,0   341,811   468,469   1903,681   1739,317   848,592   1099,507   911,413   213,615   548,783   383,254   565,713   1717,496   1501,750   472,394   835,532   1065,724   1063,755   378,567   1418,245   1695,575   395,552   357,294   1675,329   1330,785

g inverse recharge rate 0.53
