!----------------------------------------------------------------
!Stores: (first: depot x,y; then: satellites x,y,maxCap)
300,0   1056,693,1000   103,661,1000   114,485,1000   1304,808,1000
!----------------------------------------------------------------
!Trucks: (total#, cap, cost/dist, fixcost)
3,202,1,135   3,303,1,165
!----------------------------------------------------------------
!CityFreighters: (max cf/sat, total#, cap, cost/dist, fixcost, maxCharge, energyConsumption)
5,5,101,1,72,648,1   5,5,151,1,88,968,1
!----------------------------------------------------------------
!Customers: (x, y, demand, readyTime, dueDate, serviceTime, penalizationCost)
1163,500,29,3004,5072,1042,3   1367,493,17,2986,4134,611,1   1485,607,26,357,2757,934,1   1714,389,16,800,2264,575,5   1141,670,10,5250,5886,359,3   342,564,29,359,3031,1042,4   881,394,10,3235,3897,359,1   363,652,13,5129,6003,467,3   1144,739,20,3614,4968,719,1   262,395,5,1850,2272,180,3   1289,387,5,1911,2359,180,3   1060,256,28,4970,7126,1006,1   1137,712,4,6062,6256,144,2   877,554,6,6183,6583,216,4   387,602,17,4494,6048,611,4   499,280,28,2290,4178,1006,3   735,489,9,5219,5661,323,3   1138,223,5,3571,3897,180,1   1773,517,24,2722,4144,862,2   463,646,22,2016,3446,791,1   225,513,28,0,1884,1006,3   987,328,14,394,1206,503,1   1718,618,10,6078,6670,359,4   527,297,15,5432,6532,539,1   1653,580,26,4407,6043,934,1   847,769,3,1676,1920,108,5   429,548,20,984,2518,719,5   745,448,19,4256,5602,683,5   1593,500,3,4289,4459,108,2   469,718,18,5802,6880,647,3   1343,759,21,408,1968,755,5   1460,507,4,6446,6762,144,5   1261,735,24,5066,7122,862,5   722,686,29,4838,7500,1042,3   1404,478,14,1356,2240,503,2   677,632,22,4305,6189,791,3   1007,383,4,648,916,144,1   461,675,26,2626,4810,934,2   1362,527,13,5051,5719,467,5   980,486,3,5197,5415,108,4   644,679,20,1937,3433,719,3   406,154,21,70,1520,755,1   1111,292,15,5208,6036,539,5   367,807,6,6279,6667,216,4   285,608,27,4943,6819,970,1   849,557,29,4121,6341,1042,1   394,411,29,3079,5615,1042,2   637,836,17,1685,2671,611,4   462,155,6,5800,6140,216,4   334,751,11,2531,3017,395,1
!----------------------------------------------------------------
!Recharge stations: x,y
300,0   1056,693   103,661   114,485   1304,808   1615,737   1344,598   1012,905   103,417   1523,354   1299,814   158,541   567,722   1701,635   976,253   845,391   1608,700   459,496   1691,557   973,187   558,529   701,686   1708,812   514,389   271,327

g inverse recharge rate 0.81
