!----------------------------------------------------------------
!Stores: (first: depot x,y; then: satellites x,y,maxCap)
300,0   737,750,1000   1403,735,1000   1207,746,1000   214,536,1000
!----------------------------------------------------------------
!Trucks: (total#, cap, cost/dist, fixcost)
3,202,1,135   3,303,1,165
!----------------------------------------------------------------
!CityFreighters: (max cf/sat, total#, cap, cost/dist, fixcost, maxCharge, energyConsumption)
5,5,101,1,72,648,1   5,5,151,1,88,968,1
!----------------------------------------------------------------
!Customers: (x, y, demand, readyTime, dueDate, serviceTime, penalizationCost)
381,672,25,4844,6600,848,5   235,448,15,2034,2928,509,3   1527,689,11,3046,3724,373,5   991,692,10,747,1377,339,2   1381,463,24,34,1350,815,4   1331,325,10,5771,6359,339,5   280,463,3,3600,3842,102,1   1649,482,20,1617,3445,679,4   1251,279,18,1646,2530,611,5   772,424,19,5364,6148,645,2   601,399,5,5962,6382,170,2   826,529,15,1884,3306,509,2   530,700,4,5480,5828,136,1   1347,369,20,1322,2420,679,2   358,653,26,1559,3169,882,2   1456,310,20,480,2118,679,2   432,545,11,721,1407,373,4   308,637,10,4365,5029,339,3   715,262,27,268,2212,916,5   870,441,5,2583,2887,170,5   1624,425,17,3265,4215,577,5   253,551,5,4557,4881,170,3   630,527,19,471,1595,645,3   1106,459,12,3601,4583,407,5   968,772,26,4973,6411,882,4   993,689,13,5230,6266,441,1   242,444,28,753,3261,950,4   1479,590,20,1139,2723,679,3   1436,406,20,153,1819,679,4   516,737,26,3353,5097,882,3   1581,667,26,2793,5183,882,4   1019,358,16,5533,6615,543,4   1616,672,13,974,1816,441,4   557,378,18,985,2489,611,2   1394,537,22,4134,6022,747,4   1601,345,21,91,1645,713,1   769,350,14,4226,5016,475,5   1790,485,17,917,1893,577,3   814,743,26,2733,4645,882,3   399,364,29,452,2714,984,4   835,490,8,1891,2439,272,3   533,911,20,5013,6659,679,4   630,548,10,5602,6130,339,1   1296,446,14,757,2055,475,4   1428,556,6,2162,2512,204,5   278,269,6,3554,3846,204,3   646,530,3,5969,6097,102,5   1658,532,14,5217,6079,475,3   470,622,19,4424,5566,645,4   1838,751,9,1362,2134,305,4
!----------------------------------------------------------------
!Recharge stations: x,y
300,0   737,750   1403,735   1207,746   214,536   1130,505   1578,314   1186,382   970,162   665,917   1713,789   37,542   1171,701   275,335   1325,207   585,786   855,801   517,331   1820,216   1356,325   756,278   383,615   1193,217   485,339   559,431

g inverse recharge rate 0.74
