!----------------------------------------------------------------
!Stores: (first: depot x,y; then: satellites x,y,maxCap)
300,0   341,811,1000   468,469,1000   1903,681,1000   1739,317,1000
!----------------------------------------------------------------
!Trucks: (total#, cap, cost/dist, fixcost)
3,202,1,135   3,303,1,165
!----------------------------------------------------------------
!CityFreighters: (max cf/sat, total#, cap, cost/dist, fixcost, maxCharge, energyConsumption)
5,5,101,1,72,810,1   5,5,151,1,88,1210,1
!----------------------------------------------------------------
!Customers: (x, y, demand, readyTime, dueDate, serviceTime, penalizationCost)
1457,621,29,3715,6467,1354,5   1369,514,15,6632,7274,701,1   450,294,18,4061,5979,841,2   1201,625,4,3879,4225,187,5   303,393,10,2328,3032,467,5   626,373,9,2129,3215,420,3   986,751,21,2588,4876,981,4   1687,572,6,1368,2006,280,1   807,535,17,2450,3872,794,1   957,602,7,5923,6579,327,3   1341,466,14,4704,6228,654,3   868,335,19,2520,4376,887,4   1477,427,3,5634,5824,140,3   1710,513,7,514,1060,327,2   297,516,18,5946,7512,841,3   1566,595,15,6688,8196,701,4   982,373,19,1311,3299,887,5   602,560,12,3592,4902,560,1   1018,575,17,3149,4421,794,5   681,511,19,2771,4513,887,1   390,389,12,3012,3912,560,3   1717,407,3,7174,7514,140,3   812,728,4,1116,1622,187,5   1482,411,11,2599,3465,514,1   1121,230,9,2499,3235,420,4   724,609,5,3952,4346,234,2   732,543,7,4488,5020,327,2   1701,427,5,3521,4109,234,1   1429,411,26,5659,8093,1214,1   1580,334,6,3568,3994,280,2   1542,363,4,1380,1734,187,4   446,356,26,1174,4148,1214,4   1325,511,28,1489,3901,1308,3   1040,543,14,762,2118,654,3   839,762,10,580,1550,467,4   826,427,25,0,2340,1168,2   1622,535,18,3023,4845,841,2   1205,493,22,2223,4087,1027,3   1756,487,13,6902,7780,607,2   1757,458,13,5558,6876,607,5   1205,634,26,3085,5701,1214,5   968,82,17,2749,3875,794,3   552,907,29,210,2962,1354,5   933,725,11,5657,6727,514,1   1702,535,16,3729,5473,747,2   1374,356,9,2651,3325,420,2   1225,149,10,3505,4581,467,2   1029,837,20,4986,7274,934,1   894,84,23,2933,5123,1074,1   210,630,15,594,1756,701,4
!----------------------------------------------------------------
!Recharge stations: x,y
300,0   341,811   468,469   1903,681   1739,317   848,592   1099,507   911,413   213,615   548,783   383,254   565,713   1717,496   1501,750   472,394   835,532   1065,724   1063,755   378,567   1418,245   1695,575   395,552   357,294   1675,329   1330,785

g inverse recharge rate 0.74
