!----------------------------------------------------------------
!Stores: (first: depot x,y; then: satellites x,y,maxCap)
300,0   14,516,1000   900,857,1000   226,729,1000   1523,387,1000
!----------------------------------------------------------------
!Trucks: (total#, cap, cost/dist, fixcost)
3,202,1,135   3,303,1,165
!----------------------------------------------------------------
!CityFreighters: (max cf/sat, total#, cap, cost/dist, fixcost, maxCharge, energyConsumption)
5,5,101,1,72,1134,1   5,5,151,1,88,1694,1
!----------------------------------------------------------------
!Customers: (x, y, demand, readyTime, dueDate, serviceTime, penalizationCost)
1319,462,5,6837,7377,231,5   1081,616,7,3504,4208,324,4   450,560,7,4495,5203,324,3   744,686,25,5504,7682,1156,2   227,439,18,4170,5772,833,3   1544,529,20,948,3426,925,5   1075,473,18,3281,5517,833,5   1297,233,19,549,2077,879,4   904,687,29,747,4037,1341,2   643,611,27,1046,3432,1249,5   1565,665,29,672,3858,1341,5   1065,333,29,2319,4681,1341,2   1500,324,11,1272,2202,509,3   1432,354,22,2996,4394,1018,4   853,713,19,6896,8072,879,3   302,509,13,761,2473,601,1   1286,463,28,581,3731,1295,1   981,764,6,881,1483,278,3   211,508,22,7004,7734,1018,1   1151,357,4,6577,6947,185,5   780,320,5,4506,4878,231,5   1193,762,21,5711,6795,971,1   1067,379,8,6189,6555,370,5   282,420,18,3655,5505,833,4   469,601,3,3197,3527,139,1   1506,342,19,2956,4772,879,1   1686,616,7,3610,4220,324,5   1629,594,7,3961,4653,324,5   1703,469,9,1800,2506,416,1   1456,503,7,1742,2346,324,2   1129,307,8,3237,3857,370,4   1160,338,15,5821,7149,694,4   361,615,15,4335,5755,694,4   1119,208,16,6658,8016,740,3   412,308,11,3371,4561,509,1   1528,661,5,6735,7299,231,5   1697,511,18,2018,3764,833,3   1184,516,3,1069,1361,139,5   1284,408,22,3857,5937,1018,2   1645,510,27,3498,6000,1249,3   1502,365,9,3756,4616,416,2   200,285,12,4236,5216,555,4   1168,618,5,1768,2358,231,3   1228,143,27,5369,7661,1249,2   887,54,19,2158,3730,879,1   934,389,18,1075,2803,833,2   118,716,4,5661,6063,185,2   1557,122,26,1038,3526,1203,3   1865,539,5,6141,6719,231,5   0,500,7,790,1432,324,2
!----------------------------------------------------------------
!Recharge stations: x,y
300,0   14,516   900,857   226,729   1523,387   1473,232   516,325   1556,602   321,460   1133,641   162,451   212,453   1307,759   289,677   766,685   600,305   832,269   336,217   247,557   405,277   1381,107   1851,680   1374,251   806,514   199,418

g inverse recharge rate 0.53
