!----------------------------------------------------------------
!Stores: (first: depot x,y; then: satellites x,y,maxCap)
300,0   202,728,1000   890,151,1000   513,786,1000   1784,582,1000
!----------------------------------------------------------------
!Trucks: (total#, cap, cost/dist, fixcost)
3,202,1,135   3,303,1,165
!----------------------------------------------------------------
!CityFreighters: (max cf/sat, total#, cap, cost/dist, fixcost, maxCharge, energyConsumption)
5,5,101,1,72,891,1   5,5,151,1,88,1331,1
!----------------------------------------------------------------
!Customers: (x, y, demand, readyTime, dueDate, serviceTime, penalizationCost)
1750,415,9,4800,5826,325,2   841,486,16,4534,5706,577,2   899,411,18,264,1438,650,1   388,556,12,6184,7196,433,5   393,583,29,5604,7234,1046,4   839,230,24,108,1942,866,4   643,498,20,1221,3061,722,4   337,493,29,1048,2618,1046,3   999,763,12,5899,6747,433,3   1500,311,15,5876,6620,541,1   963,247,4,2990,3320,144,5   798,280,29,4091,5969,1046,4   577,520,6,3530,3822,217,1   1797,503,9,2019,2775,325,2   677,431,16,6194,7632,577,1   824,704,7,901,1443,253,5   459,457,24,4615,5669,866,1   1114,683,29,2956,5338,1046,1   619,594,18,1897,2859,650,3   1160,259,7,5975,6541,253,1   1047,255,26,1094,2798,938,1   343,365,6,998,1428,217,2   441,433,9,6497,6963,325,2   473,433,12,5412,6496,433,1   407,687,26,0,2185,938,5   790,432,16,5951,6855,577,3   1297,414,19,2948,4460,686,3   405,375,3,6796,7076,108,4   1439,389,25,2424,3948,902,1   594,417,9,1075,1723,325,2   341,609,23,2300,3794,830,1   775,660,11,2654,3562,397,1   352,634,22,5483,7205,794,3   357,638,10,2755,3433,361,2   1159,427,3,1148,1310,108,2   281,607,27,2271,4537,974,1   1068,421,25,4700,6198,902,5   905,634,14,2178,3552,505,4   1419,319,20,2545,3723,722,5   1686,485,28,3790,5916,1010,5   944,857,27,1329,4089,974,4   1666,342,10,5773,6703,361,2   1434,829,9,4364,5156,325,4   1057,640,13,1524,2678,469,4   364,687,25,3583,5663,902,3   409,496,20,4907,6033,722,1   1720,468,29,3368,5322,1046,3   1379,702,24,3102,4986,866,4   1772,212,16,2729,3583,577,1   1585,896,7,6539,7043,253,2
!----------------------------------------------------------------
!Recharge stations: x,y
300,0   202,728   890,151   513,786   1784,582   448,468   986,218   351,644   341,622   717,273   826,244   365,552   746,715   636,773   1015,235   1683,331   143,585   1643,462   660,516   260,418   461,471   450,654   1756,444   260,623   1744,579

g inverse recharge rate 0.61
