!----------------------------------------------------------------
!Stores: (first: depot x,y; then: satellites x,y,maxCap)
300,0   1680,198,1000   1105,702,1000   1469,679,1000   967,345,1000
!----------------------------------------------------------------
!Trucks: (total#, cap, cost/dist, fixcost)
3,202,1,135   3,303,1,165
!----------------------------------------------------------------
!CityFreighters: (max cf/sat, total#, cap, cost/dist, fixcost, maxCharge, energyConsumption)
5,5,101,1,72,1053,1   5,5,151,1,88,1573,1
!----------------------------------------------------------------
!Customers: (x, y, demand, readyTime, dueDate, serviceTime, penalizationCost)
802,540,20,4089,5229,591,2   1641,343,5,1483,1777,148,1   1184,667,26,4905,6175,769,5   942,312,28,2856,4268,828,3   1136,426,11,830,1360,325,5   1212,394,11,2218,2896,325,1   962,605,16,537,1521,473,4   463,582,13,2105,2921,384,4   491,462,25,3474,4632,739,3   675,621,26,4128,5732,769,3   1505,436,12,2957,3783,355,2   1719,382,10,4302,4876,296,1   378,359,25,2471,3953,739,4   843,452,14,2057,2851,414,2   625,721,19,3114,4346,562,5   1634,400,25,1049,2727,739,4   1057,607,29,3160,4762,857,4   768,507,10,4792,5278,296,4   1543,611,14,4859,5759,414,2   685,382,10,4312,4896,296,2   1027,322,17,2562,3620,503,2   816,578,7,3891,4323,207,1   727,698,8,1321,1859,237,1   1301,421,18,2751,4291,532,1   358,485,13,3523,4431,384,5   1767,538,18,4610,5718,532,3   310,555,15,4820,5664,443,1   693,574,18,4785,6037,532,4   878,305,18,3020,4500,532,1   976,524,23,4635,5665,680,3   920,554,13,625,1121,384,5   1291,546,23,2082,3308,680,3   799,506,10,561,1083,296,2   890,602,24,2716,4038,710,3   1746,558,19,1627,2813,562,4   1331,642,25,1740,3764,739,4   1567,456,27,1262,3424,798,5   1295,261,18,415,1265,532,1   1304,310,5,5124,5386,148,5   681,714,14,830,1730,414,5   809,607,16,766,2040,473,5   725,388,8,2971,3529,237,5   103,632,4,2192,2448,118,3   1090,56,29,3156,4918,857,4   1906,663,25,4020,5308,739,4   408,559,23,2900,4140,680,4   387,541,25,873,2481,739,5   138,358,12,955,1533,355,1   1414,489,25,648,1850,739,2   1645,614,3,2272,2434,89,2
!----------------------------------------------------------------
!Recharge stations: x,y
300,0   1680,198   1105,702   1469,679   967,345   326,462   761,296   1152,234   351,436   675,802   1276,477   613,572   1479,418   544,246   1956,463   1135,317   504,633   604,809   1822,438   1035,378   916,153   270,616   1055,810   195,555   944,722

g inverse recharge rate 0.43
