!----------------------------------------------------------------
!Stores: (first: depot x,y; then: satellites x,y,maxCap)
2600,3750   3040,3820,29370   2710,4010,29370
!----------------------------------------------------------------
!Trucks: (total#, cap, cost/dist, fixcost)
2,16200,1,135   1,24200,1,165
!----------------------------------------------------------------
!CityFreighters: (max cf/sat, total#, cap, cost/dist, fixcost, maxCharge, energyConsumption)
2,2,6480,1,72,802,1   2,2,9680,1,88,1198,1
!----------------------------------------------------------------
!Customers: (x, y, demand, readyTime, dueDate, serviceTime, penalizationCost)
2980,4270,700,1968,2374,287,1   3090,4450,400,2651,2835,164,4   3070,4640,400,1061,1315,164,1   3360,4750,1200,1320,2636,491,4   3200,4390,40,2985,3013,16,1   3210,4370,80,1195,1269,33,5   3220,4370,2000,791,2355,819,2   3230,4330,900,2604,3160,368,5   3240,4330,600,2369,2929,246,5   3230,4290,750,557,1117,307,2   3140,4350,1500,2250,3110,614,4   3110,4420,150,3547,3683,61,5   3040,4270,250,383,583,102,2   2930,4210,1600,76,1236,655,2   2960,4180,450,2184,2534,184,5   2610,3840,700,1494,2298,287,1   2970,4100,550,2479,2879,225,2   3150,4070,650,2533,3033,266,5   3140,4060,200,3412,3586,82,2   3210,3910,400,3020,3252,164,1   3210,3980,300,1343,1561,123,3   3140,3940,1300,2134,3396,532,2   3130,3780,700,2295,2977,287,4   3040,3820,750,992,1464,307,2   2950,4020,1400,1701,2775,573,5   2830,4060,4000,0,1989,1638,2   2790,3990,600,4084,4642,246,1   2710,4010,1000,2326,3348,409,5   2640,4140,500,2441,2909,205,3   2770,4390,2500,0,1774,1024,1   2900,4340,1700,1223,2715,696,2   3190,4330,1100,2011,2927,450,3
!----------------------------------------------------------------
!Recharge stations: x,y
2600,3750   3040,3820   2710,4010   3210,4160   2960,4460   3020,4020

g inverse recharge rate 0.42
