!----------------------------------------------------------------
!Stores: (first: depot x,y; then: satellites x,y,maxCap)
2600,3750   3140,4060,29370   2830,4060,29370
!----------------------------------------------------------------
!Trucks: (total#, cap, cost/dist, fixcost)
2,16200,1,135   1,24200,1,165
!----------------------------------------------------------------
!CityFreighters: (max cf/sat, total#, cap, cost/dist, fixcost, maxCharge, energyConsumption)
2,2,6480,1,72,640,1   2,2,9680,1,88,956,1
!----------------------------------------------------------------
!Customers: (x, y, demand, readyTime, dueDate, serviceTime, penalizationCost)
2980,4270,700,684,1072,214,2   3090,4450,400,2585,2853,123,1   3070,4640,400,2821,3061,123,4   3360,4750,1200,913,1801,368,4   3200,4390,40,2449,2477,12,1   3210,4370,80,2436,2476,25,4   3220,4370,2000,632,1762,613,2   3230,4330,900,255,563,276,1   3240,4330,600,1011,1337,184,3   3230,4290,750,2472,3098,230,1   3140,4350,1500,2295,2973,459,4   3110,4420,150,2700,2780,46,4   3040,4270,250,3006,3182,77,4   2930,4210,1600,2446,3624,490,5   2960,4180,450,309,627,138,1   2610,3840,700,1408,1958,214,2   2970,4100,550,1128,1448,168,2   3150,4070,650,2389,2801,199,3   3140,4060,200,727,875,61,1   3210,3910,400,2000,2316,123,1   3210,3980,300,1426,1592,92,4   3140,3940,1300,2374,3162,398,4   3130,3780,700,2512,2938,214,5   3040,3820,750,702,1118,230,4   2950,4020,1400,1398,2094,429,3   2830,4060,4000,0,2061,1225,2   2790,3990,600,1644,2082,184,5   2710,4010,1000,2315,2793,306,5   2640,4140,500,408,684,153,2   2770,4390,2500,0,1346,766,1   2900,4340,1700,675,1717,521,4   3190,4330,1100,2378,3290,337,4
!----------------------------------------------------------------
!Recharge stations: x,y
2600,3750   3140,4060   2830,4060   2850,4540   3130,4740   2970,4340

g inverse recharge rate 0.39
