!----------------------------------------------------------------
!Stores: (first: depot x,y; then: satellites x,y,maxCap)
1250,1750   1470,1930,22500   1290,1890,22500
!----------------------------------------------------------------
!Trucks: (total#, cap, cost/dist, fixcost)
2,12150,1,135   1,18150,1,165
!----------------------------------------------------------------
!CityFreighters: (max cf/sat, total#, cap, cost/dist, fixcost, maxCharge, energyConsumption)
2,2,4860,1,72,915,1   2,2,7260,1,88,1367,1
!----------------------------------------------------------------
!Customers: (x, y, demand, readyTime, dueDate, serviceTime, penalizationCost)
1510,2640,1100,1924,2692,352,1   1590,2610,700,2702,2982,224,1   1300,2540,800,2087,2661,256,4   1280,2520,1400,942,1888,448,2   1630,2470,2100,2007,3201,671,3   1460,2460,400,1413,1707,128,1   1610,2420,800,923,1431,256,3   1420,2390,100,2502,2570,32,1   1630,2360,500,2648,2982,160,4   1480,2320,600,1880,2098,192,4   1280,2310,1200,2530,3514,384,2   1560,2170,1300,2034,2934,416,3   1290,2140,1300,2874,3708,416,5   1460,2080,300,4121,4319,96,2   1640,2080,900,2849,3527,288,4   1410,2060,2100,0,938,671,3   1470,1930,1000,2823,3427,320,5   1640,1930,900,260,844,288,3   1290,1890,2500,0,1052,799,2   1550,1850,1800,0,1032,576,4   1390,1820,700,1265,1789,224,1
!----------------------------------------------------------------
!Recharge stations: x,y
1250,1750   1470,1930   1290,1890   1570,2080

g inverse recharge rate 0.33
