!----------------------------------------------------------------
!Stores: (first: depot x,y; then: satellites x,y,maxCap)
1250,1750   1290,2140,22500   1470,1930,22500
!----------------------------------------------------------------
!Trucks: (total#, cap, cost/dist, fixcost)
2,12150,1,135   1,18150,1,165
!----------------------------------------------------------------
!CityFreighters: (max cf/sat, total#, cap, cost/dist, fixcost, maxCharge, energyConsumption)
2,2,4860,1,72,502,1   2,2,7260,1,88,750,1
!----------------------------------------------------------------
!Customers: (x, y, demand, readyTime, dueDate, serviceTime, penalizationCost)
1510,2640,1100,906,1676,304,3   1590,2610,700,2862,3126,194,4   1300,2540,800,474,748,221,1   1280,2520,1400,230,790,387,3   1630,2470,2100,2218,3152,581,2   1460,2460,400,3194,3434,111,5   1610,2420,800,1059,1511,221,5   1420,2390,100,3298,3356,28,3   1630,2360,500,2100,2332,138,4   1480,2320,600,2353,2655,166,5   1280,2310,1200,1690,2286,332,5   1560,2170,1300,257,701,360,2   1290,2140,1300,1514,2314,360,4   1460,2080,300,1122,1312,83,2   1640,2080,900,2638,3158,249,3   1410,2060,2100,216,1016,581,3   1470,1930,1000,960,1552,277,3   1640,1930,900,564,988,249,2   1290,1890,2500,2502,3580,692,3   1550,1850,1800,1191,2405,498,3   1390,1820,700,1595,1979,194,4
!----------------------------------------------------------------
!Recharge stations: x,y
1250,1750   1290,2140   1470,1930   1480,2630

g inverse recharge rate 0.53
