!----------------------------------------------------------------
!Stores: (first: depot x,y; then: satellites x,y,maxCap)
1250,1750   1460,2080,22500   1290,1890,22500
!----------------------------------------------------------------
!Trucks: (total#, cap, cost/dist, fixcost)
2,12150,1,135   1,18150,1,165
!----------------------------------------------------------------
!CityFreighters: (max cf/sat, total#, cap, cost/dist, fixcost, maxCharge, energyConsumption)
2,2,4860,1,72,826,1   2,2,7260,1,88,1234,1
!----------------------------------------------------------------
!Customers: (x, y, demand, readyTime, dueDate, serviceTime, penalizationCost)
1510,2640,1100,2129,2739,320,3   1590,2610,700,2137,2573,203,3   1300,2540,800,2492,2912,233,3   1280,2520,1400,2602,3402,407,5   1630,2470,2100,1108,2520,610,2   1460,2460,400,904,1104,116,3   1610,2420,800,668,1050,233,3   1420,2390,100,3043,3095,29,4   1630,2360,500,1151,1435,145,3   1480,2320,600,2311,2617,174,1   1280,2310,1200,2413,3329,349,2   1560,2170,1300,1352,2088,378,2   1290,2140,1300,1847,2603,378,2   1460,2080,300,3406,3582,87,2   1640,2080,900,1534,1894,262,4   1410,2060,2100,1056,2282,610,5   1470,1930,1000,2776,3500,291,4   1640,1930,900,2775,3137,262,1   1290,1890,2500,663,2039,727,2   1550,1850,1800,920,1954,523,4   1390,1820,700,2869,3291,203,2
!----------------------------------------------------------------
!Recharge stations: x,y
1250,1750   1460,2080   1290,1890   1610,2140

g inverse recharge rate 0.34
