!----------------------------------------------------------------
!Stores: (first: depot x,y; then: satellites x,y,maxCap)
1250,1750   1290,2140,22500   1460,2080,22500
!----------------------------------------------------------------
!Trucks: (total#, cap, cost/dist, fixcost)
2,12150,1,135   1,18150,1,165
!----------------------------------------------------------------
!CityFreighters: (max cf/sat, total#, cap, cost/dist, fixcost, maxCharge, energyConsumption)
2,2,4860,1,72,535,1   2,2,7260,1,88,799,1
!----------------------------------------------------------------
!Customers: (x, y, demand, readyTime, dueDate, serviceTime, penalizationCost)
1510,2640,1100,1858,2382,272,5   1590,2610,700,2627,2957,173,3   1300,2540,800,1627,2119,198,2   1280,2520,1400,404,1286,347,4   1630,2470,2100,0,975,520,3   1460,2460,400,2920,3084,99,3   1610,2420,800,2410,2858,198,5   1420,2390,100,2036,2098,25,5   1630,2360,500,1550,1740,124,3   1480,2320,600,1021,1321,149,3   1280,2310,1200,1104,1536,297,5   1560,2170,1300,2173,2695,322,2   1290,2140,1300,2590,3252,322,2   1460,2080,300,1401,1529,74,2   1640,2080,900,691,1099,223,1   1410,2060,2100,0,837,520,3   1470,1930,1000,1822,2448,248,2   1640,1930,900,749,1171,223,1   1290,1890,2500,0,863,619,5   1550,1850,1800,1199,2261,446,2   1390,1820,700,2024,2364,173,3
!----------------------------------------------------------------
!Recharge stations: x,y
1250,1750   1290,2140   1460,2080   1440,2630

g inverse recharge rate 0.44
