!----------------------------------------------------------------
!Stores: (first: depot x,y; then: satellites x,y,maxCap)
2600,3750   2610,3840,29370   3040,3820,29370
!----------------------------------------------------------------
!Trucks: (total#, cap, cost/dist, fixcost)
2,16200,1,135   1,24200,1,165
!----------------------------------------------------------------
!CityFreighters: (max cf/sat, total#, cap, cost/dist, fixcost, maxCharge, energyConsumption)
2,2,6480,1,72,680,1   2,2,9680,1,88,1016,1
!----------------------------------------------------------------
!Customers: (x, y, demand, readyTime, dueDate, serviceTime, penalizationCost)
2980,4270,700,796,1512,336,2   3090,4450,400,3449,3843,192,5   3070,4640,400,677,1123,192,1   3360,4750,1200,1047,2245,577,2   3200,4390,40,1284,1324,19,2   3210,4370,80,4090,4154,38,4   3220,4370,2000,1116,3104,961,3   3230,4330,900,3873,5043,432,3   3240,4330,600,3773,4375,288,2   3230,4290,750,1288,2072,360,2   3140,4350,1500,1539,3385,721,5   3110,4420,150,4454,4624,72,5   3040,4270,250,3485,3741,120,2   2930,4210,1600,3508,4768,769,3   2960,4180,450,4389,4761,216,1   2610,3840,700,4696,5324,336,4   2970,4100,550,743,1215,264,1   3150,4070,650,1423,2191,312,2   3140,4060,200,531,731,96,2   3210,3910,400,2812,3212,192,5   3210,3980,300,3110,3376,144,4   3140,3940,1300,761,1651,625,4   3130,3780,700,2586,3226,336,5   3040,3820,750,1489,2191,360,4   2950,4020,1400,3665,5225,673,3   2830,4060,4000,0,3815,1922,1   2790,3990,600,1811,2559,288,2   2710,4010,1000,3551,4457,480,5   2640,4140,500,4601,5083,240,3   2770,4390,2500,219,2277,1201,5   2900,4340,1700,1714,2994,817,4   3190,4330,1100,1235,2203,529,5
!----------------------------------------------------------------
!Recharge stations: x,y
2600,3750   2610,3840   3040,3820   2760,4580   3300,4320   3120,4580

g inverse recharge rate 0.58
