!----------------------------------------------------------------
!Stores: (first: depot x,y; then: satellites x,y,maxCap)
2600,3750   3140,3940,29370   2830,4060,29370
!----------------------------------------------------------------
!Trucks: (total#, cap, cost/dist, fixcost)
2,16200,1,135   1,24200,1,165
!----------------------------------------------------------------
!CityFreighters: (max cf/sat, total#, cap, cost/dist, fixcost, maxCharge, energyConsumption)
2,2,6480,1,72,761,1   2,2,9680,1,88,1137,1
!----------------------------------------------------------------
!Customers: (x, y, demand, readyTime, dueDate, serviceTime, penalizationCost)
2980,4270,700,1650,2188,233,5   3090,4450,400,1701,1965,133,1   3070,4640,400,2680,2926,133,3   3360,4750,1200,453,1309,400,2   3200,4390,40,1864,1894,13,2   3210,4370,80,2871,2915,27,2   3220,4370,2000,3,1453,666,3   3230,4330,900,2250,2600,300,5   3240,4330,600,2123,2521,200,4   3230,4290,750,1249,1831,250,1   3140,4350,1500,2565,3665,500,5   3110,4420,150,1947,2075,50,3   3040,4270,250,1023,1199,83,2   2930,4210,1600,2516,3844,533,5   2960,4180,450,2820,3056,150,2   2610,3840,700,2134,2784,233,4   2970,4100,550,973,1267,183,3   3150,4070,650,569,1161,217,3   3140,4060,200,3209,3303,67,4   3210,3910,400,2550,2740,133,5   3210,3980,300,1075,1303,100,5   3140,3940,1300,1102,2192,433,4   3130,3780,700,2163,2615,233,2   3040,3820,750,1433,2013,250,4   2950,4020,1400,1351,2301,466,3   2830,4060,4000,0,1712,1333,4   2790,3990,600,186,658,200,2   2710,4010,1000,2990,3650,333,1   2640,4140,500,3280,3620,167,4   2770,4390,2500,972,2844,833,3   2900,4340,1700,0,1012,566,4   3190,4330,1100,1975,2559,367,3
!----------------------------------------------------------------
!Recharge stations: x,y
2600,3750   3140,3940   2830,4060   2990,4420   2750,4440   3230,4300

g inverse recharge rate 0.36
