!----------------------------------------------------------------
!Stores: (first: depot x,y; then: satellites x,y,maxCap)
400,400   550,200,1364   350,510,1364   210,360,1364   540,380,1364   550,570,1364   300,200,1364
!----------------------------------------------------------------
!Trucks: (total#, cap, cost/dist, fixcost)
2,454,1,135   1,678,1,165
!----------------------------------------------------------------
!CityFreighters: (max cf/sat, total#, cap, cost/dist, fixcost, maxCharge, energyConsumption)
38,38,113,1,72,510,1   37,37,169,1,88,762,1
!----------------------------------------------------------------
!Customers: (x, y, demand, readyTime, dueDate, serviceTime, penalizationCost)
220,220,18,1044,1510,250,1   360,260,26,176,910,361,1   210,450,11,2422,2696,153,3   450,350,30,1278,2134,416,3   550,200,21,1462,1984,292,4   330,340,19,1474,1970,264,3   500,500,15,1093,1589,208,3   550,450,16,58,604,222,4   260,590,29,1204,1858,403,3   400,660,26,556,1418,361,2   550,650,37,1892,2820,514,1   350,510,16,2425,2893,222,3   620,350,12,335,807,167,3   620,570,31,1307,2225,430,1   620,240,8,973,1241,111,5   210,360,19,631,1277,264,5   330,440,20,1242,1622,278,3   90,560,13,761,1079,180,3   620,480,15,2466,2808,208,3   660,140,22,2059,2759,305,5   440,130,28,2058,2500,389,1   260,130,12,777,1079,167,2   110,280,6,1984,2124,83,3   70,430,27,592,1396,375,1   170,640,14,2273,2605,194,4   410,460,18,1755,2455,250,5   550,340,17,2223,2703,236,5   350,160,29,1003,2035,403,1   520,260,13,2160,2472,180,1   430,260,22,174,948,305,2   310,760,25,1595,2459,347,2   220,530,28,941,1831,389,4   260,290,27,606,1536,375,2   500,400,19,474,1022,264,2   550,500,10,2666,2900,139,2   540,100,12,656,1050,167,5   600,150,14,1887,2201,194,1   470,660,24,2204,2966,333,1   300,600,16,187,517,222,5   300,500,33,826,1658,458,4   120,170,15,2385,2735,208,3   150,140,11,952,1284,153,1   160,190,18,952,1482,250,5   210,480,17,382,774,236,1   500,300,21,1147,1735,292,4   510,420,27,511,1167,375,5   500,150,19,315,753,264,5   480,210,20,1964,2566,278,1   120,380,5,1579,1697,69,3   150,560,22,1969,2519,305,4   290,390,12,746,1038,167,2   540,380,19,615,987,264,1   550,570,22,105,815,305,2   670,410,16,1453,1873,222,2   100,700,7,573,789,97,4   60,250,26,750,1586,361,1   650,270,14,975,1435,194,5   400,600,21,2,634,292,3   700,640,24,1618,2316,333,4   640,40,13,1170,1518,180,4   360,60,15,1735,1989,208,2   300,200,18,1255,1631,250,5   200,300,11,607,999,153,4   150,50,28,258,1192,389,1   500,700,9,529,777,125,2   570,720,37,957,1901,514,5   450,420,30,1123,1889,416,1   380,330,10,1446,1644,139,5   500,40,8,2054,2292,111,2   660,80,11,900,1262,153,1   590,50,3,2444,2540,42,4   350,600,1,2289,2329,14,2   270,240,6,2835,3013,83,2   400,200,10,2235,2529,139,1   400,370,20,289,813,278,2
!----------------------------------------------------------------
!Recharge stations: x,y
400,400   550,200   350,510   210,360   540,380   550,570   300,200

g inverse recharge rate 0.44
