!----------------------------------------------------------------
!Stores: (first: depot x,y; then: satellites x,y,maxCap)
10,10   620,420,777   70,380,777   370,690,777   390,100,777
!----------------------------------------------------------------
!Trucks: (total#, cap, cost/dist, fixcost)
1,518,1,135   1,774,1,165
!----------------------------------------------------------------
!CityFreighters: (max cf/sat, total#, cap, cost/dist, fixcost, maxCharge, energyConsumption)
25,25,130,1,72,454,1   25,25,194,1,88,678,1
!----------------------------------------------------------------
!Customers: (x, y, demand, readyTime, dueDate, serviceTime, penalizationCost)
370,520,7,1359,1565,134,5   490,490,30,821,2001,576,4   520,640,16,1161,1747,307,5   200,260,9,2981,3357,173,4   400,300,21,2680,3490,403,5   210,470,15,1493,2085,288,3   170,630,19,855,1749,365,5   310,620,23,62,878,442,3   520,330,11,1671,2081,211,4   510,210,5,1087,1241,96,2   420,410,19,1104,1948,365,2   310,320,29,1724,2378,557,3   50,250,23,2693,3217,442,5   120,420,21,735,1359,403,1   360,160,10,2542,2822,192,4   520,410,15,122,692,288,1   270,230,3,2855,2933,58,3   170,330,41,715,2455,787,1   130,130,9,1898,2234,173,3   570,580,28,0,985,538,3   620,420,8,695,1043,154,1   420,570,8,384,744,154,2   160,570,16,2233,2979,307,2   80,520,10,2869,3407,192,1   70,380,28,1961,2899,538,5   270,680,7,1303,1621,134,1   300,480,15,720,1430,288,3   430,670,14,1422,2062,269,5   580,480,6,2275,2473,115,2   580,270,19,169,905,365,3   370,690,11,2826,3202,211,1   380,460,12,137,647,230,2   460,100,23,1873,2649,442,4   610,330,26,311,1063,499,3   620,630,17,1071,1969,326,4   630,690,6,1898,2108,115,1   320,220,9,2386,2716,173,4   450,350,15,204,754,288,4   590,150,14,2969,3501,269,3   50,60,7,2227,2455,134,2   100,170,27,445,1605,519,1   210,100,13,608,1024,250,3   50,640,11,1880,2342,211,2   300,150,16,726,1370,307,3   390,100,10,1098,1362,192,5   320,390,5,3037,3255,96,2   250,320,25,2092,2836,480,4   250,550,17,2619,3307,326,5   480,280,18,2290,3192,346,2   560,370,10,263,777,192,1
!----------------------------------------------------------------
!Recharge stations: x,y
10,10   620,420   70,380   370,690   390,100

g inverse recharge rate 0.59
