!----------------------------------------------------------------
!Stores: (first: depot x,y; then: satellites x,y,maxCap)
10,10   220,530,1364   480,210,1364   540,380,1364   550,570,1364   270,240,1364
!----------------------------------------------------------------
!Trucks: (total#, cap, cost/dist, fixcost)
2,454,1,135   1,678,1,165
!----------------------------------------------------------------
!CityFreighters: (max cf/sat, total#, cap, cost/dist, fixcost, maxCharge, energyConsumption)
38,38,113,1,72,405,1   37,37,169,1,88,605,1
!----------------------------------------------------------------
!Customers: (x, y, demand, readyTime, dueDate, serviceTime, penalizationCost)
220,220,18,1533,2071,253,5   360,260,26,288,1110,365,5   210,450,11,1172,1620,154,5   450,350,30,971,1973,421,1   550,200,21,1047,1753,295,5   330,340,19,2434,2876,267,4   500,500,15,895,1299,211,5   550,450,16,481,937,225,3   260,590,29,1693,2591,407,1   400,660,26,2382,3008,365,3   550,650,37,242,1390,520,1   350,510,16,1612,2072,225,1   620,350,12,922,1310,169,5   620,570,31,0,834,435,3   620,240,8,2193,2471,112,2   210,360,19,585,1111,267,5   330,440,20,756,1260,281,2   90,560,13,482,780,183,4   620,480,15,895,1363,211,3   660,140,22,2071,2657,309,2   440,130,28,1198,2124,393,1   260,130,12,1625,1985,169,2   110,280,6,2021,2137,84,4   70,430,27,1449,2179,379,3   170,640,14,444,840,197,2   410,460,18,134,612,253,1   550,340,17,1737,2153,239,1   350,160,29,1151,1963,407,4   520,260,13,1242,1544,183,2   430,260,22,1331,1875,309,2   310,760,25,1589,2127,351,5   220,530,28,1911,2661,393,4   260,290,27,560,1302,379,5   500,400,19,871,1425,267,3   550,500,10,371,595,140,1   540,100,12,2575,2837,169,1   600,150,14,1784,2150,197,5   470,660,24,105,835,337,4   300,600,16,1430,1868,225,3   300,500,33,1111,1749,463,4   120,170,15,2189,2635,211,3   150,140,11,1245,1697,154,5   160,190,18,200,570,253,5   210,480,17,1628,2004,239,4   500,300,21,0,580,295,5   510,420,27,233,931,379,1   500,150,19,979,1593,267,4   480,210,20,697,1317,281,3   120,380,5,1866,2006,70,3   150,560,22,1396,1968,309,4   290,390,12,1502,1840,169,1   540,380,19,2486,3040,267,4   550,570,22,2410,2898,309,3   670,410,16,133,605,225,2   100,700,7,996,1160,98,3   60,250,26,657,1649,365,2   650,270,14,224,690,197,2   400,600,21,1789,2481,295,2   700,640,24,1671,2239,337,1   640,40,13,452,722,183,1   360,60,15,898,1302,211,3   300,200,18,2219,2585,253,4   200,300,11,900,1186,154,5   150,50,28,99,875,393,3   500,700,9,790,1068,126,4   570,720,37,629,1365,520,5   450,420,30,1104,2190,421,1   380,330,10,2043,2225,140,1   500,40,8,1678,1880,112,5   660,80,11,2212,2548,154,2   590,50,3,1580,1648,42,1   350,600,1,559,583,14,5   270,240,6,217,373,84,4   400,200,10,655,923,140,3   400,370,20,35,587,281,2
!----------------------------------------------------------------
!Recharge stations: x,y
10,10   220,530   480,210   540,380   550,570   270,240   60,190

g inverse recharge rate 0.56
