!----------------------------------------------------------------
!Stores: (first: depot x,y; then: satellites x,y,maxCap)
10,10   550,200,1364   350,510,1364   210,360,1364   540,380,1364   550,570,1364   300,200,1364
!----------------------------------------------------------------
!Trucks: (total#, cap, cost/dist, fixcost)
2,454,1,135   1,678,1,165
!----------------------------------------------------------------
!CityFreighters: (max cf/sat, total#, cap, cost/dist, fixcost, maxCharge, energyConsumption)
38,38,113,1,72,510,1   37,37,169,1,88,762,1
!----------------------------------------------------------------
!Customers: (x, y, demand, readyTime, dueDate, serviceTime, penalizationCost)
220,220,18,1144,1766,250,5   360,260,26,0,565,361,3   210,450,11,2025,2401,153,5   450,350,30,1649,2867,416,4   550,200,21,1177,1643,292,5   330,340,19,2127,2653,264,1   500,500,15,1604,1974,208,2   550,450,16,1571,2011,222,3   260,590,29,0,1178,403,1   400,660,26,124,584,361,1   550,650,37,1918,2796,514,1   350,510,16,1777,2225,222,5   620,350,12,1157,1441,167,5   620,570,31,1435,2397,430,3   620,240,8,2720,2922,111,5   210,360,19,2156,2568,264,5   330,440,20,70,626,278,5   90,560,13,2240,2516,180,3   620,480,15,1708,2120,208,5   660,140,22,155,893,305,1   440,130,28,2088,2636,389,1   260,130,12,1624,1992,167,3   110,280,6,2008,2158,83,2   70,430,27,141,695,375,1   170,640,14,2509,2825,194,3   410,460,18,2312,2858,250,1   550,340,17,847,1379,236,4   350,160,29,2109,3039,403,2   520,260,13,478,766,180,3   430,260,22,900,1448,305,5   310,760,25,2025,2433,347,5   220,530,28,597,1437,389,3   260,290,27,1332,2244,375,4   500,400,19,1129,1795,264,3   550,500,10,2448,2652,139,5   540,100,12,1086,1384,167,5   600,150,14,530,998,194,2   470,660,24,2357,2991,333,2   300,600,16,2188,2612,222,2   300,500,33,84,1082,458,4   120,170,15,1808,2248,208,3   150,140,11,1274,1662,153,2   160,190,18,1270,1748,250,3   210,480,17,2410,2810,236,2   500,300,21,0,535,292,5   510,420,27,2225,3253,375,2   500,150,19,52,574,264,3   480,210,20,2522,2978,278,5   120,380,5,1139,1293,69,1   150,560,22,1053,1657,305,2   290,390,12,1995,2333,167,5   540,380,19,2213,2731,264,5   550,570,22,2437,2905,305,1   670,410,16,764,1434,222,1   100,700,7,2236,2424,97,4   60,250,26,330,1266,361,2   650,270,14,366,774,194,1   400,600,21,1441,2119,292,1   700,640,24,1045,1897,333,5   640,40,13,2380,2684,180,1   360,60,15,1738,2168,208,2   300,200,18,753,1393,250,3   200,300,11,275,469,153,5   150,50,28,1290,2228,389,5   500,700,9,998,1208,125,3   570,720,37,1038,1888,514,1   450,420,30,2146,2810,416,4   380,330,10,2650,2950,139,1   500,40,8,1529,1833,111,2   660,80,11,599,823,153,3   590,50,3,2738,2844,42,2   350,600,1,1952,1976,14,4   270,240,6,2906,3090,83,2   400,200,10,1606,1844,139,4   400,370,20,2314,2662,278,1
!----------------------------------------------------------------
!Recharge stations: x,y
10,10   550,200   350,510   210,360   540,380   550,570   300,200

g inverse recharge rate 0.44
