!----------------------------------------------------------------
!Stores: (first: depot x,y; then: satellites x,y,maxCap)
10,10   70,380,777   370,690,777   630,690,777   590,150,777   50,640,777
!----------------------------------------------------------------
!Trucks: (total#, cap, cost/dist, fixcost)
1,518,1,135   1,774,1,165
!----------------------------------------------------------------
!CityFreighters: (max cf/sat, total#, cap, cost/dist, fixcost, maxCharge, energyConsumption)
25,25,130,1,72,494,1   25,25,194,1,88,738,1
!----------------------------------------------------------------
!Customers: (x, y, demand, readyTime, dueDate, serviceTime, penalizationCost)
370,520,7,1558,1822,153,4   490,490,30,0,1165,654,2   520,640,16,886,1612,349,2   200,260,9,3575,3999,196,5   400,300,21,1623,2243,458,1   210,470,15,3346,3918,327,2   170,630,19,1057,2179,414,1   310,620,23,629,1515,501,1   520,330,11,1443,1943,240,2   510,210,5,1727,1937,109,4   420,410,19,2889,3427,414,3   310,320,29,259,1391,632,2   50,250,23,1084,2218,501,5   120,420,21,567,1677,458,5   360,160,10,3159,3529,218,4   520,410,15,2142,2804,327,5   270,230,3,424,528,65,4   170,330,41,1521,3407,894,4   130,130,9,2403,2787,196,3   570,580,28,533,1953,610,5   620,420,8,1712,2024,174,1   420,570,8,544,844,174,5   160,570,16,1245,1969,349,5   80,520,10,1313,1825,218,3   70,380,28,2508,3708,610,5   270,680,7,1214,1296,153,1   300,480,15,3202,3850,327,5   430,670,14,608,1078,305,2   580,480,6,2651,2863,131,4   580,270,19,469,1157,414,4   370,690,11,1631,2101,240,4   380,460,12,2083,2673,262,4   460,100,23,1133,2131,501,3   610,330,26,453,1841,567,3   620,630,17,934,1644,370,2   630,690,6,952,1230,131,2   320,220,9,1933,2259,196,2   450,350,15,2770,3318,327,4   590,150,14,248,834,305,5   50,60,7,2330,2552,153,2   100,170,27,1253,2311,588,5   210,100,13,1199,1809,283,1   50,640,11,1068,1444,240,4   300,150,16,1394,1758,349,5   390,100,10,2428,2766,218,3   320,390,5,1432,1674,109,4   250,320,25,3134,3734,545,3   250,550,17,405,1109,370,5   480,280,18,3134,4136,392,5   560,370,10,3518,3906,218,5
!----------------------------------------------------------------
!Recharge stations: x,y
10,10   70,380   370,690   630,690   590,150   50,640

g inverse recharge rate 0.61
