!----------------------------------------------------------------
!Stores: (first: depot x,y; then: satellites x,y,maxCap)
10,10   550,200,1458   200,400,1458   490,580,1458   120,240,1458   560,390,1458   250,210,1458
!----------------------------------------------------------------
!Trucks: (total#, cap, cost/dist, fixcost)
2,363,1,135   2,542,1,165
!----------------------------------------------------------------
!CityFreighters: (max cf/sat, total#, cap, cost/dist, fixcost, maxCharge, energyConsumption)
50,50,91,1,72,446,1   50,50,136,1,88,666,1
!----------------------------------------------------------------
!Customers: (x, y, demand, readyTime, dueDate, serviceTime, penalizationCost)
410,490,10,124,532,184,4   350,170,7,931,1203,129,2   550,450,13,380,934,240,1   550,200,19,1781,2335,350,4   150,300,26,244,950,479,5   250,300,3,1336,1452,55,4   200,500,5,1199,1403,92,5   100,430,9,2564,2960,166,5   550,600,16,867,1541,295,2   300,600,16,582,1220,295,1   200,650,12,1904,2446,221,5   500,350,19,669,1461,350,4   300,250,23,2082,2948,424,1   150,100,20,594,1508,369,1   300,50,8,833,1213,147,5   100,200,19,1676,2452,350,5   50,300,2,1652,1726,37,4   200,400,12,2060,2678,221,2   150,600,17,1917,2591,313,1   450,650,9,2609,3005,166,3   450,200,11,1033,1461,203,2   450,100,18,1966,2448,332,5   550,50,29,360,1600,534,4   650,350,3,1324,1412,55,2   650,200,6,2649,2829,111,2   450,300,17,1866,2512,313,2   350,400,16,1206,1812,295,1   410,370,16,1458,2070,295,3   640,420,9,1405,1781,166,4   400,600,21,1235,2153,387,5   310,520,27,2045,3111,498,2   350,690,23,2019,2839,424,4   530,520,11,1092,1512,203,1   650,550,14,1465,2103,258,5   630,650,8,539,807,147,4   20,600,5,2339,2519,92,4   200,200,8,1817,2119,147,4   50,50,16,810,1514,295,5   600,120,31,562,2118,571,4   400,250,9,2316,2554,166,4   420,70,5,2164,2266,92,5   240,120,5,437,645,92,2   230,30,7,1607,1837,129,4   110,140,18,475,1127,332,5   60,380,16,383,861,295,5   20,480,1,2424,2464,18,4   80,560,27,2189,2985,498,1   130,520,36,259,1333,663,2   60,680,30,1970,3040,553,5   470,470,13,2522,3138,240,4   490,580,10,670,1058,184,3   270,430,9,2769,3157,166,5   370,310,14,1259,1879,258,4   570,290,18,869,1645,332,2   630,230,2,2432,2478,37,3   530,120,6,1850,2106,111,3   320,120,7,773,1015,129,1   360,260,18,205,1003,332,1   210,240,28,321,1481,516,4   170,340,3,1448,1586,55,1   120,240,13,1701,2143,240,5   240,580,19,664,1362,350,3   270,690,10,1489,1785,184,3   150,770,9,2021,2233,166,4   620,770,20,1959,2619,369,2   490,730,25,311,1201,461,1   670,50,25,1518,2136,461,4   560,390,36,63,1381,663,1   370,470,6,3047,3221,111,3   370,560,5,2412,2616,92,4   570,680,15,2209,2603,276,5   470,160,25,1496,2488,461,2   440,170,9,1474,1896,166,1   460,130,8,2856,3222,147,4   490,110,18,895,1479,332,4   490,420,13,2746,3246,240,5   530,430,14,1077,1577,258,3   610,520,3,2980,3110,55,2   570,480,23,49,1209,424,1   560,370,6,2780,2976,111,3   550,540,26,1015,2247,479,4   150,470,16,1549,1889,295,4   140,370,11,1173,1535,203,3   110,310,7,1951,2147,129,2   160,220,41,869,2773,755,4   40,180,35,1825,2811,645,4   280,180,26,875,1731,479,2   260,520,9,2308,2602,166,3   260,350,15,2272,2840,276,5   310,670,3,1850,1934,55,2   150,190,1,2237,2275,18,1   220,220,2,309,375,37,4   180,240,22,1083,1761,405,2   260,270,27,853,1815,498,3   250,240,20,1599,2343,369,2   220,270,11,2790,3102,203,5   250,210,12,1491,1841,221,3   190,210,10,290,704,184,3   200,260,9,948,1346,166,2   180,180,17,209,711,313,2
!----------------------------------------------------------------
!Recharge stations: x,y
10,10   550,200   200,400   490,580   120,240   560,390   250,210   690,300   360,320   270,770

g inverse recharge rate 0.54
