!----------------------------------------------------------------
!Stores: (first: depot x,y; then: satellites x,y,maxCap)
300,400   490,490,777   200,260,777   120,420,777   360,160,777   250,550,777   480,280,777
!----------------------------------------------------------------
!Trucks: (total#, cap, cost/dist, fixcost)
1,518,1,135   1,774,1,165
!----------------------------------------------------------------
!CityFreighters: (max cf/sat, total#, cap, cost/dist, fixcost, maxCharge, energyConsumption)
25,25,130,1,72,405,1   25,25,194,1,88,605,1
!----------------------------------------------------------------
!Customers: (x, y, demand, readyTime, dueDate, serviceTime, penalizationCost)
370,520,7,2327,2577,113,4   490,490,30,1021,2353,483,3   520,640,16,1894,2316,258,4   200,260,9,2216,2546,145,2   400,300,21,496,1304,338,2   210,470,15,1887,2379,242,2   170,630,19,1032,1600,306,5   310,620,23,381,1221,370,2   520,330,11,2156,2508,177,5   510,210,5,2553,2657,81,2   420,410,19,1818,2486,306,2   310,320,29,637,1601,467,3   50,250,23,2126,2956,370,2   120,420,21,934,1682,338,3   360,160,10,274,626,161,2   520,410,15,379,997,242,5   270,230,3,473,553,48,3   170,330,41,0,986,660,2   130,130,9,2690,2982,145,5   570,580,28,1988,3002,451,3   620,420,8,1022,1324,129,5   420,570,8,2604,2832,129,5   160,570,16,65,623,258,1   80,520,10,909,1367,161,5   70,380,28,0,779,451,1   270,680,7,1813,2057,113,4   300,480,15,1169,1677,242,5   430,670,14,1566,1850,226,4   580,480,6,2492,2740,97,3   580,270,19,640,1164,306,2   370,690,11,1406,1700,177,2   380,460,12,724,966,193,2   460,100,23,408,1202,370,2   610,330,26,259,823,419,4   620,630,17,474,988,274,5   630,690,6,887,1075,97,4   320,220,9,1644,1996,145,5   450,350,15,1846,2402,242,4   590,150,14,504,906,226,5   50,60,7,1224,1518,113,3   100,170,27,1362,2158,435,4   210,100,13,2595,2841,209,5   50,640,11,2403,2671,177,3   300,150,16,1378,1762,258,1   390,100,10,2592,2940,161,4   320,390,5,1570,1816,81,3   250,320,25,2180,2640,403,5   250,550,17,699,1267,274,3   480,280,18,523,915,290,2   560,370,10,1222,1540,161,5
!----------------------------------------------------------------
!Recharge stations: x,y
300,400   490,490   200,260   120,420   360,160   250,550   480,280

g inverse recharge rate 0.55
