!----------------------------------------------------------------
!Stores: (first: depot x,y; then: satellites x,y,maxCap)
10,10   300,50,1458   640,420,1458   60,380,1458   150,770,1458   620,770,1458   670,50,1458
!----------------------------------------------------------------
!Trucks: (total#, cap, cost/dist, fixcost)
2,363,1,135   2,542,1,165
!----------------------------------------------------------------
!CityFreighters: (max cf/sat, total#, cap, cost/dist, fixcost, maxCharge, energyConsumption)
50,50,91,1,72,348,1   50,50,136,1,88,520,1
!----------------------------------------------------------------
!Customers: (x, y, demand, readyTime, dueDate, serviceTime, penalizationCost)
410,490,10,3852,4484,256,3   350,170,7,3122,3456,179,2   550,450,13,2033,2545,333,2   550,200,19,2288,3560,487,5   150,300,26,648,1980,666,3   250,300,3,2837,2973,77,1   200,500,5,3604,3794,128,5   100,430,9,402,754,231,5   550,600,16,2744,3766,410,1   300,600,16,2061,2791,410,3   200,650,12,2248,2864,308,1   500,350,19,3641,4419,487,1   300,250,23,272,808,590,3   150,100,20,1346,2630,513,2   300,50,8,1835,2291,205,3   100,200,19,1083,2343,487,3   50,300,2,483,593,51,5   200,400,12,2001,2613,308,2   150,600,17,1908,2650,436,3   450,650,9,692,1210,231,3   450,200,11,612,1078,282,2   450,100,18,728,1986,461,5   550,50,29,0,1569,743,5   650,350,3,579,747,77,2   650,200,6,2382,2624,154,4   450,300,17,247,1015,436,3   350,400,16,556,1700,410,2   410,370,16,3089,3819,410,3   640,420,9,730,1280,231,5   400,600,21,1830,3150,538,1   310,520,27,760,2270,692,2   350,690,23,1703,2839,590,3   530,520,11,2234,2768,282,4   650,550,14,1456,2438,359,1   630,650,8,1065,1385,205,1   20,600,5,1048,1296,128,1   200,200,8,4062,4476,205,2   50,50,16,2396,3194,410,2   600,120,31,2280,4196,795,1   400,250,9,2957,3383,231,3   420,70,5,757,979,128,4   240,120,5,3497,3835,128,1   230,30,7,978,1418,179,1   110,140,18,2912,4006,461,2   60,380,16,2037,2925,410,2   20,480,1,3788,3844,26,3   80,560,27,105,1081,692,5   130,520,36,778,2184,923,4   60,680,30,2476,3748,769,1   470,470,13,2813,3531,333,4   490,580,10,537,1255,256,1   270,430,9,1904,2382,231,4   370,310,14,2801,3707,359,1   570,290,18,385,1471,461,5   630,230,2,3434,3538,51,5   530,120,6,3328,3578,154,2   320,120,7,1837,2081,179,1   360,260,18,3270,4124,461,1   210,240,28,2548,3818,718,3   170,340,3,3475,3631,77,3   120,240,13,301,1031,333,1   240,580,19,15,873,487,1   270,690,10,1512,1934,256,4   150,770,9,3778,4152,231,2   620,770,20,25,1147,513,5   490,730,25,638,2186,641,5   670,50,25,1880,3332,641,3   560,390,36,0,1506,923,2   370,470,6,2133,2457,154,4   370,560,5,1629,1961,128,5   570,680,15,235,877,384,1   470,160,25,122,1894,641,4   440,170,9,3520,3882,231,1   460,130,8,1534,2128,205,3   490,110,18,3418,4738,461,1   490,420,13,2377,3011,333,5   530,430,14,3695,4657,359,3   610,520,3,3077,3247,77,4   570,480,23,3400,4414,590,3   560,370,6,1746,2032,154,1   550,540,26,2771,4241,666,3   150,470,16,3078,3692,410,2   140,370,11,1345,1811,282,5   110,310,7,404,808,179,3   160,220,41,62,1866,1051,4   40,180,35,647,1761,897,4   280,180,26,2610,4024,666,5   260,520,9,2539,3001,231,2   260,350,15,2313,3295,384,3   310,670,3,4063,4209,77,5   150,190,1,1158,1232,26,3   220,220,2,3757,3821,51,3   180,240,22,2505,3617,564,3   260,270,27,0,1450,692,2   250,240,20,1497,2433,513,1   220,270,11,2798,3414,282,3   250,210,12,1761,2229,308,4   190,210,10,851,1285,256,3   200,260,9,955,1361,231,3   180,180,17,1013,1891,436,2
!----------------------------------------------------------------
!Recharge stations: x,y
10,10   300,50   640,420   60,380   150,770   620,770   670,50   200,200   380,610   260,370

g inverse recharge rate 0.96
