!----------------------------------------------------------------
!Stores: (first: depot x,y; then: satellites x,y,maxCap)
10,10   640,420,1458   350,690,1458   420,70,1458   60,380,1458
!----------------------------------------------------------------
!Trucks: (total#, cap, cost/dist, fixcost)
2,363,1,135   2,542,1,165
!----------------------------------------------------------------
!CityFreighters: (max cf/sat, total#, cap, cost/dist, fixcost, maxCharge, energyConsumption)
50,50,91,1,72,437,1   50,50,136,1,88,653,1
!----------------------------------------------------------------
!Customers: (x, y, demand, readyTime, dueDate, serviceTime, penalizationCost)
410,490,10,2324,2766,218,2   350,170,7,2388,2642,152,2   550,450,13,2425,2947,283,3   550,200,19,1150,1760,414,3   150,300,26,1792,3274,566,1   250,300,3,2961,3073,65,4   200,500,5,296,476,109,4   100,430,9,392,706,196,5   550,600,16,2098,2782,349,1   300,600,16,620,1292,349,5   200,650,12,1052,1598,261,5   500,350,19,235,1173,414,4   300,250,23,940,2082,501,2   150,100,20,1476,2176,436,4   300,50,8,2100,2516,174,2   100,200,19,657,1537,414,5   50,300,2,674,784,44,5   200,400,12,1361,1995,261,2   150,600,17,1846,2684,370,5   450,650,9,1850,2222,196,4   450,200,11,528,828,240,4   450,100,18,2544,3386,392,4   550,50,29,1290,2876,632,4   650,350,3,2748,2910,65,1   650,200,6,2631,2825,131,1   450,300,17,1727,2271,370,2   350,400,16,531,1131,349,5   410,370,16,1256,2056,349,4   640,420,9,2675,2965,196,4   400,600,21,1157,1997,457,1   310,520,27,748,2554,588,1   350,690,23,1559,2763,501,3   530,520,11,234,624,240,2   650,550,14,1800,2286,305,5   630,650,8,802,1268,174,1   20,600,5,478,710,109,4   200,200,8,424,758,174,5   50,50,16,1126,1658,349,4   600,120,31,95,1387,675,3   400,250,9,1929,2325,196,3   420,70,5,2467,2729,109,4   240,120,5,3206,3422,109,2   230,30,7,1175,1483,152,2   110,140,18,1327,1857,392,3   60,380,16,1400,2050,349,3   20,480,1,3500,3542,22,5   80,560,27,1565,2715,588,5   130,520,36,642,1616,784,4   60,680,30,2031,3141,653,1   470,470,13,1239,1771,283,4   490,580,10,703,1101,218,4   270,430,9,3328,3628,196,4   370,310,14,1159,1657,305,2   570,290,18,731,1631,392,4   630,230,2,2015,2125,44,3   530,120,6,1659,1839,131,3   320,120,7,2518,2806,152,2   360,260,18,2318,3294,392,3   210,240,28,299,1841,610,3   170,340,3,1933,2107,65,4   120,240,13,2270,2680,283,2   240,580,19,484,1334,414,1   270,690,10,1179,1421,218,1   150,770,9,3020,3390,196,5   620,770,20,703,1487,436,4   490,730,25,2337,3675,545,4   670,50,25,1734,3076,545,5   560,390,36,764,2070,784,1   370,470,6,3295,3565,131,1   370,560,5,839,1065,109,4   570,680,15,372,936,327,3   470,160,25,1663,3027,545,2   440,170,9,2276,2626,196,5   460,130,8,1984,2426,174,5   490,110,18,1299,2075,392,3   490,420,13,1427,2101,283,2   530,430,14,2228,2826,305,1   610,520,3,1785,1863,65,1   570,480,23,140,1406,501,1   560,370,6,1225,1417,131,5   550,540,26,2078,3062,566,2   150,470,16,2042,2988,349,3   140,370,11,978,1368,240,1   110,310,7,831,1283,152,2   160,220,41,1366,2812,893,3   40,180,35,1184,2812,762,1   280,180,26,1388,2452,566,1   260,520,9,2713,3043,196,5   260,350,15,203,1019,327,1   310,670,3,1015,1171,65,4   150,190,1,1753,1803,22,5   220,220,2,782,886,44,3   180,240,22,1034,1676,479,1   260,270,27,1048,2710,588,5   250,240,20,1449,2347,436,5   220,270,11,367,1089,240,1   250,210,12,2867,3393,261,3   190,210,10,1141,1529,218,3   200,260,9,2830,3146,196,1   180,180,17,577,1203,370,1
!----------------------------------------------------------------
!Recharge stations: x,y
10,10   640,420   350,690   420,70   60,380   180,580   580,680   80,250   420,760   250,720

g inverse recharge rate 0.65
