!----------------------------------------------------------------
!Stores: (first: depot x,y; then: satellites x,y,maxCap)
400,400   220,530,1364   480,210,1364   540,380,1364   550,570,1364   270,240,1364
!----------------------------------------------------------------
!Trucks: (total#, cap, cost/dist, fixcost)
2,454,1,135   1,678,1,165
!----------------------------------------------------------------
!CityFreighters: (max cf/sat, total#, cap, cost/dist, fixcost, maxCharge, energyConsumption)
38,38,113,1,72,405,1   37,37,169,1,88,605,1
!----------------------------------------------------------------
!Customers: (x, y, demand, readyTime, dueDate, serviceTime, penalizationCost)
220,220,18,1371,1855,253,2   360,260,26,620,1308,365,1   210,450,11,2741,2995,154,1   450,350,30,982,2038,421,5   550,200,21,1193,1777,295,5   330,340,19,1115,1557,267,2   500,500,15,97,629,211,4   550,450,16,659,1141,225,5   260,590,29,1064,1882,407,5   400,660,26,1274,1884,365,5   550,650,37,231,1149,520,3   350,510,16,2419,2953,225,5   620,350,12,754,1076,169,5   620,570,31,1040,1886,435,2   620,240,8,1088,1356,112,5   210,360,19,1563,1907,267,5   330,440,20,1667,2009,281,4   90,560,13,1494,2012,183,4   620,480,15,409,753,211,3   660,140,22,1110,1670,309,4   440,130,28,679,1579,393,1   260,130,12,1068,1500,169,2   110,280,6,2830,3036,84,2   70,430,27,1737,2577,379,5   170,640,14,2055,2535,197,2   410,460,18,503,905,253,5   550,340,17,2314,2730,239,2   350,160,29,1372,2332,407,4   520,260,13,767,1087,183,2   430,260,22,2553,2979,309,1   310,760,25,1137,2017,351,4   220,530,28,833,1697,393,4   260,290,27,1375,2159,379,2   500,400,19,1158,1634,267,2   550,500,10,225,597,140,4   540,100,12,755,1103,169,2   600,150,14,1383,1795,197,2   470,660,24,1618,2330,337,2   300,600,16,2325,2881,225,2   300,500,33,2403,2783,463,3   120,170,15,2310,2766,211,1   150,140,11,1395,1677,154,3   160,190,18,370,852,253,2   210,480,17,1145,1621,239,1   500,300,21,2648,3108,295,3   510,420,27,206,758,379,4   500,150,19,305,925,267,4   480,210,20,896,1406,281,2   120,380,5,2527,2653,70,3   150,560,22,1979,2577,309,3   290,390,12,552,940,169,3   540,380,19,1976,2356,267,5   550,570,22,437,1093,309,2   670,410,16,584,930,225,5   100,700,7,1030,1202,98,4   60,250,26,116,884,365,2   650,270,14,1916,2406,197,2   400,600,21,852,1636,295,5   700,640,24,197,817,337,1   640,40,13,673,1027,183,4   360,60,15,1199,1717,211,1   300,200,18,131,621,253,1   200,300,11,1939,2175,154,3   150,50,28,548,1494,393,5   500,700,9,615,943,126,1   570,720,37,1207,2069,520,3   450,420,30,2305,3131,421,4   380,330,10,236,512,140,5   500,40,8,813,1001,112,1   660,80,11,1604,1944,154,3   590,50,3,1787,1891,42,5   350,600,1,2826,2852,14,3   270,240,6,1683,1797,84,1   400,200,10,1906,2190,140,2   400,370,20,1050,1500,281,1
!----------------------------------------------------------------
!Recharge stations: x,y
400,400   220,530   480,210   540,380   550,570   270,240   290,110

g inverse recharge rate 0.56
