!----------------------------------------------------------------
!Stores: (first: depot x,y; then: satellites x,y,maxCap)
10,10   200,260,777   210,470,777   360,160,777   420,570,777   450,350,777
!----------------------------------------------------------------
!Trucks: (total#, cap, cost/dist, fixcost)
1,518,1,135   1,774,1,165
!----------------------------------------------------------------
!CityFreighters: (max cf/sat, total#, cap, cost/dist, fixcost, maxCharge, energyConsumption)
25,25,130,1,72,397,1   25,25,194,1,88,593,1
!----------------------------------------------------------------
!Customers: (x, y, demand, readyTime, dueDate, serviceTime, penalizationCost)
370,520,7,2356,2584,109,4   490,490,30,1387,2139,467,2   520,640,16,1258,1826,249,5   200,260,9,1191,1449,140,5   400,300,21,1494,2042,327,5   210,470,15,463,915,234,5   170,630,19,0,798,296,3   310,620,23,2068,2846,358,3   520,330,11,1481,1839,171,5   510,210,5,1096,1230,78,3   420,410,19,0,830,296,2   310,320,29,249,1051,452,1   50,250,23,2023,2473,358,4   120,420,21,1375,2061,327,5   360,160,10,1550,1800,156,3   520,410,15,698,1150,234,3   270,230,3,876,946,47,1   170,330,41,1345,2865,638,1   130,130,9,1408,1714,140,3   570,580,28,400,1246,436,4   620,420,8,1322,1500,125,5   420,570,8,2095,2257,125,1   160,570,16,1029,1653,249,4   80,520,10,2257,2515,156,1   70,380,28,656,1780,436,5   270,680,7,2091,2263,109,1   300,480,15,1628,2134,234,1   430,670,14,1049,1623,218,5   580,480,6,936,1124,93,2   580,270,19,1036,1772,296,2   370,690,11,473,811,171,2   380,460,12,1060,1466,187,1   460,100,23,1731,2567,358,5   610,330,26,29,653,405,1   620,630,17,661,1277,265,2   630,690,6,1909,2117,93,3   320,220,9,2760,2990,140,3   450,350,15,269,755,234,3   590,150,14,1937,2329,218,2   50,60,7,935,1185,109,5   100,170,27,142,1192,420,2   210,100,13,715,1187,202,3   50,640,11,2421,2789,171,1   300,150,16,545,1015,249,5   390,100,10,2140,2440,156,5   320,390,5,711,895,78,2   250,320,25,1827,2587,389,3   250,550,17,300,560,265,4   480,280,18,43,635,280,1   560,370,10,337,651,156,3
!----------------------------------------------------------------
!Recharge stations: x,y
10,10   200,260   210,470   360,160   420,570   450,350

g inverse recharge rate 0.54
