!----------------------------------------------------------------
!Stores: (first: depot x,y; then: satellites x,y,maxCap)
350,350   350,170,1458   470,470,1458   570,290,1458   150,470,1458   260,350,1458
!----------------------------------------------------------------
!Trucks: (total#, cap, cost/dist, fixcost)
2,363,1,135   2,542,1,165
!----------------------------------------------------------------
!CityFreighters: (max cf/sat, total#, cap, cost/dist, fixcost, maxCharge, energyConsumption)
50,50,91,1,72,551,1   50,50,136,1,88,823,1
!----------------------------------------------------------------
!Customers: (x, y, demand, readyTime, dueDate, serviceTime, penalizationCost)
410,490,10,886,1142,174,3   350,170,7,2860,3074,122,5   550,450,13,862,1378,227,5   550,200,19,581,1237,331,3   150,300,26,325,1401,453,1   250,300,3,553,657,52,4   200,500,5,1527,1717,87,5   100,430,9,755,1065,157,3   550,600,16,1013,1657,279,3   300,600,16,1247,1783,279,1   200,650,12,1423,1705,209,5   500,350,19,745,1157,331,4   300,250,23,1006,2008,401,3   150,100,20,1478,2224,349,3   300,50,8,1364,1688,139,3   100,200,19,310,978,331,3   50,300,2,2896,2958,35,3   200,400,12,486,992,209,2   150,600,17,370,968,296,4   450,650,9,1922,2136,157,4   450,200,11,568,1008,192,2   450,100,18,2432,3104,314,2   550,50,29,1728,2854,506,4   650,350,3,555,671,52,2   650,200,6,671,837,105,4   450,300,17,0,512,296,4   350,400,16,1010,1742,279,2   410,370,16,119,653,279,1   640,420,9,793,1085,157,3   400,600,21,1075,1791,366,3   310,520,27,711,1399,471,3   350,690,23,1532,2040,401,4   530,520,11,618,934,192,2   650,550,14,1985,2599,244,5   630,650,8,1690,1960,139,3   20,600,5,1559,1715,87,2   200,200,8,1100,1420,139,3   50,50,16,2183,2931,279,1   600,120,31,1218,2432,540,5   400,250,9,1080,1358,157,4   420,70,5,323,463,87,5   240,120,5,1168,1332,87,4   230,30,7,2300,2538,122,2   110,140,18,794,1296,314,4   60,380,16,1422,1818,279,2   20,480,1,2887,2917,17,5   80,560,27,1070,2070,471,4   130,520,36,0,885,628,2   60,680,30,770,1678,523,4   470,470,13,2630,3066,227,1   490,580,10,723,1145,174,1   270,430,9,2441,2721,157,1   370,310,14,2781,3141,244,3   570,290,18,196,700,314,3   630,230,2,657,725,35,2   530,120,6,2328,2536,105,2   320,120,7,585,817,122,2   360,260,18,687,1221,314,4   210,240,28,492,1746,488,1   170,340,3,2209,2315,52,2   120,240,13,325,663,227,2   240,580,19,395,785,331,3   270,690,10,2380,2710,174,1   150,770,9,1619,2011,157,3   620,770,20,1608,2628,349,5   490,730,25,2085,2799,436,5   670,50,25,252,1270,436,4   560,390,36,170,1866,628,5   370,470,6,2898,3142,105,3   370,560,5,741,955,87,5   570,680,15,724,1420,262,2   470,160,25,456,1332,436,1   440,170,9,1699,2067,157,2   460,130,8,1491,1789,139,4   490,110,18,1016,1552,314,4   490,420,13,961,1517,227,3   530,430,14,2379,2991,244,5   610,520,3,547,673,52,5   570,480,23,1024,1818,401,3   560,370,6,2917,3123,105,3   550,540,26,901,1617,453,4   150,470,16,1408,2138,279,3   140,370,11,2006,2310,192,2   110,310,7,1307,1627,122,4   160,220,41,1403,3171,715,4   40,180,35,705,1963,610,3   280,180,26,1904,2718,453,2   260,520,9,1448,1588,157,5   260,350,15,466,1156,262,1   310,670,3,1692,1782,52,1   150,190,1,2514,2552,17,4   220,220,2,2606,2694,35,5   180,240,22,1303,2455,384,2   260,270,27,79,1049,471,4   250,240,20,2281,3005,349,5   220,270,11,2695,3035,192,3   250,210,12,2360,2730,209,2   190,210,10,2329,2643,174,2   200,260,9,614,874,157,5   180,180,17,246,744,296,3
!----------------------------------------------------------------
!Recharge stations: x,y
350,350   350,170   470,470   570,290   150,470   260,350   320,530   270,660   540,420   150,270

g inverse recharge rate 0.41
