!----------------------------------------------------------------
!Stores: (first: depot x,y; then: satellites x,y,maxCap)
10,10   200,500,1458   450,200,1458   470,470,1458   250,240,1458
!----------------------------------------------------------------
!Trucks: (total#, cap, cost/dist, fixcost)
2,363,1,135   2,542,1,165
!----------------------------------------------------------------
!CityFreighters: (max cf/sat, total#, cap, cost/dist, fixcost, maxCharge, energyConsumption)
50,50,91,1,72,551,1   50,50,136,1,88,823,1
!----------------------------------------------------------------
!Customers: (x, y, demand, readyTime, dueDate, serviceTime, penalizationCost)
410,490,10,398,826,171,5   350,170,7,2151,2437,119,5   550,450,13,2599,2959,222,3   550,200,19,2032,2708,324,1   150,300,26,2067,2833,444,3   250,300,3,2908,3010,51,2   200,500,5,246,460,85,2   100,430,9,1696,1990,154,3   550,600,16,926,1436,273,5   300,600,16,84,746,273,1   200,650,12,1359,1851,205,3   500,350,19,2172,2740,324,1   300,250,23,356,1288,393,4   150,100,20,1926,2668,341,2   300,50,8,2589,2897,137,5   100,200,19,2219,2851,324,5   50,300,2,2401,2447,34,1   200,400,12,1049,1493,205,5   150,600,17,164,672,290,1   450,650,9,2394,2742,154,1   450,200,11,1665,2059,188,2   450,100,18,443,1113,307,4   550,50,29,974,1986,495,2   650,350,3,459,565,51,3   650,200,6,2102,2380,102,3   450,300,17,665,1283,290,4   350,400,16,1352,1942,273,5   410,370,16,1058,1552,273,3   640,420,9,1754,1962,154,4   400,600,21,1127,1563,358,5   310,520,27,1820,2880,461,1   350,690,23,990,2072,393,5   530,520,11,2528,2966,188,4   650,550,14,2220,2778,239,5   630,650,8,559,783,137,4   20,600,5,2435,2603,85,3   200,200,8,1877,2041,137,3   50,50,16,1662,2180,273,5   600,120,31,1435,2797,529,1   400,250,9,2642,2998,154,1   420,70,5,363,547,85,2   240,120,5,999,1123,85,3   230,30,7,2427,2649,119,4   110,140,18,256,750,307,1   60,380,16,1559,2169,273,4   20,480,1,2880,2922,17,1   80,560,27,30,1294,461,1   130,520,36,164,1560,614,3   60,680,30,850,1852,512,4   470,470,13,1485,1937,222,1   490,580,10,1238,1584,171,2   270,430,9,648,1020,154,2   370,310,14,1637,1957,239,4   570,290,18,46,676,307,1   630,230,2,386,466,34,2   530,120,6,1495,1671,102,1   320,120,7,1499,1733,119,5   360,260,18,2125,2641,307,3   210,240,28,207,1211,478,5   170,340,3,2212,2304,51,2   120,240,13,1145,1533,222,5   240,580,19,23,621,324,4   270,690,10,578,992,171,1   150,770,9,1911,2219,154,3   620,770,20,1872,2272,341,4   490,730,25,604,1188,427,1   670,50,25,346,1564,427,4   560,390,36,545,1733,614,1   370,470,6,1953,2079,102,5   370,560,5,1869,2051,85,3   570,680,15,1331,2021,256,2   470,160,25,2047,2903,427,3   440,170,9,187,453,154,5   460,130,8,2462,2652,137,4   490,110,18,673,1377,307,2   490,420,13,1126,1554,222,1   530,430,14,250,624,239,4   610,520,3,2398,2504,51,3   570,480,23,623,1131,393,4   560,370,6,2067,2243,102,1   550,540,26,1016,2340,444,5   150,470,16,1579,2007,273,2   140,370,11,1021,1287,188,5   110,310,7,552,804,119,5   160,220,41,35,1185,700,2   40,180,35,1090,2544,597,1   280,180,26,0,895,444,2   260,520,9,1863,2065,154,1   260,350,15,2105,2653,256,4   310,670,3,2302,2406,51,4   150,190,1,853,879,17,3   220,220,2,1165,1227,34,2   180,240,22,1575,2229,376,5   260,270,27,520,1312,461,3   250,240,20,996,1620,341,4   220,270,11,1433,1893,188,1   250,210,12,401,771,205,4   190,210,10,758,1148,171,3   200,260,9,964,1302,154,3   180,180,17,1271,1619,290,3
!----------------------------------------------------------------
!Recharge stations: x,y
10,10   200,500   450,200   470,470   250,240   600,380   80,320   330,270   530,180   80,230

g inverse recharge rate 0.4
