!----------------------------------------------------------------
!Stores: (first: depot x,y; then: satellites x,y,maxCap)
350,350   550,200,1458   200,400,1458   490,580,1458   120,240,1458   560,390,1458   250,210,1458
!----------------------------------------------------------------
!Trucks: (total#, cap, cost/dist, fixcost)
2,363,1,135   2,542,1,165
!----------------------------------------------------------------
!CityFreighters: (max cf/sat, total#, cap, cost/dist, fixcost, maxCharge, energyConsumption)
50,50,91,1,72,494,1   50,50,136,1,88,738,1
!----------------------------------------------------------------
!Customers: (x, y, demand, readyTime, dueDate, serviceTime, penalizationCost)
410,490,10,1556,1884,184,4   350,170,7,2427,2665,129,2   550,450,13,2741,3337,240,3   550,200,19,623,1413,350,2   150,300,26,1728,2540,479,4   250,300,3,2627,2751,55,1   200,500,5,2318,2484,92,4   100,430,9,1025,1277,166,5   550,600,16,140,814,295,3   300,600,16,184,696,295,5   200,650,12,2427,2989,221,4   500,350,19,111,877,350,1   300,250,23,1480,2398,424,5   150,100,20,319,881,369,1   300,50,8,604,936,147,4   100,200,19,1278,1760,350,3   50,300,2,1235,1295,37,4   200,400,12,304,662,221,4   150,600,17,410,922,313,3   450,650,9,754,1092,166,5   450,200,11,605,799,203,4   450,100,18,2175,2879,332,4   550,50,29,235,1001,534,2   650,350,3,391,553,55,2   650,200,6,2065,2257,111,5   450,300,17,1998,2602,313,4   350,400,16,2114,2606,295,3   410,370,16,1979,2255,295,2   640,420,9,2570,3006,166,4   400,600,21,1803,2547,387,2   310,520,27,872,2042,498,2   350,690,23,922,1906,424,3   530,520,11,1655,2083,203,1   650,550,14,353,781,258,1   630,650,8,2610,2952,147,2   20,600,5,437,565,92,2   200,200,8,2329,2675,147,5   50,50,16,2567,3071,295,4   600,120,31,830,2206,571,1   400,250,9,1893,2331,166,2   420,70,5,1802,1926,92,1   240,120,5,1664,1764,92,3   230,30,7,1357,1619,129,1   110,140,18,247,965,332,2   60,380,16,707,1279,295,4   20,480,1,584,614,18,1   80,560,27,839,1975,498,2   130,520,36,0,1259,663,4   60,680,30,207,1133,553,1   470,470,13,874,1442,240,5   490,580,10,676,1032,184,1   270,430,9,279,649,166,5   370,310,14,1589,2269,258,1   570,290,18,1419,2275,332,4   630,230,2,3034,3092,37,4   530,120,6,426,664,111,1   320,120,7,1935,2137,129,3   360,260,18,2658,3344,332,1   210,240,28,927,1615,516,4   170,340,3,2406,2466,55,1   120,240,13,717,1223,240,4   240,580,19,672,1440,350,1   270,690,10,1031,1359,184,1   150,770,9,2310,2726,166,1   620,770,20,1656,2530,369,4   490,730,25,2250,3062,461,4   670,50,25,1136,2046,461,4   560,390,36,1798,2990,663,2   370,470,6,1237,1413,111,4   370,560,5,3025,3139,92,2   570,680,15,2186,2930,276,4   470,160,25,1910,2640,461,2   440,170,9,2785,3093,166,2   460,130,8,2721,3043,147,5   490,110,18,1133,1783,332,1   490,420,13,2026,2358,240,4   530,430,14,2397,3035,258,1   610,520,3,326,442,55,3   570,480,23,1772,2644,424,5   560,370,6,2633,2905,111,5   550,540,26,1583,2433,479,3   150,470,16,1886,2654,295,3   140,370,11,609,1005,203,5   110,310,7,1905,2105,129,5   160,220,41,1031,2767,755,3   40,180,35,586,1792,645,2   280,180,26,105,1077,479,3   260,520,9,2264,2428,166,4   260,350,15,1964,2588,276,1   310,670,3,423,573,55,3   150,190,1,1673,1707,18,5   220,220,2,2046,2142,37,1   180,240,22,1240,1672,405,4   260,270,27,1409,2207,498,2   250,240,20,1486,2194,369,4   220,270,11,2368,2744,203,4   250,210,12,930,1380,221,1   190,210,10,1641,2049,184,2   200,260,9,2276,2560,166,2   180,180,17,1067,1721,313,5
!----------------------------------------------------------------
!Recharge stations: x,y
350,350   550,200   200,400   490,580   120,240   560,390   250,210   540,310   240,480   290,80

g inverse recharge rate 0.48
