!----------------------------------------------------------------
!Stores: (first: depot x,y; then: satellites x,y,maxCap)
10,10   90,560,1364   310,760,1364   60,250,1364   650,270,1364   700,640,1364   360,60,1364
!----------------------------------------------------------------
!Trucks: (total#, cap, cost/dist, fixcost)
2,454,1,135   1,678,1,165
!----------------------------------------------------------------
!CityFreighters: (max cf/sat, total#, cap, cost/dist, fixcost, maxCharge, energyConsumption)
38,38,113,1,72,502,1   37,37,169,1,88,750,1
!----------------------------------------------------------------
!Customers: (x, y, demand, readyTime, dueDate, serviceTime, penalizationCost)
220,220,18,2034,2704,343,1   360,260,26,2449,3447,496,3   210,450,11,2358,2814,210,3   450,350,30,943,2267,572,2   550,200,21,128,1242,400,3   330,340,19,899,1687,362,3   500,500,15,3424,4194,286,5   550,450,16,771,1273,305,2   260,590,29,3379,3789,553,3   400,660,26,2410,3384,496,1   550,650,37,1550,2680,705,1   350,510,16,2656,3090,305,1   620,350,12,2210,2672,229,2   620,570,31,2507,3717,591,4   620,240,8,1906,2152,152,3   210,360,19,1027,1511,362,5   330,440,20,801,1427,381,3   90,560,13,1270,1772,248,3   620,480,15,2623,3181,286,2   660,140,22,1553,2473,419,1   440,130,28,1551,2849,534,3   260,130,12,2371,2717,229,4   110,280,6,2241,2453,114,4   70,430,27,1189,2449,515,4   170,640,14,2120,2668,267,5   410,460,18,1664,2262,343,5   550,340,17,2398,2932,324,2   350,160,29,87,1133,553,5   520,260,13,1909,2507,248,2   430,260,22,1653,2601,419,2   310,760,25,645,1135,477,2   220,530,28,0,1287,534,3   260,290,27,2243,3407,515,1   500,400,19,3229,3953,362,5   550,500,10,614,962,191,2   540,100,12,2888,3246,229,5   600,150,14,1428,1860,267,4   470,660,24,2905,3747,457,2   300,600,16,1919,2637,305,4   300,500,33,657,1983,629,5   120,170,15,1829,2451,286,3   150,140,11,2350,2594,210,5   160,190,18,3156,3704,343,3   210,480,17,3416,4038,324,2   500,300,21,378,1062,400,4   510,420,27,2286,3098,515,5   500,150,19,2447,3017,362,1   480,210,20,1105,1423,381,2   120,380,5,635,821,95,4   150,560,22,2182,2734,419,5   290,390,12,3131,3653,229,4   540,380,19,3289,3815,362,5   550,570,22,406,1322,419,2   670,410,16,1790,2328,305,5   100,700,7,1237,1521,133,2   60,250,26,262,1512,496,2   650,270,14,3601,4087,267,5   400,600,21,195,763,400,5   700,640,24,1292,2506,457,3   640,40,13,419,807,248,1   360,60,15,3591,4033,286,1   300,200,18,1517,2505,343,2   200,300,11,2669,3147,210,1   150,50,28,2963,3931,534,2   500,700,9,535,903,172,2   570,720,37,2297,3721,705,1   450,420,30,1557,2625,572,1   380,330,10,2788,3094,191,5   500,40,8,2230,2562,152,2   660,80,11,1436,1880,210,4   590,50,3,3263,3315,57,5   350,600,1,1159,1199,19,3   270,240,6,2729,2965,114,3   400,200,10,3067,3453,191,5   400,370,20,679,1307,381,2
!----------------------------------------------------------------
!Recharge stations: x,y
10,10   90,560   310,760   60,250   650,270   700,640   360,60

g inverse recharge rate 0.62
