!----------------------------------------------------------------
!Stores: (first: depot x,y; then: satellites x,y,maxCap)
10,10   520,260,1364   550,500,1364   210,480,1364   270,240,1364
!----------------------------------------------------------------
!Trucks: (total#, cap, cost/dist, fixcost)
2,454,1,135   1,678,1,165
!----------------------------------------------------------------
!CityFreighters: (max cf/sat, total#, cap, cost/dist, fixcost, maxCharge, energyConsumption)
38,38,113,1,72,486,1   37,37,169,1,88,726,1
!----------------------------------------------------------------
!Customers: (x, y, demand, readyTime, dueDate, serviceTime, penalizationCost)
220,220,18,1962,2242,248,3   360,260,26,479,1305,358,4   210,450,11,2233,2543,151,1   450,350,30,1345,2191,413,5   550,200,21,820,1472,289,1   330,340,19,1896,2358,262,5   500,500,15,1854,2184,207,5   550,450,16,1754,2196,220,2   260,590,29,1599,2437,399,3   400,660,26,57,783,358,3   550,650,37,679,1633,510,2   350,510,16,954,1244,220,4   620,350,12,1768,2070,165,4   620,570,31,1878,2802,427,4   620,240,8,2276,2466,110,1   210,360,19,0,549,262,1   330,440,20,221,797,275,1   90,560,13,1242,1600,179,4   620,480,15,2307,2675,207,3   660,140,22,1242,1844,303,2   440,130,28,804,1634,386,2   260,130,12,1285,1655,165,4   110,280,6,2341,2523,83,5   70,430,27,2259,2979,372,5   170,640,14,684,1106,193,3   410,460,18,1018,1604,248,5   550,340,17,1309,1799,234,5   350,160,29,504,1410,399,1   520,260,13,2526,2782,179,3   430,260,22,1467,1965,303,4   310,760,25,437,1189,344,4   220,530,28,1824,2612,386,1   260,290,27,199,837,372,5   500,400,19,1467,2175,262,1   550,500,10,1317,1621,138,1   540,100,12,2652,2940,165,5   600,150,14,1360,1710,193,3   470,660,24,1884,2666,331,1   300,600,16,2164,2598,220,5   300,500,33,0,826,454,3   120,170,15,932,1378,207,1   150,140,11,2227,2439,151,1   160,190,18,1945,2383,248,4   210,480,17,1079,1713,234,1   500,300,21,343,887,289,1   510,420,27,1718,2602,372,5   500,150,19,296,590,262,1   480,210,20,1253,1521,275,1   120,380,5,1691,1895,69,4   150,560,22,1910,2520,303,5   290,390,12,1011,1369,165,4   540,380,19,356,746,262,1   550,570,22,99,621,303,5   670,410,16,781,1341,220,3   100,700,7,1282,1470,96,5   60,250,26,2007,2635,358,2   650,270,14,2270,2458,193,1   400,600,21,1100,1946,289,4   700,640,24,985,1621,331,1   640,40,13,1902,2282,179,1   360,60,15,1041,1343,207,5   300,200,18,2222,2870,248,2   200,300,11,2493,2807,151,2   150,50,28,289,1259,386,5   500,700,9,997,1247,124,2   570,720,37,1538,2530,510,1   450,420,30,0,587,413,1   380,330,10,264,600,138,2   500,40,8,1581,1759,110,5   660,80,11,1997,2229,151,3   590,50,3,1302,1358,41,2   350,600,1,1265,1289,14,2   270,240,6,1050,1238,83,3   400,200,10,2512,2848,138,4   400,370,20,1928,2346,275,5
!----------------------------------------------------------------
!Recharge stations: x,y
10,10   520,260   550,500   210,480   270,240   590,640   580,140

g inverse recharge rate 0.46
