!----------------------------------------------------------------
!Stores: (first: depot x,y; then: satellites x,y,maxCap)
10,10   300,50,1458   640,420,1458   60,380,1458   150,770,1458   620,770,1458   670,50,1458
!----------------------------------------------------------------
!Trucks: (total#, cap, cost/dist, fixcost)
1,324,1,128   2,448,1,150   1,592,1,172
!----------------------------------------------------------------
!CityFreighters: (max cf/sat, total#, cap, cost/dist, fixcost, maxCharge, energyConsumption)
33,33,81,1,68,311,1   34,34,112,1,80,430,1   33,33,148,1,92,569,1
!----------------------------------------------------------------
!Customers: (x, y, demand, readyTime, dueDate, serviceTime, penalizationCost)
410,490,10,387,859,256,4   350,170,7,2958,3246,179,1   550,450,13,3203,3679,333,4   550,200,19,1953,3147,487,3   150,300,26,347,1983,666,3   250,300,3,2463,2609,77,3   200,500,5,1260,1516,128,3   100,430,9,2006,2538,231,4   550,600,16,967,2069,410,5   300,600,16,158,1030,410,2   200,650,12,1772,2230,308,1   500,350,19,1451,2379,487,3   300,250,23,511,1739,590,3   150,100,20,1999,3609,513,1   300,50,8,3371,3807,205,1   100,200,19,1617,3039,487,4   50,300,2,1085,1179,51,5   200,400,12,1027,1643,308,3   150,600,17,387,1337,436,2   450,650,9,2535,3183,231,4   450,200,11,1784,2322,282,4   450,100,18,2026,3276,461,1   550,50,29,0,1368,743,1   650,350,3,1364,1484,77,2   650,200,6,2653,3059,154,5   450,300,17,1331,2149,436,2   350,400,16,2785,3709,410,2   410,370,16,2235,3091,410,3   640,420,9,1396,1650,231,5   400,600,21,424,1514,538,1   310,520,27,2764,4340,692,5   350,690,23,1962,3106,590,5   530,520,11,3816,4324,282,3   650,550,14,1447,2101,359,5   630,650,8,3929,4357,205,1   20,600,5,2924,3116,128,2   200,200,8,1870,2170,205,5   50,50,16,727,1897,410,3   600,120,31,1027,3255,795,3   400,250,9,3632,3960,231,4   420,70,5,3883,4129,128,1   240,120,5,2150,2368,128,5   230,30,7,2489,2903,179,4   110,140,18,940,1592,461,2   60,380,16,1630,2236,410,5   20,480,1,3971,4011,26,5   80,560,27,696,2350,692,3   130,520,36,427,2213,923,3   60,680,30,2146,3584,769,4   470,470,13,807,1409,333,3   490,580,10,3280,3780,256,3   270,430,9,1408,1884,231,2   370,310,14,1172,1686,359,3   570,290,18,1767,2405,461,1   630,230,2,4370,4454,51,4   530,120,6,716,1122,154,3   320,120,7,955,1241,179,3   360,260,18,2130,3222,461,5   210,240,28,1295,2945,718,3   170,340,3,3240,3338,77,2   120,240,13,1449,2421,333,1   240,580,19,1411,2275,487,5   270,690,10,204,716,256,2   150,770,9,3133,3585,231,3   620,770,20,2387,3313,513,2   490,730,25,2208,3496,641,4   670,50,25,787,2487,641,4   560,390,36,697,2399,923,5   370,470,6,3590,3860,154,4   370,560,5,3142,3390,128,4   570,680,15,1212,1686,384,4   470,160,25,0,1487,641,2   440,170,9,712,1304,231,2   460,130,8,1161,1617,205,3   490,110,18,1875,2839,461,3   490,420,13,1319,2039,333,2   530,430,14,1750,2548,359,4   610,520,3,4074,4242,77,5   570,480,23,469,1767,590,4   560,370,6,2172,2510,154,3   550,540,26,1225,2513,666,3   150,470,16,1582,2472,410,1   140,370,11,1391,1967,282,2   110,310,7,4142,4382,179,2   160,220,41,0,2145,1051,1   40,180,35,498,1746,897,1   280,180,26,1746,2814,666,4   260,520,9,3986,4360,231,4   260,350,15,3599,4289,384,1   310,670,3,3169,3337,77,4   150,190,1,1086,1124,26,1   220,220,2,2496,2628,51,4   180,240,22,975,1981,564,3   260,270,27,2072,3132,692,4   250,240,20,1601,2975,513,3   220,270,11,799,1391,282,3   250,210,12,1171,1727,308,3   190,210,10,1832,2396,256,1   200,260,9,3486,3926,231,4   180,180,17,562,1270,436,4
!----------------------------------------------------------------
!Recharge stations: x,y
10,10   300,50   640,420   60,380   150,770   620,770   670,50   200,200   380,610   260,370

g inverse recharge rate 0.95
