!----------------------------------------------------------------
!Stores: (first: depot x,y; then: satellites x,y,maxCap)
400,400   220,530,1364   480,210,1364   540,380,1364   550,570,1364   270,240,1364
!----------------------------------------------------------------
!Trucks: (total#, cap, cost/dist, fixcost)
1,405,1,128   1,560,1,150   1,741,1,172
!----------------------------------------------------------------
!CityFreighters: (max cf/sat, total#, cap, cost/dist, fixcost, maxCharge, energyConsumption)
25,25,101,1,68,361,1   25,25,140,1,80,500,1   25,25,185,1,92,661,1
!----------------------------------------------------------------
!Customers: (x, y, demand, readyTime, dueDate, serviceTime, penalizationCost)
220,220,18,1651,2115,253,2   360,260,26,1464,2244,365,1   210,450,11,2398,2678,154,5   450,350,30,0,615,421,3   550,200,21,2128,2756,295,4   330,340,19,332,766,267,2   500,500,15,2477,2897,211,5   550,450,16,714,1170,225,3   260,590,29,1830,2734,407,3   400,660,26,1383,2035,365,3   550,650,37,494,1720,520,4   350,510,16,311,733,225,4   620,350,12,657,1003,169,4   620,570,31,603,1767,435,5   620,240,8,2557,2779,112,5   210,360,19,658,934,267,2   330,440,20,484,1084,281,2   90,560,13,1596,1944,183,5   620,480,15,663,1099,211,2   660,140,22,1507,2117,309,3   440,130,28,1058,1994,393,3   260,130,12,414,716,169,1   110,280,6,1422,1556,84,2   70,430,27,398,1136,379,1   170,640,14,1792,2106,197,4   410,460,18,2134,2726,253,2   550,340,17,1210,1664,239,3   350,160,29,2160,3072,407,5   520,260,13,1281,1571,183,1   430,260,22,2015,2479,309,4   310,760,25,843,1581,351,4   220,530,28,563,1435,393,3   260,290,27,114,858,379,2   500,400,19,1255,1747,267,5   550,500,10,1202,1482,140,4   540,100,12,2171,2455,169,1   600,150,14,590,798,197,5   470,660,24,807,1663,337,1   300,600,16,88,520,225,1   300,500,33,359,1133,463,3   120,170,15,1841,2319,211,5   150,140,11,411,819,154,3   160,190,18,1457,1973,253,3   210,480,17,268,680,239,1   500,300,21,1323,1903,295,1   510,420,27,924,1738,379,1   500,150,19,2257,2909,267,5   480,210,20,2251,3005,281,2   120,380,5,1255,1423,70,3   150,560,22,2148,2654,309,3   290,390,12,2056,2302,169,3   540,380,19,1201,1741,267,3   550,570,22,1334,2164,309,5   670,410,16,2209,2685,225,4   100,700,7,936,1116,98,4   60,250,26,1505,2201,365,4   650,270,14,2496,2850,197,3   400,600,21,606,1094,295,4   700,640,24,672,1424,337,2   640,40,13,2295,2625,183,4   360,60,15,663,1101,211,3   300,200,18,2396,2888,253,4   200,300,11,870,1180,154,1   150,50,28,1576,2484,393,3   500,700,9,2153,2423,126,4   570,720,37,207,1379,520,2   450,420,30,1025,1919,421,2   380,330,10,2148,2386,140,2   500,40,8,1744,1958,112,3   660,80,11,1383,1675,154,5   590,50,3,719,795,42,2   350,600,1,2507,2543,14,1   270,240,6,2791,2991,84,1   400,200,10,2137,2407,140,3   400,370,20,1998,2624,281,1
!----------------------------------------------------------------
!Recharge stations: x,y
400,400   220,530   480,210   540,380   550,570   270,240   290,110

g inverse recharge rate 0.56
