!----------------------------------------------------------------
!Stores: (first: depot x,y; then: satellites x,y,maxCap)
10,10   220,530,1364   480,210,1364   540,380,1364   550,570,1364   270,240,1364
!----------------------------------------------------------------
!Trucks: (total#, cap, cost/dist, fixcost)
1,405,1,128   1,560,1,150   1,741,1,172
!----------------------------------------------------------------
!CityFreighters: (max cf/sat, total#, cap, cost/dist, fixcost, maxCharge, energyConsumption)
25,25,101,1,68,361,1   25,25,140,1,80,500,1   25,25,185,1,92,661,1
!----------------------------------------------------------------
!Customers: (x, y, demand, readyTime, dueDate, serviceTime, penalizationCost)
220,220,18,632,1160,253,5   360,260,26,710,1524,365,5   210,450,11,1664,2112,154,5   450,350,30,2227,3047,421,3   550,200,21,1366,1970,295,2   330,340,19,1724,2240,267,5   500,500,15,600,922,211,4   550,450,16,1276,1772,225,5   260,590,29,853,1917,407,1   400,660,26,1618,2322,365,5   550,650,37,7,947,520,5   350,510,16,1702,2106,225,5   620,350,12,966,1262,169,5   620,570,31,489,1385,435,5   620,240,8,1812,2066,112,1   210,360,19,1954,2306,267,2   330,440,20,1718,2440,281,1   90,560,13,1010,1364,183,3   620,480,15,471,855,211,5   660,140,22,313,903,309,4   440,130,28,467,991,393,3   260,130,12,1454,1800,169,2   110,280,6,2386,2498,84,3   70,430,27,1064,1684,379,4   170,640,14,2279,2623,197,4   410,460,18,2468,2934,253,3   550,340,17,814,1380,239,4   350,160,29,0,659,407,4   520,260,13,88,622,183,3   430,260,22,1390,1900,309,5   310,760,25,1903,2665,351,4   220,530,28,1824,2560,393,3   260,290,27,1351,2293,379,5   500,400,19,345,885,267,1   550,500,10,1658,1914,140,4   540,100,12,2096,2424,169,2   600,150,14,1611,2123,197,5   470,660,24,1451,2031,337,2   300,600,16,2468,2834,225,5   300,500,33,1132,2160,463,1   120,170,15,988,1390,211,2   150,140,11,2507,2785,154,4   160,190,18,484,966,253,1   210,480,17,65,499,239,1   500,300,21,321,869,295,3   510,420,27,0,645,379,2   500,150,19,615,1067,267,2   480,210,20,2330,2764,281,5   120,380,5,1610,1782,70,5   150,560,22,2332,2982,309,5   290,390,12,2325,2703,169,5   540,380,19,2046,2574,267,2   550,570,22,2523,3065,309,3   670,410,16,2301,2711,225,1   100,700,7,1359,1491,98,4   60,250,26,2169,2995,365,4   650,270,14,320,702,197,3   400,600,21,163,717,295,5   700,640,24,533,963,337,3   640,40,13,2546,2896,183,1   360,60,15,1309,1713,211,3   300,200,18,2341,2821,253,1   200,300,11,1400,1796,154,5   150,50,28,1010,1998,393,2   500,700,9,2219,2375,126,4   570,720,37,527,1497,520,5   450,420,30,316,1160,421,2   380,330,10,1548,1810,140,4   500,40,8,1774,1996,112,4   660,80,11,1579,1829,154,1   590,50,3,835,901,42,4   350,600,1,2898,2928,14,5   270,240,6,1712,1942,84,1   400,200,10,1559,1817,140,2   400,370,20,752,1058,281,3
!----------------------------------------------------------------
!Recharge stations: x,y
10,10   220,530   480,210   540,380   550,570   270,240   60,190

g inverse recharge rate 0.56
