!----------------------------------------------------------------
!Stores: (first: depot x,y; then: satellites x,y,maxCap)
10,10   200,260,777   210,470,777   360,160,777   420,570,777   450,350,777
!----------------------------------------------------------------
!Trucks: (total#, cap, cost/dist, fixcost)
1,462,1,128   0,640,1,150   1,846,1,172
!----------------------------------------------------------------
!CityFreighters: (max cf/sat, total#, cap, cost/dist, fixcost, maxCharge, energyConsumption)
17,17,116,1,68,354,1   16,16,160,1,80,490,1   17,17,212,1,92,648,1
!----------------------------------------------------------------
!Customers: (x, y, demand, readyTime, dueDate, serviceTime, penalizationCost)
370,520,7,1962,2202,109,5   490,490,30,922,1976,467,5   520,640,16,240,890,249,3   200,260,9,1368,1668,140,4   400,300,21,0,736,327,1   210,470,15,673,1137,234,1   170,630,19,1414,2020,296,1   310,620,23,1017,2027,358,2   520,330,11,2106,2496,171,5   510,210,5,1179,1301,78,1   420,410,19,1966,2408,296,3   310,320,29,492,1278,452,2   50,250,23,1303,1943,358,2   120,420,21,1426,2186,327,2   360,160,10,627,937,156,3   520,410,15,2497,2987,234,5   270,230,3,1676,1784,47,1   170,330,41,1078,2048,638,2   130,130,9,245,483,140,3   570,580,28,2070,2776,436,4   620,420,8,2314,2562,125,4   420,570,8,2340,2550,125,3   160,570,16,563,889,249,4   80,520,10,887,1119,156,2   70,380,28,22,794,436,2   270,680,7,2287,2493,109,5   300,480,15,163,563,234,2   430,670,14,2418,2868,218,2   580,480,6,2194,2374,93,2   580,270,19,1510,2064,296,3   370,690,11,1875,2129,171,5   380,460,12,1568,1830,187,4   460,100,23,1281,2025,358,2   610,330,26,772,1576,405,3   620,630,17,481,1095,265,2   630,690,6,2452,2624,93,4   320,220,9,2577,2917,140,3   450,350,15,2458,2896,234,4   590,150,14,1837,2197,218,5   50,60,7,982,1190,109,3   100,170,27,1710,2514,420,4   210,100,13,1921,2343,202,5   50,640,11,1331,1643,171,4   300,150,16,2331,2683,249,4   390,100,10,1239,1565,156,3   320,390,5,795,973,78,2   250,320,25,494,1394,389,1   250,550,17,718,1184,265,3   480,280,18,1771,2445,280,1   560,370,10,969,1193,156,3
!----------------------------------------------------------------
!Recharge stations: x,y
10,10   200,260   210,470   360,160   420,570   450,350

g inverse recharge rate 0.54
