!----------------------------------------------------------------
!Stores: (first: depot x,y; then: satellites x,y,maxCap)
300,400   200,260,777   210,470,777   360,160,777   420,570,777   450,350,777
!----------------------------------------------------------------
!Trucks: (total#, cap, cost/dist, fixcost)
1,462,1,128   0,640,1,150   1,846,1,172
!----------------------------------------------------------------
!CityFreighters: (max cf/sat, total#, cap, cost/dist, fixcost, maxCharge, energyConsumption)
17,17,116,1,68,361,1   16,16,160,1,80,500,1   17,17,212,1,92,661,1
!----------------------------------------------------------------
!Customers: (x, y, demand, readyTime, dueDate, serviceTime, penalizationCost)
370,520,7,993,1263,109,3   490,490,30,1038,1976,467,4   520,640,16,1268,1732,249,3   200,260,9,1793,2025,140,3   400,300,21,91,787,327,1   210,470,15,663,951,234,4   170,630,19,567,1131,296,1   310,620,23,420,996,358,1   520,330,11,1363,1651,171,5   510,210,5,606,770,78,5   420,410,19,1920,2476,296,2   310,320,29,103,1089,452,2   50,250,23,1347,2039,358,5   120,420,21,129,889,327,4   360,160,10,293,541,156,4   520,410,15,813,1233,234,1   270,230,3,846,926,47,2   170,330,41,233,1337,638,4   130,130,9,1092,1424,140,5   570,580,28,1682,2354,436,4   620,420,8,1736,2098,125,1   420,570,8,2012,2212,125,4   160,570,16,1151,1729,249,1   80,520,10,410,748,156,4   70,380,28,21,575,436,1   270,680,7,1531,1709,109,4   300,480,15,912,1366,234,2   430,670,14,987,1453,218,3   580,480,6,2423,2641,93,2   580,270,19,1251,1869,296,5   370,690,11,603,1007,171,2   380,460,12,136,528,187,3   460,100,23,129,603,358,3   610,330,26,979,2083,405,4   620,630,17,1327,1949,265,2   630,690,6,1061,1343,93,2   320,220,9,2587,2855,140,4   450,350,15,2000,2438,234,4   590,150,14,1168,1624,218,4   50,60,7,2038,2172,109,3   100,170,27,0,706,420,4   210,100,13,2052,2370,202,2   50,640,11,2320,2666,171,3   300,150,16,1037,1531,249,2   390,100,10,1960,2276,156,4   320,390,5,875,1007,78,4   250,320,25,440,1150,389,4   250,550,17,0,588,265,4   480,280,18,1675,2353,280,4   560,370,10,1488,1768,156,4
!----------------------------------------------------------------
!Recharge stations: x,y
300,400   200,260   210,470   360,160   420,570   450,350

g inverse recharge rate 0.53
