!----------------------------------------------------------------
!Stores: (first: depot x,y; then: satellites x,y,maxCap)
10,10   670,410,1364   100,700,1364   60,250,1364   640,40,1364   570,720,1364
!----------------------------------------------------------------
!Trucks: (total#, cap, cost/dist, fixcost)
1,405,1,128   1,560,1,150   1,741,1,172
!----------------------------------------------------------------
!CityFreighters: (max cf/sat, total#, cap, cost/dist, fixcost, maxCharge, energyConsumption)
25,25,101,1,68,470,1   25,25,140,1,80,650,1   25,25,185,1,92,860,1
!----------------------------------------------------------------
!Customers: (x, y, demand, readyTime, dueDate, serviceTime, penalizationCost)
220,220,18,1966,2854,360,2   360,260,26,50,1072,520,5   210,450,11,3665,4085,220,5   450,350,30,1459,2745,600,2   550,200,21,3531,4369,420,4   330,340,19,3602,4496,380,5   500,500,15,837,1463,300,2   550,450,16,2456,3212,320,5   260,590,29,2846,4092,580,3   400,660,26,1420,2502,520,5   550,650,37,1939,3365,740,4   350,510,16,1927,2765,320,5   620,350,12,3564,3842,240,2   620,570,31,0,1362,620,1   620,240,8,1400,1744,160,2   210,360,19,823,1881,380,4   330,440,20,1964,2586,400,2   90,560,13,782,1250,260,5   620,480,15,3321,3833,300,3   660,140,22,2271,3369,440,2   440,130,28,1219,2181,560,2   260,130,12,2179,2721,240,2   110,280,6,1044,1286,120,4   70,430,27,460,1338,540,3   170,640,14,2836,3254,280,5   410,460,18,1016,1780,360,4   550,340,17,2688,3396,340,4   350,160,29,342,1014,580,2   520,260,13,943,1533,260,2   430,260,22,2745,3527,440,2   310,760,25,2255,3381,500,5   220,530,28,1012,2812,560,2   260,290,27,2208,3350,540,3   500,400,19,1156,2154,380,5   550,500,10,830,1314,200,1   540,100,12,698,1328,240,3   600,150,14,1955,2449,280,4   470,660,24,2268,3280,480,2   300,600,16,2052,2690,320,3   300,500,33,0,1317,660,5   120,170,15,2865,3661,300,3   150,140,11,1725,2273,220,4   160,190,18,527,1369,360,5   210,480,17,2069,3019,340,5   500,300,21,1325,1987,420,1   510,420,27,3262,4182,540,2   500,150,19,1366,2234,380,2   480,210,20,3506,4518,400,4   120,380,5,2874,2922,100,4   150,560,22,397,1117,440,4   290,390,12,1973,2559,240,4   540,380,19,1937,2731,380,3   550,570,22,1654,2956,440,4   670,410,16,49,797,320,2   100,700,7,2419,2703,140,3   60,250,26,1131,2035,520,3   650,270,14,3349,3631,280,5   400,600,21,566,1466,420,2   700,640,24,359,1359,480,5   640,40,13,1544,1818,260,1   360,60,15,386,1046,300,1   300,200,18,3458,4340,360,3   200,300,11,791,1335,220,2   150,50,28,2609,3911,560,1   500,700,9,805,1191,180,1   570,720,37,102,1756,740,4   450,420,30,381,2073,600,1   380,330,10,1664,2068,200,2   500,40,8,2673,2987,160,1   660,80,11,3034,3416,220,4   590,50,3,4096,4172,60,1   350,600,1,1828,1866,20,4   270,240,6,3873,4117,120,5   400,200,10,976,1356,200,4   400,370,20,3450,4116,400,4
!----------------------------------------------------------------
!Recharge stations: x,y
10,10   670,410   100,700   60,250   640,40   570,720   360,750

g inverse recharge rate 0.61
