!----------------------------------------------------------------
!Stores: (first: depot x,y; then: satellites x,y,maxCap)
400,400   520,260,1364   550,500,1364   210,480,1364   270,240,1364
!----------------------------------------------------------------
!Trucks: (total#, cap, cost/dist, fixcost)
1,405,1,128   1,560,1,150   1,741,1,172
!----------------------------------------------------------------
!CityFreighters: (max cf/sat, total#, cap, cost/dist, fixcost, maxCharge, energyConsumption)
25,25,101,1,68,368,1   25,25,140,1,80,510,1   25,25,185,1,92,674,1
!----------------------------------------------------------------
!Customers: (x, y, demand, readyTime, dueDate, serviceTime, penalizationCost)
220,220,18,1505,2001,248,4   360,260,26,2071,2775,358,5   210,450,11,1339,1625,151,1   450,350,30,146,1220,413,2   550,200,21,789,1269,289,5   330,340,19,428,992,262,5   500,500,15,880,1402,207,3   550,450,16,955,1279,220,5   260,590,29,1893,2765,399,2   400,660,26,73,933,358,1   550,650,37,36,1260,510,5   350,510,16,1405,1933,220,3   620,350,12,1096,1360,165,2   620,570,31,599,1357,427,1   620,240,8,485,797,110,2   210,360,19,296,594,262,3   330,440,20,2451,2893,275,1   90,560,13,1826,2144,179,4   620,480,15,2495,2945,207,3   660,140,22,1497,2143,303,5   440,130,28,2131,2789,386,5   260,130,12,159,555,165,3   110,280,6,414,592,83,4   70,430,27,47,817,372,3   170,640,14,1552,2038,193,5   410,460,18,1128,1832,248,5   550,340,17,2119,2569,234,5   350,160,29,424,1516,399,3   520,260,13,93,453,179,1   430,260,22,1349,2009,303,5   310,760,25,329,1045,344,2   220,530,28,2000,2772,386,1   260,290,27,1933,2765,372,3   500,400,19,885,1421,262,2   550,500,10,2817,3095,138,4   540,100,12,459,867,165,3   600,150,14,333,707,193,3   470,660,24,1142,1986,331,2   300,600,16,629,1027,220,1   300,500,33,1601,2805,454,3   120,170,15,1520,1974,207,1   150,140,11,2138,2462,151,4   160,190,18,1038,1662,248,2   210,480,17,37,597,234,5   500,300,21,525,897,289,4   510,420,27,1461,2145,372,5   500,150,19,1522,2074,262,1   480,210,20,2256,2760,275,4   120,380,5,2348,2502,69,3   150,560,22,252,824,303,2   290,390,12,617,1005,165,5   540,380,19,2364,2884,262,2   550,570,22,851,1479,303,4   670,410,16,1196,1540,220,4   100,700,7,2371,2547,96,3   60,250,26,2123,3055,358,1   650,270,14,951,1369,193,5   400,600,21,725,1331,289,3   700,640,24,1768,2460,331,3   640,40,13,1159,1519,179,2   360,60,15,1846,2250,207,3   300,200,18,969,1373,248,5   200,300,11,2107,2399,151,5   150,50,28,121,933,386,2   500,700,9,2356,2642,124,2   570,720,37,1555,2543,510,2   450,420,30,1328,1920,413,2   380,330,10,1365,1637,138,1   500,40,8,1384,1640,110,5   660,80,11,2114,2426,151,4   590,50,3,2336,2424,41,2   350,600,1,883,909,14,1   270,240,6,2912,3104,83,1   400,200,10,1719,2039,138,2   400,370,20,2345,2781,275,1
!----------------------------------------------------------------
!Recharge stations: x,y
400,400   520,260   550,500   210,480   270,240   120,600   380,320

g inverse recharge rate 0.54
