!----------------------------------------------------------------
!Stores: (first: depot x,y; then: satellites x,y,maxCap)
10,10   200,500,1458   450,200,1458   470,470,1458   250,240,1458
!----------------------------------------------------------------
!Trucks: (total#, cap, cost/dist, fixcost)
1,324,1,128   2,448,1,150   1,592,1,172
!----------------------------------------------------------------
!CityFreighters: (max cf/sat, total#, cap, cost/dist, fixcost, maxCharge, energyConsumption)
33,33,81,1,68,491,1   34,34,112,1,80,680,1   33,33,148,1,92,899,1
!----------------------------------------------------------------
!Customers: (x, y, demand, readyTime, dueDate, serviceTime, penalizationCost)
410,490,10,681,949,171,1   350,170,7,734,972,119,5   550,450,13,2018,2562,222,1   550,200,19,577,935,324,4   150,300,26,146,808,444,5   250,300,3,2694,2778,51,5   200,500,5,657,817,85,5   100,430,9,2175,2543,154,2   550,600,16,571,1255,273,4   300,600,16,695,1273,273,1   200,650,12,1857,2329,205,2   500,350,19,695,1265,324,4   300,250,23,327,1139,393,3   150,100,20,360,1024,341,5   300,50,8,419,807,137,3   100,200,19,1799,2419,324,4   50,300,2,1188,1256,34,2   200,400,12,1782,2148,205,3   150,600,17,184,786,290,1   450,650,9,528,756,154,5   450,200,11,1737,2021,188,4   450,100,18,869,1601,307,1   550,50,29,238,1306,495,2   650,350,3,918,984,51,1   650,200,6,1531,1707,102,1   450,300,17,436,902,290,1   350,400,16,1816,2042,273,1   410,370,16,1495,1977,273,4   640,420,9,1354,1762,154,1   400,600,21,250,894,358,3   310,520,27,1414,2370,461,3   350,690,23,1096,1846,393,4   530,520,11,295,641,188,5   650,550,14,809,1323,239,2   630,650,8,1172,1504,137,5   20,600,5,2221,2395,85,3   200,200,8,857,1151,137,5   50,50,16,438,818,273,3   600,120,31,771,2285,529,3   400,250,9,982,1176,154,2   420,70,5,1903,2149,85,1   240,120,5,2536,2730,85,4   230,30,7,1161,1381,119,4   110,140,18,1296,2022,307,1   60,380,16,684,1286,273,2   20,480,1,1098,1126,17,3   80,560,27,1425,2469,461,1   130,520,36,843,2279,614,2   60,680,30,632,1600,512,1   470,470,13,2521,2903,222,2   490,580,10,493,807,171,3   270,430,9,1643,1945,154,5   370,310,14,461,989,239,3   570,290,18,1917,2653,307,1   630,230,2,2120,2180,34,4   530,120,6,2523,2651,102,3   320,120,7,1054,1268,119,3   360,260,18,1625,2099,307,3   210,240,28,1969,2831,478,2   170,340,3,937,1017,51,3   120,240,13,1543,1813,222,4   240,580,19,1120,1712,324,2   270,690,10,944,1314,171,1   150,770,9,2215,2503,154,3   620,770,20,1800,2706,341,5   490,730,25,1561,2553,427,5   670,50,25,1149,2123,427,2   560,390,36,527,1605,614,2   370,470,6,2852,3060,102,2   370,560,5,1402,1610,85,3   570,680,15,786,1440,256,4   470,160,25,1676,2680,427,3   440,170,9,608,808,154,4   460,130,8,528,830,137,1   490,110,18,2229,3043,307,1   490,420,13,890,1264,222,3   530,430,14,291,721,239,3   610,520,3,1102,1200,51,3   570,480,23,2208,2758,393,2   560,370,6,2508,2704,102,1   550,540,26,16,1124,444,5   150,470,16,241,633,273,3   140,370,11,1871,2243,188,4   110,310,7,445,687,119,4   160,220,41,1234,3174,700,5   40,180,35,63,1473,597,2   280,180,26,954,1446,444,3   260,520,9,2348,2692,154,5   260,350,15,623,1181,256,3   310,670,3,308,394,51,5   150,190,1,2181,2215,17,2   220,220,2,429,483,34,1   180,240,22,1749,2307,376,3   260,270,27,1849,2509,461,1   250,240,20,1710,2464,341,5   220,270,11,148,512,188,1   250,210,12,349,741,205,4   190,210,10,346,718,171,2   200,260,9,709,1081,154,3   180,180,17,0,563,290,1
!----------------------------------------------------------------
!Recharge stations: x,y
10,10   200,500   450,200   470,470   250,240   600,380   80,320   330,270   530,180   80,230

g inverse recharge rate 0.4
