!----------------------------------------------------------------
!Stores: (first: depot x,y; then: satellites x,y,maxCap)
10,10   400,660,1364   70,430,1364   670,410,1364   360,60,1364
!----------------------------------------------------------------
!Trucks: (total#, cap, cost/dist, fixcost)
1,405,1,128   1,560,1,150   1,741,1,172
!----------------------------------------------------------------
!CityFreighters: (max cf/sat, total#, cap, cost/dist, fixcost, maxCharge, energyConsumption)
25,25,101,1,68,441,1   25,25,140,1,80,610,1   25,25,185,1,92,807,1
!----------------------------------------------------------------
!Customers: (x, y, demand, readyTime, dueDate, serviceTime, penalizationCost)
220,220,18,173,573,311,3   360,260,26,589,1385,449,3   210,450,11,264,522,190,1   450,350,30,1693,2625,518,5   550,200,21,2013,2697,362,5   330,340,19,723,1383,328,2   500,500,15,1002,1458,259,4   550,450,16,785,1507,276,2   260,590,29,2619,3501,500,2   400,660,26,0,941,449,2   550,650,37,53,1467,638,4   350,510,16,685,1307,276,5   620,350,12,3049,3475,207,3   620,570,31,1981,3095,535,2   620,240,8,696,1066,138,1   210,360,19,1900,2522,328,2   330,440,20,1682,2464,345,5   90,560,13,451,1001,224,3   620,480,15,2691,3105,259,3   660,140,22,2247,2961,380,5   440,130,28,1999,3191,483,3   260,130,12,3056,3440,207,4   110,280,6,691,883,104,5   70,430,27,1767,2809,466,1   170,640,14,3259,3631,242,2   410,460,18,2009,2731,311,5   550,340,17,2740,3426,293,3   350,160,29,1598,2828,500,2   520,260,13,1878,2364,224,2   430,260,22,397,1135,380,5   310,760,25,1386,2228,431,5   220,530,28,2624,3526,483,2   260,290,27,2058,3074,466,4   500,400,19,2226,2908,328,1   550,500,10,461,885,173,4   540,100,12,3061,3491,207,4   600,150,14,437,979,242,4   470,660,24,1679,2649,414,4   300,600,16,999,1501,276,1   300,500,33,2102,2746,569,5   120,170,15,2195,2787,259,5   150,140,11,1722,2010,190,3   160,190,18,2860,3410,311,5   210,480,17,415,917,293,1   500,300,21,2645,3591,362,1   510,420,27,213,933,466,3   500,150,19,302,884,328,1   480,210,20,2063,2619,345,3   120,380,5,2452,2646,86,2   150,560,22,201,835,380,1   290,390,12,3190,3598,207,4   540,380,19,1811,2471,328,3   550,570,22,1278,2000,380,4   670,410,16,1664,2286,276,2   100,700,7,3106,3400,121,2   60,250,26,779,1761,449,5   650,270,14,274,718,242,3   400,600,21,604,1578,362,4   700,640,24,2333,3059,414,3   640,40,13,3231,3561,224,4   360,60,15,1306,1776,259,1   300,200,18,2817,3297,311,3   200,300,11,2209,2559,190,4   150,50,28,80,1076,483,2   500,700,9,1453,1653,155,3   570,720,37,918,2426,638,1   450,420,30,1153,2083,518,1   380,330,10,552,866,173,4   500,40,8,2460,2678,138,3   660,80,11,2921,3341,190,4   590,50,3,828,976,52,4   350,600,1,3401,3437,17,4   270,240,6,1150,1294,104,2   400,200,10,1203,1635,173,5   400,370,20,223,895,345,4
!----------------------------------------------------------------
!Recharge stations: x,y
10,10   400,660   70,430   670,410   360,60   400,400   540,480

g inverse recharge rate 0.56
