!----------------------------------------------------------------
!Stores: (first: depot x,y; then: satellites x,y,maxCap)
350,350   200,500,1458   450,200,1458   470,470,1458   250,240,1458
!----------------------------------------------------------------
!Trucks: (total#, cap, cost/dist, fixcost)
1,324,1,128   2,448,1,150   1,592,1,172
!----------------------------------------------------------------
!CityFreighters: (max cf/sat, total#, cap, cost/dist, fixcost, maxCharge, energyConsumption)
33,33,81,1,68,491,1   34,34,112,1,80,680,1   33,33,148,1,92,899,1
!----------------------------------------------------------------
!Customers: (x, y, demand, readyTime, dueDate, serviceTime, penalizationCost)
410,490,10,1178,1614,171,2   350,170,7,538,770,119,5   550,450,13,822,1396,222,1   550,200,19,1950,2396,324,5   150,300,26,1654,2574,444,1   250,300,3,722,836,51,1   200,500,5,2706,2816,85,1   100,430,9,656,984,154,5   550,600,16,1893,2451,273,4   300,600,16,843,1215,273,2   200,650,12,1672,2018,205,3   500,350,19,362,968,324,5   300,250,23,1310,2058,393,3   150,100,20,284,1122,341,3   300,50,8,1358,1694,137,3   100,200,19,347,1061,324,3   50,300,2,1705,1775,34,2   200,400,12,2169,2627,205,1   150,600,17,81,635,290,1   450,650,9,1498,1842,154,3   450,200,11,1196,1394,188,4   450,100,18,1762,2342,307,2   550,50,29,1825,2705,495,1   650,350,3,669,767,51,3   650,200,6,1173,1365,102,2   450,300,17,2187,2687,290,1   350,400,16,531,985,273,3   410,370,16,169,879,273,2   640,420,9,543,841,154,5   400,600,21,1725,2345,358,5   310,520,27,1918,2836,461,1   350,690,23,631,1657,393,1   530,520,11,1307,1789,188,3   650,550,14,625,1107,239,3   630,650,8,845,1135,137,5   20,600,5,1405,1563,85,3   200,200,8,211,471,137,4   50,50,16,830,1310,273,2   600,120,31,977,2425,529,5   400,250,9,1797,2065,154,1   420,70,5,2610,2826,85,3   240,120,5,676,864,85,5   230,30,7,1664,1942,119,5   110,140,18,661,1245,307,4   60,380,16,1712,2074,273,4   20,480,1,1384,1430,17,4   80,560,27,0,804,461,5   130,520,36,1307,2315,614,1   60,680,30,1489,2625,512,2   470,470,13,2521,2829,222,4   490,580,10,2398,2680,171,3   270,430,9,225,587,154,1   370,310,14,2598,2890,239,4   570,290,18,1684,2044,307,3   630,230,2,1532,1586,34,1   530,120,6,1767,2001,102,1   320,120,7,2381,2669,119,4   360,260,18,1443,2015,307,4   210,240,28,0,1104,478,5   170,340,3,1454,1586,51,5   120,240,13,1182,1730,222,4   240,580,19,2066,2644,324,2   270,690,10,2521,2775,171,3   150,770,9,369,703,154,5   620,770,20,862,1620,341,3   490,730,25,1360,2478,427,2   670,50,25,315,1269,427,5   560,390,36,477,1563,614,5   370,470,6,1625,1845,102,3   370,560,5,1397,1593,85,3   570,680,15,2282,2854,256,5   470,160,25,631,1703,427,5   440,170,9,669,1009,154,3   460,130,8,2015,2355,137,4   490,110,18,2090,2694,307,4   490,420,13,2340,2836,222,1   530,430,14,2116,2556,239,5   610,520,3,2589,2685,51,5   570,480,23,829,1531,393,2   560,370,6,1427,1583,102,5   550,540,26,1456,2506,444,3   150,470,16,81,525,273,4   140,370,11,1583,2111,188,1   110,310,7,1744,2064,119,1   160,220,41,463,1855,700,5   40,180,35,554,1754,597,3   280,180,26,576,1594,444,4   260,520,9,1337,1643,154,2   260,350,15,1204,1612,256,2   310,670,3,2594,2698,51,2   150,190,1,1564,1600,17,1   220,220,2,1554,1608,34,1   180,240,22,1617,2791,376,3   260,270,27,644,1422,461,2   250,240,20,1332,2148,341,5   220,270,11,1347,1753,188,3   250,210,12,1384,1844,205,1   190,210,10,1789,2111,171,5   200,260,9,2131,2459,154,2   180,180,17,1102,1762,290,4
!----------------------------------------------------------------
!Recharge stations: x,y
350,350   200,500   450,200   470,470   250,240   200,400   30,170   200,130   510,30   270,450

g inverse recharge rate 0.4
