!----------------------------------------------------------------
!Stores: (first: depot x,y; then: satellites x,y,maxCap)
10,10   350,170,1458   470,470,1458   570,290,1458   150,470,1458   260,350,1458
!----------------------------------------------------------------
!Trucks: (total#, cap, cost/dist, fixcost)
1,324,1,128   2,448,1,150   1,592,1,172
!----------------------------------------------------------------
!CityFreighters: (max cf/sat, total#, cap, cost/dist, fixcost, maxCharge, energyConsumption)
33,33,81,1,68,491,1   34,34,112,1,80,680,1   33,33,148,1,92,899,1
!----------------------------------------------------------------
!Customers: (x, y, demand, readyTime, dueDate, serviceTime, penalizationCost)
410,490,10,2074,2504,174,3   350,170,7,2392,2552,122,3   550,450,13,2399,2961,227,5   550,200,19,2385,2971,331,5   150,300,26,2224,2900,453,1   250,300,3,1387,1505,52,5   200,500,5,2239,2391,87,1   100,430,9,1385,1631,157,2   550,600,16,1160,1644,279,1   300,600,16,1964,2700,279,5   200,650,12,344,746,209,3   500,350,19,1550,2310,331,5   300,250,23,1018,1994,401,3   150,100,20,2231,2955,349,3   300,50,8,2571,2861,139,2   100,200,19,207,929,331,4   50,300,2,2739,2807,35,4   200,400,12,2748,3044,209,5   150,600,17,765,1283,296,5   450,650,9,762,1072,157,4   450,200,11,2235,2629,192,2   450,100,18,686,1352,314,5   550,50,29,537,1745,506,4   650,350,3,1345,1445,52,3   650,200,6,1357,1641,105,4   450,300,17,1149,1817,296,5   350,400,16,1906,2532,279,3   410,370,16,2202,2874,279,5   640,420,9,1622,1972,157,1   400,600,21,914,1736,366,3   310,520,27,1623,2197,471,3   350,690,23,713,1467,401,5   530,520,11,2506,2930,192,2   650,550,14,1967,2295,244,5   630,650,8,915,1175,139,4   20,600,5,2768,2890,87,2   200,200,8,1565,1821,139,3   50,50,16,1149,1719,279,5   600,120,31,1225,2113,540,1   400,250,9,829,1163,157,3   420,70,5,2818,2958,87,3   240,120,5,1945,2105,87,1   230,30,7,1139,1295,122,3   110,140,18,1937,2561,314,2   60,380,16,1208,2010,279,5   20,480,1,1530,1550,17,1   80,560,27,1441,2209,471,1   130,520,36,0,1033,628,1   60,680,30,845,1799,523,5   470,470,13,1305,1757,227,5   490,580,10,204,562,174,5   270,430,9,629,925,157,5   370,310,14,293,765,244,4   570,290,18,2563,3025,314,3   630,230,2,2476,2538,35,5   530,120,6,1988,2244,105,3   320,120,7,1304,1520,122,4   360,260,18,1343,1763,314,3   210,240,28,618,1488,488,4   170,340,3,2646,2754,52,1   120,240,13,711,1253,227,1   240,580,19,2232,2814,331,5   270,690,10,1873,2299,174,2   150,770,9,2275,2577,157,2   620,770,20,1601,2165,349,1   490,730,25,1891,2643,436,1   670,50,25,1807,2807,436,1   560,390,36,340,1628,628,1   370,470,6,892,1108,105,1   370,560,5,2669,2827,87,4   570,680,15,2315,2911,262,1   470,160,25,2156,2894,436,1   440,170,9,958,1316,157,2   460,130,8,587,869,139,2   490,110,18,1233,1787,314,1   490,420,13,969,1387,227,5   530,430,14,1208,1620,244,3   610,520,3,2444,2542,52,2   570,480,23,211,1113,401,4   560,370,6,795,1059,105,4   550,540,26,1458,2374,453,1   150,470,16,1115,1533,279,5   140,370,11,1997,2241,192,4   110,310,7,511,761,122,4   160,220,41,298,1290,715,2   40,180,35,800,1742,610,4   280,180,26,1126,1906,453,3   260,520,9,2239,2721,157,5   260,350,15,2261,2713,262,5   310,670,3,2797,2943,52,4   150,190,1,1575,1601,17,5   220,220,2,800,852,35,4   180,240,22,71,753,384,5   260,270,27,804,1650,471,4   250,240,20,1822,2502,349,4   220,270,11,1427,1883,192,4   250,210,12,2348,2824,209,2   190,210,10,2502,2794,174,5   200,260,9,2624,2862,157,1   180,180,17,2132,2812,296,4
!----------------------------------------------------------------
!Recharge stations: x,y
10,10   350,170   470,470   570,290   150,470   260,350   60,720   230,80   650,30   420,390

g inverse recharge rate 0.41
