!----------------------------------------------------------------
!Stores: (first: depot x,y; then: satellites x,y,maxCap)
10,10   490,490,777   200,260,777   120,420,777   360,160,777   250,550,777   480,280,777
!----------------------------------------------------------------
!Trucks: (total#, cap, cost/dist, fixcost)
1,462,1,128   0,640,1,150   1,846,1,172
!----------------------------------------------------------------
!CityFreighters: (max cf/sat, total#, cap, cost/dist, fixcost, maxCharge, energyConsumption)
17,17,116,1,68,354,1   16,16,160,1,80,490,1   17,17,212,1,92,648,1
!----------------------------------------------------------------
!Customers: (x, y, demand, readyTime, dueDate, serviceTime, penalizationCost)
370,520,7,1746,2020,113,5   490,490,30,135,737,483,3   520,640,16,1013,1589,258,4   200,260,9,104,488,145,2   400,300,21,1023,1523,338,1   210,470,15,1015,1385,242,5   170,630,19,933,1441,306,2   310,620,23,456,1394,370,5   520,330,11,824,1022,177,3   510,210,5,713,857,81,4   420,410,19,817,1393,306,1   310,320,29,2187,3033,467,1   50,250,23,1808,2404,370,1   120,420,21,2358,3122,338,2   360,160,10,870,1158,161,3   520,410,15,1811,2173,242,3   270,230,3,1087,1181,48,3   170,330,41,150,1360,660,1   130,130,9,1530,1762,145,5   570,580,28,1708,2418,451,2   620,420,8,2337,2547,129,5   420,570,8,557,821,129,5   160,570,16,259,889,258,1   80,520,10,1952,2260,161,3   70,380,28,2070,2732,451,4   270,680,7,711,959,113,3   300,480,15,1799,2337,242,2   430,670,14,2535,2955,226,5   580,480,6,398,556,97,2   580,270,19,780,1322,306,4   370,690,11,1821,2233,177,3   380,460,12,1825,2135,193,4   460,100,23,1428,1700,370,4   610,330,26,769,2083,419,4   620,630,17,487,1131,274,4   630,690,6,2242,2398,97,4   320,220,9,1377,1725,145,4   450,350,15,1140,1610,242,2   590,150,14,1482,1960,226,5   50,60,7,2439,2685,113,5   100,170,27,2064,3052,435,1   210,100,13,920,1298,209,5   50,640,11,862,1270,177,4   300,150,16,400,1038,258,3   390,100,10,2481,2795,161,1   320,390,5,766,932,81,3   250,320,25,561,1229,403,5   250,550,17,1118,1850,274,4   480,280,18,248,892,290,5   560,370,10,2235,2577,161,1
!----------------------------------------------------------------
!Recharge stations: x,y
10,10   490,490   200,260   120,420   360,160   250,550   480,280

g inverse recharge rate 0.56
