!----------------------------------------------------------------
!Stores: (first: depot x,y; then: satellites x,y,maxCap)
400,400   550,200,1364   350,510,1364   210,360,1364   540,380,1364   550,570,1364   300,200,1364
!----------------------------------------------------------------
!Trucks: (total#, cap, cost/dist, fixcost)
1,405,1,128   1,560,1,150   1,741,1,172
!----------------------------------------------------------------
!CityFreighters: (max cf/sat, total#, cap, cost/dist, fixcost, maxCharge, energyConsumption)
25,25,101,1,68,455,1   25,25,140,1,80,630,1   25,25,185,1,92,833,1
!----------------------------------------------------------------
!Customers: (x, y, demand, readyTime, dueDate, serviceTime, penalizationCost)
220,220,18,866,1186,250,5   360,260,26,1854,2476,361,3   210,450,11,592,782,153,2   450,350,30,1167,2105,416,1   550,200,21,2336,2864,292,2   330,340,19,320,836,264,5   500,500,15,619,1081,208,1   550,450,16,997,1395,222,2   260,590,29,1721,2781,403,1   400,660,26,1437,2237,361,1   550,650,37,0,957,514,1   350,510,16,2232,2586,222,5   620,350,12,2634,3022,167,3   620,570,31,2063,3097,430,1   620,240,8,903,1199,111,4   210,360,19,1649,2059,264,3   330,440,20,132,686,278,5   90,560,13,2309,2685,180,2   620,480,15,1860,2282,208,2   660,140,22,649,1075,305,3   440,130,28,2078,2966,389,4   260,130,12,2170,2486,167,5   110,280,6,1907,2057,83,5   70,430,27,1597,2073,375,2   170,640,14,358,766,194,3   410,460,18,1596,2234,250,1   550,340,17,2137,2563,236,2   350,160,29,340,1112,403,5   520,260,13,2522,2744,180,2   430,260,22,2126,3004,305,5   310,760,25,189,763,347,5   220,530,28,1188,1872,389,4   260,290,27,1517,2277,375,5   500,400,19,768,1238,264,1   550,500,10,557,887,139,2   540,100,12,806,1098,167,1   600,150,14,740,1186,194,5   470,660,24,986,1514,333,1   300,600,16,696,1034,222,2   300,500,33,0,719,458,2   120,170,15,431,805,208,2   150,140,11,1938,2248,153,3   160,190,18,2424,2862,250,2   210,480,17,2362,2806,236,1   500,300,21,1860,2450,292,4   510,420,27,1367,2039,375,5   500,150,19,2139,2713,264,2   480,210,20,211,765,278,4   120,380,5,904,1018,69,3   150,560,22,568,1072,305,5   290,390,12,2355,2701,167,1   540,380,19,2063,2419,264,3   550,570,22,1974,2390,305,4   670,410,16,2262,2750,222,4   100,700,7,2552,2680,97,1   60,250,26,1050,1822,361,2   650,270,14,920,1284,194,2   400,600,21,1369,1987,292,3   700,640,24,1240,1916,333,5   640,40,13,686,1012,180,5   360,60,15,552,1026,208,4   300,200,18,1898,2350,250,4   200,300,11,2796,3038,153,3   150,50,28,1760,2746,389,2   500,700,9,931,1287,125,4   570,720,37,2004,2842,514,5   450,420,30,1131,1921,416,4   380,330,10,2362,2662,139,5   500,40,8,2076,2270,111,2   660,80,11,1285,1665,153,5   590,50,3,2061,2133,42,4   350,600,1,1126,1162,14,4   270,240,6,2402,2578,83,1   400,200,10,1446,1816,139,4   400,370,20,218,890,278,2
!----------------------------------------------------------------
!Recharge stations: x,y
400,400   550,200   350,510   210,360   540,380   550,570   300,200

g inverse recharge rate 0.44
