!----------------------------------------------------------------
!Stores: (first: depot x,y; then: satellites x,y,maxCap)
10,10   550,200,1364   350,510,1364   210,360,1364   540,380,1364   550,570,1364   300,200,1364
!----------------------------------------------------------------
!Trucks: (total#, cap, cost/dist, fixcost)
1,405,1,128   1,560,1,150   1,741,1,172
!----------------------------------------------------------------
!CityFreighters: (max cf/sat, total#, cap, cost/dist, fixcost, maxCharge, energyConsumption)
25,25,101,1,68,455,1   25,25,140,1,80,630,1   25,25,185,1,92,833,1
!----------------------------------------------------------------
!Customers: (x, y, demand, readyTime, dueDate, serviceTime, penalizationCost)
220,220,18,471,1025,250,3   360,260,26,1950,2650,361,5   210,450,11,1681,2043,153,3   450,350,30,22,860,416,3   550,200,21,1665,2331,292,3   330,340,19,2154,2718,264,4   500,500,15,1377,1833,208,2   550,450,16,1222,1534,222,3   260,590,29,1752,2478,403,3   400,660,26,1719,2443,361,5   550,650,37,0,926,514,4   350,510,16,626,1040,222,5   620,350,12,1801,2109,167,4   620,570,31,1025,2035,430,4   620,240,8,1292,1444,111,1   210,360,19,851,1381,264,1   330,440,20,1238,1836,278,3   90,560,13,1236,1602,180,2   620,480,15,718,1238,208,4   660,140,22,1238,1772,305,2   440,130,28,429,1463,389,1   260,130,12,1188,1482,167,1   110,280,6,2296,2502,83,2   70,430,27,1312,2294,375,2   170,640,14,441,897,194,1   410,460,18,1156,1552,250,1   550,340,17,332,770,236,5   350,160,29,1789,2561,403,5   520,260,13,98,442,180,4   430,260,22,2067,2603,305,2   310,760,25,86,780,347,2   220,530,28,482,1518,389,1   260,290,27,2068,2860,375,1   500,400,19,189,667,264,1   550,500,10,1058,1332,139,4   540,100,12,1943,2209,167,4   600,150,14,1078,1486,194,1   470,660,24,1100,1718,333,1   300,600,16,429,941,222,1   300,500,33,469,1393,458,4   120,170,15,1162,1644,208,1   150,140,11,1133,1449,153,2   160,190,18,2022,2346,250,2   210,480,17,1892,2266,236,5   500,300,21,680,1362,292,4   510,420,27,1598,2214,375,3   500,150,19,2400,3092,264,3   480,210,20,603,1261,278,4   120,380,5,1980,2108,69,4   150,560,22,1108,1708,305,2   290,390,12,2222,2512,167,5   540,380,19,2491,2941,264,2   550,570,22,1340,2124,305,1   670,410,16,1566,1834,222,2   100,700,7,412,586,97,4   60,250,26,526,1212,361,3   650,270,14,2369,2715,194,5   400,600,21,367,927,292,4   700,640,24,2235,2995,333,4   640,40,13,2355,2755,180,5   360,60,15,2283,2619,208,5   300,200,18,1948,2340,250,4   200,300,11,431,799,153,4   150,50,28,883,1643,389,1   500,700,9,920,1172,125,3   570,720,37,574,1494,514,4   450,420,30,1787,2915,416,3   380,330,10,2439,2755,139,4   500,40,8,259,529,111,4   660,80,11,342,570,153,2   590,50,3,2786,2898,42,1   350,600,1,1322,1348,14,4   270,240,6,1160,1332,83,2   400,200,10,750,1126,139,4   400,370,20,2238,2758,278,2
!----------------------------------------------------------------
!Recharge stations: x,y
10,10   550,200   350,510   210,360   540,380   550,570   300,200

g inverse recharge rate 0.44
