!----------------------------------------------------------------
!Stores: (first: depot x,y; then: satellites x,y,maxCap)
670,670   20,450,1536   270,370,1536   380,160,1536   410,100,1536   410,400,1536   160,110,1536   170,120,1536   450,450,1536   210,320,1536   210,470,1536
!----------------------------------------------------------------
!Trucks: (total#, cap, cost/dist, fixcost)
2,415,1,135   3,620,1,165
!----------------------------------------------------------------
!CityFreighters: (max cf/sat, total#, cap, cost/dist, fixcost, maxCharge, energyConsumption)
16,16,57,1,72,324,1   17,17,85,1,88,484,1
!----------------------------------------------------------------
!Customers: (x, y, demand, readyTime, dueDate, serviceTime, penalizationCost)
210,130,16,1546,1918,229,1   120,240,18,800,1448,258,3   120,250,15,671,1015,215,4   250,250,19,1583,2017,272,4   240,70,14,1684,2110,201,4   250,120,18,1605,2321,258,2   30,210,13,1731,2117,186,2   120,10,11,1895,2085,158,3   90,60,13,1227,1537,186,3   160,80,13,631,1101,186,4   240,90,16,1106,1506,229,3   140,80,13,2016,2322,186,1   50,210,18,1625,2201,258,3   190,170,19,574,1216,272,3   250,80,16,1937,2649,229,2   110,150,20,293,1063,287,1   200,50,20,1584,2146,287,2   190,130,15,253,709,215,4   250,100,15,1349,1909,215,2   30,230,17,809,1275,244,5   20,80,17,925,1501,244,1   10,30,18,1438,1894,258,1   190,60,17,526,858,244,3   30,140,15,220,582,215,5   240,210,11,1917,2185,158,5   10,240,13,1951,2333,186,5   150,60,15,88,608,215,5   200,270,11,1631,1951,158,4   260,20,18,462,994,258,3   90,160,13,1641,1917,186,5   230,160,17,12,552,244,1   60,200,20,1857,2463,287,3   200,20,11,2167,2371,158,4   40,190,12,2055,2447,172,5   220,80,19,67,543,272,2   30,120,16,1141,1473,229,2   250,80,18,1899,2531,258,2   120,260,16,592,1028,229,5   40,170,17,964,1456,244,3   210,160,16,66,608,229,1   220,110,12,1588,2006,172,2   210,240,14,738,1114,201,3   70,50,18,722,1310,258,5   30,80,20,860,1426,287,4   220,40,16,2013,2551,229,2   240,140,16,1949,2335,229,5   40,240,15,1698,2060,215,2   250,140,12,734,1112,172,3   10,280,19,238,754,272,1   120,90,11,1500,1794,158,2   430,480,11,1482,1830,158,4   340,240,12,1027,1349,172,5   270,250,15,1334,1886,215,3   480,260,14,605,965,201,3   250,320,13,798,1170,186,3   340,480,12,1124,1456,172,3   270,330,12,2079,2439,172,1   450,240,12,1259,1529,172,2   450,260,12,2266,2640,172,1   280,440,13,870,1360,186,3   380,420,19,755,1159,272,4   420,260,14,158,608,201,2   250,410,15,857,1245,215,1   280,330,15,1486,1830,215,1   360,330,14,432,830,201,5   380,280,16,1893,2299,229,1   390,450,13,768,1116,186,4   420,310,11,731,1097,158,1   430,280,19,578,996,272,3   290,430,20,1797,2415,287,4   290,260,19,385,805,272,2   290,420,19,1448,2004,272,2   380,340,18,948,1436,258,5   460,280,11,1549,1891,158,4   300,240,18,1076,1724,258,3   500,300,13,1622,2010,186,3   440,260,19,539,1107,272,5   450,490,16,1389,1777,229,5   490,430,19,1764,2210,272,4   500,270,11,883,1263,158,4   430,330,11,1886,2336,158,4   290,490,15,946,1362,215,2   400,370,15,1816,2396,215,2   360,310,16,1091,1617,229,2   460,450,17,269,523,244,5   490,460,11,1104,1424,158,4   450,410,13,197,619,186,1   280,360,17,17,423,244,1   430,500,20,716,1250,287,5   450,480,17,710,1210,244,1   480,270,18,2131,2511,258,4   330,240,20,830,1454,287,5   480,330,20,133,855,287,3   390,380,18,1097,1583,258,4   450,490,13,396,758,186,3   270,260,20,1045,1733,287,5   330,440,14,474,814,201,4   330,290,11,2268,2540,158,2   320,460,12,1052,1464,172,4   400,350,11,1888,2324,158,5
!----------------------------------------------------------------
!Recharge stations: x,y
670,670   20,450   270,370   380,160   410,100   410,400   160,110   170,120   450,450   210,320   210,470

g inverse recharge rate 0.6
