!----------------------------------------------------------------
!Stores: (first: depot x,y; then: satellites x,y,maxCap)
670,670   20,100,1610   180,440,1610   490,80,1610   240,290,1610   180,240,1610   140,120,1610   40,390,1610   320,300,1610   70,290,1610   400,480,1610
!----------------------------------------------------------------
!Trucks: (total#, cap, cost/dist, fixcost)
2,435,1,135   3,650,1,165
!----------------------------------------------------------------
!CityFreighters: (max cf/sat, total#, cap, cost/dist, fixcost, maxCharge, energyConsumption)
9,9,122,1,72,316,1   9,9,182,1,88,472,1
!----------------------------------------------------------------
!Customers: (x, y, demand, readyTime, dueDate, serviceTime, penalizationCost)
120,380,14,497,915,198,4   320,170,19,1516,2018,269,5   290,120,16,475,943,226,2   250,200,18,1631,2043,255,2   20,300,16,1261,1513,226,3   310,460,14,962,1354,198,1   50,130,18,1930,2404,255,3   130,360,12,1072,1562,170,5   380,60,14,1197,1573,198,3   290,110,20,97,577,283,5   380,470,19,1831,2409,269,2   90,470,20,1178,1548,283,1   110,180,19,524,1034,269,3   170,310,18,1867,2299,255,4   190,60,19,1806,2488,269,5   120,70,18,2006,2384,255,1   50,140,20,739,1169,283,3   400,360,20,143,655,283,5   90,450,19,1312,1914,269,4   240,430,15,1134,1674,212,5   480,450,19,1677,2351,269,1   500,130,18,850,1368,255,5   80,430,12,1255,1455,170,5   420,230,19,608,1140,269,1   430,140,20,65,695,283,1   430,60,19,1603,2039,269,5   490,40,11,662,1000,156,5   350,410,16,1196,1464,226,2   310,420,20,1209,1805,283,3   190,240,17,1461,1791,241,3   260,290,15,1512,2078,212,5   430,470,19,958,1658,269,4   370,360,19,1591,2025,269,1   300,30,11,847,1177,156,2   80,340,20,1761,2393,283,5   180,400,12,1138,1458,170,5   400,100,14,241,691,198,4   40,270,19,1700,2160,269,3   240,260,12,1272,1688,170,1   410,170,20,315,871,283,2   360,220,12,596,948,170,3   60,60,20,1504,2114,283,2   390,400,15,259,791,212,2   180,290,16,200,442,226,2   200,30,13,1482,1826,184,5   270,30,15,508,874,212,3   80,260,18,2272,2664,255,1   130,370,19,2124,2596,269,4   90,60,12,2272,2648,170,4   30,280,19,824,1500,269,3   50,500,18,663,1197,255,1   50,280,20,1537,2109,283,3   400,50,13,1297,1705,184,1   160,280,17,2291,2725,241,3   460,410,17,1331,1839,241,4   360,460,11,693,1067,156,5   500,470,16,112,662,226,1   290,410,16,1043,1471,226,4   310,20,17,1704,2118,241,4   300,110,16,2141,2625,226,2   440,170,18,1371,1915,255,4   10,30,16,217,787,226,2   250,260,18,76,636,255,3   490,110,19,1729,2415,269,2   340,60,18,728,1142,255,4   300,120,17,1280,1906,241,2   150,170,16,2414,2694,226,1   300,400,13,1487,1845,184,5   160,350,16,941,1363,226,3   310,420,15,1753,2123,212,4   40,170,11,1998,2344,156,4   30,500,15,1356,1778,212,5   250,330,13,1716,2126,184,4   430,300,16,1568,1894,226,4   300,380,18,854,1306,255,5   370,490,15,1052,1556,212,2   260,300,11,1149,1529,156,1   210,470,14,1013,1407,198,4   220,80,12,254,608,170,5   220,170,16,353,765,226,5   290,430,17,1830,2210,241,5   30,420,17,351,965,241,3   330,80,12,2346,2772,170,2   310,200,14,1053,1471,198,5   440,320,14,1672,2032,198,1   140,390,15,1377,1895,212,5   60,350,19,1159,1583,269,5   90,340,16,528,854,226,3   70,10,19,192,620,269,2   490,320,12,1676,1946,170,1   220,10,16,1584,2002,226,4   500,210,11,731,1217,156,1   450,110,11,986,1238,156,1   360,450,14,1671,2035,198,5   250,40,17,1489,1791,241,1   500,180,15,1772,2036,212,4   210,500,17,1563,2189,241,3   320,490,20,1275,1711,283,2   380,10,15,2014,2404,212,5   430,280,12,406,742,170,1
!----------------------------------------------------------------
!Recharge stations: x,y
670,670   20,100   180,440   490,80   240,290   180,240   140,120   40,390   320,300   70,290   400,480

g inverse recharge rate 0.64
