!----------------------------------------------------------------
!Stores: (first: depot x,y; then: satellites x,y,maxCap)
670,670   20,450,1536   270,370,1536   380,160,1536   410,100,1536   410,400,1536   160,110,1536   170,120,1536   450,450,1536   210,320,1536   210,470,1536
!----------------------------------------------------------------
!Trucks: (total#, cap, cost/dist, fixcost)
2,415,1,135   3,620,1,165
!----------------------------------------------------------------
!CityFreighters: (max cf/sat, total#, cap, cost/dist, fixcost, maxCharge, energyConsumption)
9,9,122,1,72,324,1   9,9,182,1,88,484,1
!----------------------------------------------------------------
!Customers: (x, y, demand, readyTime, dueDate, serviceTime, penalizationCost)
210,130,16,947,1421,229,5   120,240,18,1911,2287,258,5   120,250,15,864,1122,215,2   250,250,19,1965,2465,272,1   240,70,14,1695,2151,201,5   250,120,18,1571,2197,258,5   30,210,13,1129,1509,186,3   120,10,11,918,1202,158,2   90,60,13,327,749,186,4   160,80,13,1513,1943,186,1   240,90,16,251,695,229,4   140,80,13,634,986,186,4   50,210,18,1652,2184,258,3   190,170,19,1093,1553,272,3   250,80,16,1380,1824,229,4   110,150,20,1608,2084,287,4   200,50,20,1834,2214,287,2   190,130,15,112,432,215,2   250,100,15,824,1264,215,3   30,230,17,260,742,244,3   20,80,17,939,1407,244,2   10,30,18,909,1343,258,1   190,60,17,1735,2213,244,2   30,140,15,326,736,215,2   240,210,11,1320,1586,158,4   10,240,13,1533,1947,186,3   150,60,15,2008,2422,215,5   200,270,11,1956,2328,158,2   260,20,18,121,567,258,4   90,160,13,1189,1595,186,1   230,160,17,355,927,244,5   60,200,20,1281,1827,287,3   200,20,11,1690,1954,158,5   40,190,12,613,1017,172,1   220,80,19,12,698,272,5   30,120,16,860,1226,229,1   250,80,18,1125,1799,258,2   120,260,16,1409,1989,229,3   40,170,17,339,923,244,3   210,160,16,668,1180,229,1   220,110,12,1548,1968,172,4   210,240,14,1254,1622,201,4   70,50,18,450,954,258,5   30,80,20,871,1395,287,2   220,40,16,2069,2477,229,1   240,140,16,842,1306,229,4   40,240,15,1054,1548,215,2   250,140,12,325,709,172,1   10,280,19,2055,2425,272,5   120,90,11,841,1203,158,1   430,480,11,973,1301,158,3   340,240,12,1032,1312,172,2   270,250,15,1827,2367,215,2   480,260,14,1592,1874,201,5   250,320,13,1764,2132,186,1   340,480,12,259,669,172,5   270,330,12,2217,2581,172,4   450,240,12,1397,1751,172,4   450,260,12,1735,1985,172,5   280,440,13,1851,2183,186,4   380,420,19,288,900,272,4   420,260,14,108,422,201,3   250,410,15,1033,1561,215,4   280,330,15,1388,1768,215,4   360,330,14,619,1149,201,3   380,280,16,53,573,229,3   390,450,13,382,644,186,4   420,310,11,851,1147,158,3   430,280,19,1576,1984,272,5   290,430,20,2183,2669,287,4   290,260,19,564,1044,272,3   290,420,19,506,1230,272,5   380,340,18,348,854,258,5   460,280,11,474,686,158,3   300,240,18,1252,1664,258,5   500,300,13,403,821,186,2   440,260,19,1524,2046,272,2   450,490,16,1701,2295,229,3   490,430,19,1613,2307,272,1   500,270,11,1391,1643,158,2   430,330,11,1278,1580,158,1   290,490,15,2179,2629,215,5   400,370,15,157,547,215,2   360,310,16,96,588,229,1   460,450,17,1936,2384,244,2   490,460,11,511,715,158,4   450,410,13,678,1102,186,5   280,360,17,978,1632,244,2   430,500,20,1400,1588,287,3   450,480,17,1606,2062,244,1   480,270,18,64,698,258,4   330,240,20,228,798,287,2   480,330,20,1855,2517,287,2   390,380,18,1244,1804,258,3   450,490,13,1212,1534,186,1   270,260,20,1852,2380,287,1   330,440,14,1378,1704,201,4   330,290,11,1508,1832,158,4   320,460,12,1703,2129,172,1   400,350,11,1772,2112,158,1
!----------------------------------------------------------------
!Recharge stations: x,y
670,670   20,450   270,370   380,160   410,100   410,400   160,110   170,120   450,450   210,320   210,470

g inverse recharge rate 0.61
