!----------------------------------------------------------------
!Stores: (first: depot x,y; then: satellites x,y,maxCap)
670,670   20,100,1610   180,440,1610   490,80,1610   240,290,1610   180,240,1610   140,120,1610   40,390,1610   320,300,1610   70,290,1610   400,480,1610
!----------------------------------------------------------------
!Trucks: (total#, cap, cost/dist, fixcost)
2,435,1,135   3,650,1,165
!----------------------------------------------------------------
!CityFreighters: (max cf/sat, total#, cap, cost/dist, fixcost, maxCharge, energyConsumption)
18,18,57,1,72,316,1   17,17,85,1,88,472,1
!----------------------------------------------------------------
!Customers: (x, y, demand, readyTime, dueDate, serviceTime, penalizationCost)
120,380,14,1999,2573,198,1   320,170,19,1563,2167,269,1   290,120,16,1396,1882,226,2   250,200,18,2214,2654,255,1   20,300,16,415,807,226,1   310,460,14,1892,2248,198,5   50,130,18,2052,2700,255,3   130,360,12,1519,1885,170,3   380,60,14,2009,2649,198,3   290,110,20,989,1699,283,5   380,470,19,1904,2456,269,1   90,470,20,1567,2019,283,1   110,180,19,0,670,269,2   170,310,18,458,1138,255,2   190,60,19,2085,2789,269,3   120,70,18,748,1364,255,3   50,140,20,1899,2435,283,5   400,360,20,574,1200,283,1   90,450,19,112,658,269,3   240,430,15,1421,1765,212,5   480,450,19,699,1281,269,4   500,130,18,201,763,255,5   80,430,12,1281,1667,170,4   420,230,19,1526,1942,269,4   430,140,20,633,1167,283,1   430,60,19,1621,2315,269,4   490,40,11,1702,1984,156,1   350,410,16,792,1188,226,4   310,420,20,567,1005,283,2   190,240,17,718,1194,241,4   260,290,15,2235,2593,212,3   430,470,19,1663,2095,269,5   370,360,19,237,751,269,3   300,30,11,390,724,156,2   80,340,20,749,1229,283,4   180,400,12,206,610,170,4   400,100,14,321,751,198,2   40,270,19,71,699,269,2   240,260,12,1498,1724,170,5   410,170,20,1603,2315,283,3   360,220,12,1553,1857,170,1   60,60,20,1145,1529,283,2   390,400,15,1690,2242,212,1   180,290,16,1023,1479,226,1   200,30,13,233,611,184,3   270,30,15,1556,2006,212,2   80,260,18,714,1080,255,2   130,370,19,932,1640,269,5   90,60,12,2010,2268,170,4   30,280,19,1353,1809,269,3   50,500,18,1972,2452,255,3   50,280,20,1363,2029,283,4   400,50,13,1693,2067,184,3   160,280,17,265,761,241,4   460,410,17,1120,1586,241,2   360,460,11,1852,2136,156,4   500,470,16,1564,1924,226,4   290,410,16,1977,2321,226,5   310,20,17,1890,2428,241,4   300,110,16,1801,2375,226,5   440,170,18,406,888,255,1   10,30,16,1452,1838,226,4   250,260,18,86,550,255,4   490,110,19,1432,1844,269,2   340,60,18,1683,2127,255,4   300,120,17,2057,2535,241,4   150,170,16,0,473,226,3   300,400,13,1259,1643,184,1   160,350,16,2218,2660,226,4   310,420,15,2334,2662,212,2   40,170,11,2384,2640,156,5   30,500,15,1678,2004,212,4   250,330,13,13,439,184,3   430,300,16,1823,2383,226,1   300,380,18,796,1312,255,1   370,490,15,293,661,212,5   260,300,11,1065,1413,156,1   210,470,14,1095,1525,198,2   220,80,12,724,1072,170,4   220,170,16,2064,2422,226,2   290,430,17,988,1606,241,1   30,420,17,277,801,241,3   330,80,12,1314,1670,170,3   310,200,14,1721,2181,198,3   440,320,14,1982,2256,198,1   140,390,15,1719,2257,212,5   60,350,19,1831,2355,269,3   90,340,16,194,564,226,5   70,10,19,2042,2594,269,3   490,320,12,1731,2079,170,4   220,10,16,1256,1788,226,3   500,210,11,374,680,156,3   450,110,11,2057,2323,156,5   360,450,14,2049,2457,198,4   250,40,17,910,1398,241,3   500,180,15,456,956,212,5   210,500,17,2132,2634,241,4   320,490,20,1933,2569,283,3   380,10,15,2174,2670,212,5   430,280,12,2389,2781,170,1
!----------------------------------------------------------------
!Recharge stations: x,y
670,670   20,100   180,440   490,80   240,290   180,240   140,120   40,390   320,300   70,290   400,480

g inverse recharge rate 0.65
