!----------------------------------------------------------------
!Stores: (first: depot x,y; then: satellites x,y,maxCap)
670,660   130,110,1562   370,190,1562   10,240,1562   200,20,1562   190,390,1562
!----------------------------------------------------------------
!Trucks: (total#, cap, cost/dist, fixcost)
2,422,1,135   3,630,1,165
!----------------------------------------------------------------
!CityFreighters: (max cf/sat, total#, cap, cost/dist, fixcost, maxCharge, energyConsumption)
15,15,57,1,72,300,1   15,15,85,1,88,448,1
!----------------------------------------------------------------
!Customers: (x, y, demand, readyTime, dueDate, serviceTime, penalizationCost)
100,40,15,96,486,204,2   10,30,16,1347,1735,218,2   40,180,17,1620,2154,232,5   170,90,16,320,738,218,5   30,100,14,2044,2486,191,2   210,200,18,477,959,245,1   170,200,16,882,1272,218,4   30,210,12,2179,2519,164,3   250,10,20,0,674,273,3   150,80,15,822,1286,204,4   20,200,17,667,1097,232,4   190,80,12,1989,2279,164,2   170,60,18,923,1469,245,2   30,20,14,1884,2362,191,1   120,60,16,2040,2554,218,2   90,20,13,2154,2586,177,2   70,90,19,1210,1820,259,3   20,180,13,2049,2491,177,2   10,90,18,974,1418,245,3   120,180,20,2057,2531,273,1   60,120,15,236,630,204,2   190,80,20,0,528,273,1   40,120,11,2218,2522,150,3   90,70,19,1890,2526,259,4   200,190,17,1769,2327,232,1   90,70,16,1621,2029,218,1   120,150,11,736,1054,150,4   250,130,20,1232,1746,273,4   250,200,12,1456,1844,164,3   200,80,15,1294,1886,204,4   150,430,20,1641,2115,273,5   160,450,12,1065,1485,164,5   80,350,19,1908,2508,259,4   140,450,14,2033,2425,191,4   70,460,13,1658,2006,177,2   250,350,15,387,743,204,5   50,450,20,1262,1824,273,4   170,300,11,141,409,150,4   20,450,11,238,550,150,3   210,440,20,1536,2072,273,3   140,440,12,1510,1912,164,5   190,380,16,690,1180,218,1   60,440,11,1010,1276,150,1   140,430,13,43,519,177,5   210,340,18,648,1088,245,5   40,420,11,947,1177,150,4   120,380,16,424,932,218,4   20,400,11,1729,1973,150,4   170,460,16,1832,2402,218,5   110,320,14,2071,2399,191,3   250,400,19,1994,2414,259,5   150,440,16,1300,1790,218,2   40,450,16,1834,2408,218,5   180,460,11,1682,1948,150,3   100,480,17,630,972,232,1   200,460,20,326,848,273,2   230,490,17,882,1520,232,2   90,320,12,659,1063,164,2   80,360,19,1612,2016,259,2   170,470,19,273,739,259,3   360,330,13,556,942,177,4   360,120,15,1456,1870,204,1   340,130,19,970,1484,259,4   310,310,18,1370,1846,245,3   350,110,11,1318,1624,150,3   490,250,15,289,515,204,2   490,290,12,261,541,164,4   380,360,13,979,1363,177,4   340,140,14,144,538,191,1   340,260,18,2038,2538,245,3   420,320,17,369,775,232,4   310,340,19,110,506,259,4   360,120,18,1881,2599,245,3   270,120,16,422,790,218,2   300,180,12,1589,2005,164,4   380,160,18,1206,1662,245,5   500,120,19,1388,1888,259,5   320,180,16,2130,2538,218,5   500,270,18,579,1071,245,4   400,220,11,1029,1321,150,4   390,360,11,2036,2272,150,5   400,270,11,1113,1457,150,3   370,270,12,2128,2398,164,2   420,110,15,1586,1938,204,3   260,220,19,1287,1937,259,4   330,190,14,2266,2604,191,4   490,220,11,1348,1642,150,1   490,280,20,694,1152,273,3   440,230,14,1747,2071,191,3   270,370,18,109,489,245,3   490,290,16,315,729,218,3   470,210,16,1421,1765,218,4   450,280,14,1865,2263,191,3   380,350,16,962,1256,218,1   430,170,17,1262,1674,232,4   330,200,19,794,1202,259,1   340,120,17,443,963,232,1   310,130,20,1934,2404,273,4   330,150,19,854,1460,259,5   460,160,17,1424,1882,232,5
!----------------------------------------------------------------
!Recharge stations: x,y
670,660   130,110   370,190   10,240   200,20   190,390   290,350   10,90   180,90   460,170

g inverse recharge rate 0.63
