!----------------------------------------------------------------
!Stores: (first: depot x,y; then: satellites x,y,maxCap)
670,670   90,180,3101   70,390,3101   220,180,3101   300,220,3101   430,280,3101   460,60,3101   30,390,3101   460,360,3101   380,260,3101   340,330,3101
!----------------------------------------------------------------
!Trucks: (total#, cap, cost/dist, fixcost)
2,838,1,135   3,1251,1,165
!----------------------------------------------------------------
!CityFreighters: (max cf/sat, total#, cap, cost/dist, fixcost, maxCharge, energyConsumption)
32,32,57,1,72,259,1   31,31,85,1,88,387,1
!----------------------------------------------------------------
!Customers: (x, y, demand, readyTime, dueDate, serviceTime, penalizationCost)
40,240,18,1477,1879,240,4   170,170,13,1145,1365,174,4   220,220,17,1485,2015,227,4   190,100,18,770,1260,240,4   170,280,18,1508,2186,240,5   240,200,15,1383,1757,200,5   110,150,16,1445,1867,214,2   70,190,12,982,1414,160,2   90,190,14,1652,1916,187,5   240,60,11,1404,1738,147,4   10,170,12,793,1143,160,5   200,80,17,1229,1623,227,1   70,100,17,1529,1993,227,4   150,80,12,1345,1713,160,3   70,190,18,1887,2303,240,3   90,90,17,1037,1685,227,5   120,240,12,678,1002,160,3   80,240,16,923,1463,214,5   220,130,19,814,1358,254,3   70,80,20,1626,2114,267,2   190,150,14,1899,2181,187,2   220,40,15,925,1241,200,2   150,280,17,663,1175,227,2   180,130,13,1454,1766,174,5   190,210,20,1367,1827,267,5   20,150,16,1910,2182,214,5   230,80,18,426,896,240,1   80,90,19,1867,2243,254,1   230,110,15,1286,1542,200,1   110,160,18,1022,1666,240,2   240,200,12,65,385,160,2   100,270,16,21,515,214,5   160,160,18,353,985,240,2   200,280,16,1866,2230,214,1   50,270,17,790,1354,227,5   180,220,15,1982,2568,200,4   170,110,12,1942,2260,160,5   10,10,20,1291,1717,267,3   40,230,14,988,1352,187,1   230,70,20,1674,2598,267,2   160,270,19,623,1015,254,3   130,180,13,991,1453,174,1   20,30,12,2073,2321,160,2   100,250,18,764,1422,240,4   60,90,15,641,1031,200,2   110,260,13,1965,2423,174,1   190,240,17,1289,1779,227,4   80,20,12,359,661,160,5   130,210,13,1857,2153,174,5   220,250,20,453,837,267,2   140,150,17,191,537,227,4   130,120,12,471,723,160,3   20,270,12,614,846,160,1   120,280,17,731,1139,227,4   180,110,17,995,1531,227,4   140,270,16,579,875,214,1   150,160,17,688,1120,227,4   90,10,15,1626,1840,200,4   80,280,20,1564,2000,267,5   90,120,15,372,722,200,4   60,180,16,1092,1398,214,1   100,30,15,1730,2094,200,3   220,230,13,535,815,174,2   50,260,16,566,1024,214,4   150,90,11,415,691,147,2   60,190,18,1456,1850,240,5   210,250,11,1784,2052,147,5   180,160,14,1981,2351,187,4   70,220,13,900,1326,174,2   230,230,16,863,1251,214,5   250,220,18,696,962,240,5   240,50,15,1877,2293,200,4   240,280,14,250,478,187,2   220,140,15,1038,1502,200,3   130,160,14,1229,1733,187,3   210,40,11,1885,2203,147,3   120,220,12,934,1158,160,3   30,10,11,599,807,147,4   170,260,15,1003,1251,200,5   110,160,14,558,946,187,4   240,40,20,618,1196,267,4   140,220,20,222,936,267,5   230,90,17,953,1171,227,2   160,90,14,784,1326,187,3   10,100,18,1020,1494,240,1   260,180,13,1267,1587,174,5   210,140,16,1659,2143,214,2   160,100,18,1220,1698,240,3   170,170,16,497,795,214,5   10,20,16,929,1397,214,2   180,230,14,738,1084,187,4   220,20,17,1572,2160,227,1   40,100,15,1142,1390,200,5   60,280,15,1405,1871,200,3   150,280,13,1983,2331,174,5   210,220,20,976,1514,267,3   80,30,12,1775,2123,160,1   80,240,11,1705,1997,147,4   250,200,11,753,1129,147,4   20,160,15,557,983,200,2   260,290,20,26,684,267,2   360,450,20,292,960,267,3   340,410,12,1610,1946,160,2   410,430,19,1407,1993,254,2   320,460,12,1559,1887,160,5   470,270,13,2143,2549,174,5   290,330,16,87,535,214,3   490,490,17,565,1005,227,1   300,460,16,708,1166,214,3   330,380,12,1076,1336,160,4   310,320,13,67,537,174,1   380,290,19,715,1139,254,2   300,270,11,1161,1381,147,5   470,490,19,1802,2322,254,3   330,330,16,1960,2324,214,2   310,490,11,1056,1326,147,2   380,490,11,1058,1392,147,5   440,260,11,87,433,147,3   460,460,17,747,1245,227,2   350,300,15,990,1334,200,5   290,270,17,624,992,227,3   300,310,11,1089,1261,147,4   310,310,19,885,1361,254,5   260,340,12,2005,2371,160,5   300,470,17,1636,2162,227,3   480,360,12,1110,1314,160,2   370,460,18,1253,1629,240,2   300,300,16,541,943,214,3   440,310,19,341,791,254,5   420,320,18,1578,1986,240,4   370,280,17,425,965,227,2   450,500,16,1553,2001,214,4   320,270,15,6,388,200,2   340,340,17,285,869,227,1   380,290,16,849,1311,214,3   440,440,17,1362,1814,227,2   300,240,20,1392,1930,267,3   480,350,13,2135,2423,174,4   370,300,18,0,425,240,2   360,440,14,363,743,187,3   330,260,20,831,1349,267,2   320,470,13,1161,1393,174,3   310,480,19,1654,2062,254,5   490,250,19,850,1260,254,1   410,360,12,2019,2295,160,5   470,370,20,710,1258,267,2   490,380,20,685,1179,267,2   410,470,11,382,640,147,1   480,360,17,543,859,227,4   390,490,11,746,1134,147,3   250,360,17,1562,2042,227,3   480,440,17,243,887,227,1   500,500,20,444,908,267,1   410,440,14,873,1231,187,3   400,360,13,1172,1512,174,2   450,270,15,1287,1627,200,5   360,260,12,1443,1693,160,3   460,280,11,1591,1951,147,1   400,380,18,1868,2194,240,1   270,380,15,1676,2056,200,3   310,440,16,183,675,214,1   410,310,15,284,794,200,3   390,360,14,87,533,187,5   300,400,19,1013,1549,254,2   400,380,16,999,1363,214,3   420,320,17,556,1162,227,3   500,430,15,2002,2300,200,5   370,400,19,99,501,254,3   420,390,11,237,497,147,4   480,430,18,652,1098,240,5   350,400,18,1162,1532,240,4   310,350,13,927,1271,174,3   270,400,20,772,1250,267,1   430,500,15,1185,1549,200,5   460,270,17,951,1495,227,2   390,370,20,1791,2235,267,3   430,300,17,580,1072,227,2   250,460,13,1691,1947,174,1   300,330,20,1048,1538,267,1   340,250,20,1233,1865,267,5   290,270,15,1991,2419,200,2   440,310,17,471,1057,227,3   320,450,11,1116,1370,147,5   390,360,11,1130,1416,147,1   300,340,12,1310,1670,160,3   320,270,13,445,853,174,1   470,490,19,918,1212,254,1   330,330,15,608,1032,200,4   360,330,13,2154,2606,174,2   500,310,14,798,1022,187,2   330,420,11,707,1015,147,1   390,340,14,1920,2294,187,2   420,240,19,0,484,254,3   500,380,12,858,1062,160,5   250,300,17,1193,1587,227,4   330,450,20,134,778,267,1   290,480,13,1693,1983,174,3   490,480,12,1985,2175,160,5   470,490,14,933,1337,187,2   390,280,20,183,871,267,4
!----------------------------------------------------------------
!Recharge stations: x,y
670,670   90,180   70,390   220,180   300,220   430,280   460,60   30,390   460,360   380,260   340,330   390,380   50,30   340,280   500,380   170,90   260,260   290,190   100,0   470,490

g inverse recharge rate 0.71
