!----------------------------------------------------------------
!Stores: (first: depot x,y; then: satellites x,y,maxCap)
670,670   10,130,1583   460,40,1583   20,30,1583   130,190,1583   30,370,1583
!----------------------------------------------------------------
!Trucks: (total#, cap, cost/dist, fixcost)
2,428,1,135   3,639,1,165
!----------------------------------------------------------------
!CityFreighters: (max cf/sat, total#, cap, cost/dist, fixcost, maxCharge, energyConsumption)
16,16,57,1,72,373,1   16,16,85,1,88,557,1
!----------------------------------------------------------------
!Customers: (x, y, demand, readyTime, dueDate, serviceTime, penalizationCost)
310,60,18,430,1000,319,4   360,200,17,185,733,301,4   90,190,14,1496,1920,248,3   470,420,11,2487,2859,195,3   280,200,15,2052,2592,266,4   380,430,16,2570,3136,284,1   410,40,11,1346,1626,195,3   360,300,12,289,619,213,2   40,100,14,1054,1642,248,5   430,160,19,358,1106,337,3   330,450,17,2046,2750,301,2   390,300,16,861,1381,284,2   60,400,20,962,1546,354,4   500,200,13,702,1074,230,2   480,140,11,1376,1714,195,3   340,340,17,2541,3173,301,3   490,30,17,728,1502,301,3   260,140,19,0,802,337,4   280,440,12,554,1008,213,2   210,380,13,1162,1562,230,2   340,110,20,2004,2812,354,1   410,320,14,2221,2951,248,4   440,460,13,2493,3035,230,3   270,480,16,2581,3301,284,4   20,360,13,422,854,230,3   340,320,16,1235,1619,284,5   500,270,18,792,1386,319,4   360,260,14,1812,2580,248,1   160,170,13,1911,2517,230,1   80,100,11,332,656,195,3   450,280,16,381,1025,284,5   490,110,19,1135,2025,337,1   280,100,20,442,1108,354,5   90,100,16,715,1279,284,4   390,500,19,240,832,337,3   330,310,14,120,610,248,4   200,80,16,884,1440,284,2   390,480,18,261,797,319,3   290,30,11,2380,2780,195,2   430,320,19,1313,2069,337,2   340,90,12,771,1053,213,3   420,400,16,1275,1761,284,5   250,490,20,825,1367,354,2   270,40,12,356,790,213,5   290,370,12,1771,2205,213,1   280,320,13,839,1423,230,5   420,80,12,1132,1604,213,4   180,220,18,2515,3223,319,2   200,330,20,1521,2183,354,3   280,480,20,1826,2768,354,4   350,190,15,792,1332,266,4   490,360,12,1251,1643,213,5   490,350,16,1033,1647,284,1   250,250,15,1739,2353,266,1   60,50,12,2351,2641,213,4   60,240,18,1024,1674,319,2   380,280,15,2405,2787,266,4   240,270,13,363,1005,230,1   490,480,17,2313,2847,301,2   70,440,15,1959,2457,266,4   180,440,20,1607,2135,354,5   450,460,14,1118,1676,248,2   230,150,15,2869,3631,266,4   170,470,17,2440,2966,301,3   470,180,13,2486,2772,230,5   50,180,12,2956,3314,213,5   50,470,17,2026,2704,301,4   410,470,19,1713,2421,337,4   50,20,16,510,1040,284,4   240,490,20,1333,1871,354,5   320,460,11,2276,2564,195,1   480,430,13,614,1072,230,2   200,350,17,257,979,301,3   200,380,19,1085,1795,337,4   90,290,15,769,1323,266,4   290,20,18,1661,2521,319,1   260,200,12,264,680,213,1   260,110,16,2409,2847,284,1   160,260,16,2311,2881,284,3   340,430,16,1639,2075,284,3   10,20,13,1644,2066,230,1   480,140,19,573,1149,337,5   340,440,20,1341,1845,354,1   410,320,20,1295,2169,354,2   410,130,18,1077,1617,319,1   460,70,20,1471,2355,354,5   70,340,14,2018,2540,248,2   80,340,20,2261,2999,354,3   90,110,18,456,1050,319,2   30,150,13,665,1211,230,5   350,90,20,0,705,354,5   10,110,15,198,656,266,3   170,340,15,2874,3334,266,1   200,420,15,1489,2115,266,2   460,300,14,979,1461,248,4   90,430,17,225,977,301,2   450,80,20,1047,1747,354,2   450,310,18,272,936,319,1   500,370,19,1119,1699,337,2   380,390,18,16,808,319,1
!----------------------------------------------------------------
!Recharge stations: x,y
670,670   10,130   460,40   20,30   130,190   30,370   410,200   270,420   10,470   210,100

g inverse recharge rate 0.67
