!----------------------------------------------------------------
!Stores: (first: depot x,y; then: satellites x,y,maxCap)
670,660   130,470,1540   140,20,1540   430,140,1540   230,460,1540   170,330,1540   230,80,1540   130,40,1540   190,270,1540   240,400,1540   270,150,1540
!----------------------------------------------------------------
!Trucks: (total#, cap, cost/dist, fixcost)
2,416,1,135   3,622,1,165
!----------------------------------------------------------------
!CityFreighters: (max cf/sat, total#, cap, cost/dist, fixcost, maxCharge, energyConsumption)
8,8,122,1,72,397,1   9,9,182,1,88,593,1
!----------------------------------------------------------------
!Customers: (x, y, demand, readyTime, dueDate, serviceTime, penalizationCost)
90,50,12,1200,1510,161,4   30,170,16,1295,1629,214,5   170,140,17,449,989,228,5   120,210,19,1361,1925,255,2   140,40,20,1725,2297,268,2   40,100,11,1224,1522,147,2   120,110,11,744,1020,147,5   70,140,11,606,902,147,1   120,190,13,1067,1561,174,4   20,110,19,1375,1987,255,2   150,200,12,1480,1808,161,4   80,130,18,647,1079,241,5   90,150,14,1053,1391,188,5   40,120,16,995,1329,214,5   50,210,19,1746,2178,255,2   190,30,20,1612,2300,268,3   140,100,15,720,1144,201,5   120,40,18,1512,2032,241,1   110,110,14,181,543,188,1   20,120,19,1147,1637,255,2   90,150,14,937,1401,188,4   240,100,16,1939,2433,214,2   130,210,19,0,471,255,2   160,160,16,179,581,214,5   160,10,13,1789,2085,174,2   140,100,18,164,664,241,4   60,170,15,1557,2095,201,2   140,100,19,89,761,255,1   210,130,11,1189,1417,147,2   160,40,13,1652,2028,174,3   20,380,18,942,1376,241,2   110,470,16,1968,2336,214,3   10,440,13,750,1044,174,3   100,360,19,1946,2484,255,3   120,470,14,813,1273,188,3   170,360,15,1304,1718,201,2   30,400,14,843,1155,188,3   120,380,17,284,686,228,4   200,330,15,478,910,201,4   60,320,17,1177,1537,228,3   10,470,15,1237,1627,201,3   150,420,16,1376,1688,214,2   230,360,11,335,539,147,1   70,400,19,474,1156,255,3   80,340,17,510,1034,228,2   130,380,16,1927,2391,214,1   120,420,12,1962,2234,161,3   70,440,20,1499,2101,268,5   130,300,15,1618,2084,201,1   210,440,18,1635,2083,241,3   200,470,16,843,1335,214,5   180,300,13,1665,2061,174,5   240,400,18,1687,2423,241,5   50,370,17,1742,2198,228,5   100,360,16,829,1205,214,2   160,360,17,108,566,228,2   120,370,15,947,1401,201,5   100,490,16,1811,2191,214,5   230,490,12,685,1031,161,1   110,380,13,1497,1817,174,5   360,110,15,1649,2111,201,1   470,220,12,2069,2421,161,4   280,250,13,460,830,174,1   440,240,13,1607,1965,174,2   440,240,18,1550,1980,241,3   500,340,17,1819,2355,228,4   480,160,17,1139,1647,228,1   390,110,15,1575,2023,201,5   490,290,15,1733,2015,201,3   430,290,16,436,734,214,1   460,400,20,1032,1502,268,4   300,250,12,1586,1980,161,4   410,280,15,918,1324,201,4   320,310,13,250,692,174,5   270,240,12,566,908,161,1   420,180,14,202,400,188,2   460,190,17,1527,2207,228,1   260,240,16,404,776,214,5   320,230,14,144,654,188,1   280,300,17,409,763,228,2   370,370,15,232,648,201,4   360,220,18,1249,1659,241,4   480,380,13,625,937,174,2   310,220,13,2019,2441,174,2   330,270,13,206,598,174,1   260,270,18,220,696,241,4   290,190,16,1757,2111,214,2   260,230,18,1786,2354,241,4   340,210,12,2068,2422,161,5   470,120,13,539,777,174,4   430,170,15,2041,2439,201,4   360,390,14,693,1209,188,4   290,180,16,432,800,214,2   390,120,16,1744,2116,214,3   460,140,18,754,1098,241,1   340,240,11,313,783,147,4   400,140,14,388,870,188,3   470,210,19,1330,1988,255,4   330,270,11,708,960,147,3   410,330,18,1318,1776,241,5
!----------------------------------------------------------------
!Recharge stations: x,y
670,660   130,470   140,20   430,140   230,460   170,330   230,80   130,40   190,270   240,400   270,150

g inverse recharge rate 0.46
