!----------------------------------------------------------------
!Stores: (first: depot x,y; then: satellites x,y,maxCap)
670,660   130,110,1562   370,190,1562   10,240,1562   200,20,1562   190,390,1562
!----------------------------------------------------------------
!Trucks: (total#, cap, cost/dist, fixcost)
2,422,1,135   3,630,1,165
!----------------------------------------------------------------
!CityFreighters: (max cf/sat, total#, cap, cost/dist, fixcost, maxCharge, energyConsumption)
8,8,122,1,72,300,1   8,8,182,1,88,448,1
!----------------------------------------------------------------
!Customers: (x, y, demand, readyTime, dueDate, serviceTime, penalizationCost)
100,40,15,1229,1563,204,4   10,30,16,1592,2028,218,5   40,180,17,1257,1647,232,5   170,90,16,877,1333,218,1   30,100,14,556,890,191,3   210,200,18,123,605,245,2   170,200,16,1550,2114,218,1   30,210,12,907,1187,164,4   250,10,20,1288,1980,273,1   150,80,15,773,1169,204,2   20,200,17,1568,2078,232,2   190,80,12,1250,1542,164,3   170,60,18,2100,2542,245,1   30,20,14,1347,1711,191,5   120,60,16,1635,2115,218,3   90,20,13,1651,1959,177,1   70,90,19,1181,1627,259,5   20,180,13,1177,1459,177,4   10,90,18,281,947,245,1   120,180,20,773,1277,273,5   60,120,15,0,533,204,1   190,80,20,416,770,273,1   40,120,11,873,1147,150,5   90,70,19,303,885,259,2   200,190,17,1413,1967,232,5   90,70,16,434,802,218,5   120,150,11,1775,2031,150,5   250,130,20,921,1285,273,1   250,200,12,1761,2055,164,1   200,80,15,570,1006,204,4   150,430,20,1051,1489,273,5   160,450,12,208,536,164,5   80,350,19,111,559,259,5   140,450,14,2163,2503,191,4   70,460,13,842,1216,177,2   250,350,15,1686,2128,204,5   50,450,20,841,1497,273,3   170,300,11,1926,2296,150,4   20,450,11,1862,2150,150,3   210,440,20,1395,1723,273,4   140,440,12,674,1056,164,4   190,380,16,709,1083,218,4   60,440,11,2086,2406,150,3   140,430,13,922,1280,177,4   210,340,18,1354,1886,245,5   40,420,11,2214,2558,150,1   120,380,16,2157,2603,218,5   20,400,11,1697,2027,150,4   170,460,16,122,576,218,4   110,320,14,231,685,191,3   250,400,19,148,700,259,5   150,440,16,200,734,218,5   40,450,16,617,889,218,5   180,460,11,1912,2276,150,1   100,480,17,1014,1528,232,5   200,460,20,495,1215,273,1   230,490,17,474,986,232,2   90,320,12,522,740,164,3   80,360,19,618,1184,259,4   170,470,19,790,1218,259,4   360,330,13,534,842,177,2   360,120,15,2069,2615,204,4   340,130,19,1223,1823,259,1   310,310,18,403,947,245,4   350,110,11,872,1184,150,2   490,250,15,1962,2460,204,4   490,290,12,1521,1869,164,2   380,360,13,1636,2026,177,4   340,140,14,951,1265,191,3   340,260,18,1209,1721,245,4   420,320,17,461,1027,232,3   310,340,19,1063,1551,259,1   360,120,18,30,464,245,2   270,120,16,111,545,218,2   300,180,12,226,460,164,1   380,160,18,1218,1734,245,2   500,120,19,1555,2001,259,1   320,180,16,0,496,218,4   500,270,18,1279,1711,245,2   400,220,11,157,413,150,3   390,360,11,727,967,150,5   400,270,11,1943,2291,150,2   370,270,12,862,1272,164,1   420,110,15,695,1121,204,3   260,220,19,941,1367,259,4   330,190,14,261,519,191,4   490,220,11,562,944,150,5   490,280,20,1873,2423,273,4   440,230,14,97,571,191,2   270,370,18,1408,1830,245,5   490,290,16,1989,2519,218,5   470,210,16,1714,2190,218,4   450,280,14,145,577,191,4   380,350,16,1997,2413,218,2   430,170,17,874,1212,232,3   330,200,19,273,929,259,1   340,120,17,1376,1826,232,3   310,130,20,986,1592,273,3   330,150,19,1694,1976,259,5   460,160,17,307,709,232,3
!----------------------------------------------------------------
!Recharge stations: x,y
670,660   130,110   370,190   10,240   200,20   190,390   290,440   10,100   250,160   480,180

g inverse recharge rate 0.63
