!----------------------------------------------------------------
!Stores: (first: depot x,y; then: satellites x,y,maxCap)
670,670   10,130,1583   460,40,1583   20,30,1583   130,190,1583   30,370,1583
!----------------------------------------------------------------
!Trucks: (total#, cap, cost/dist, fixcost)
2,428,1,135   3,639,1,165
!----------------------------------------------------------------
!CityFreighters: (max cf/sat, total#, cap, cost/dist, fixcost, maxCharge, energyConsumption)
8,8,122,1,72,397,1   7,7,182,1,88,593,1
!----------------------------------------------------------------
!Customers: (x, y, demand, readyTime, dueDate, serviceTime, penalizationCost)
310,60,18,112,546,319,1   360,200,17,504,990,301,2   90,190,14,946,1416,248,5   470,420,11,1158,1428,195,3   280,200,15,381,849,266,1   380,430,16,1285,1867,284,1   410,40,11,1109,1547,195,1   360,300,12,2285,2817,213,5   40,100,14,542,1120,248,2   430,160,19,932,1884,337,1   330,450,17,1625,2225,301,1   390,300,16,670,1526,284,4   60,400,20,1832,2338,354,1   500,200,13,617,1055,230,2   480,140,11,2698,3092,195,4   340,340,17,2654,3320,301,5   490,30,17,1617,2237,301,4   260,140,19,142,882,337,5   280,440,12,164,642,213,2   210,380,13,1734,2228,230,4   340,110,20,1512,2322,354,4   410,320,14,2136,2588,248,3   440,460,13,2797,3235,230,4   270,480,16,2570,3082,284,4   20,360,13,683,1065,230,5   340,320,16,1193,1863,284,1   500,270,18,1506,2214,319,2   360,260,14,1414,1850,248,5   160,170,13,2315,2779,230,5   80,100,11,1020,1320,195,2   450,280,16,1066,1676,284,1   490,110,19,1871,2433,337,2   280,100,20,2219,2917,354,1   90,100,16,868,1470,284,4   390,500,19,2148,2710,337,1   330,310,14,467,1069,248,5   200,80,16,175,573,284,5   390,480,18,2555,3051,319,5   290,30,11,1919,2401,195,2   430,320,19,557,1311,337,2   340,90,12,2875,3305,213,2   420,400,16,1849,2545,284,4   250,490,20,478,1220,354,1   270,40,12,2555,2973,213,5   290,370,12,1214,1670,213,5   280,320,13,1125,1505,230,3   420,80,12,1985,2481,213,5   180,220,18,2736,3536,319,3   200,330,20,366,1116,354,4   280,480,20,2445,2939,354,1   350,190,15,2408,2792,266,5   490,360,12,1021,1575,213,1   490,350,16,1390,1866,284,4   250,250,15,238,764,266,1   60,50,12,2145,2601,213,4   60,240,18,2418,2962,319,4   380,280,15,491,931,266,5   240,270,13,1786,2154,230,1   490,480,17,936,1520,301,2   70,440,15,898,1472,266,3   180,440,20,1835,2471,354,4   450,460,14,1979,2447,248,2   230,150,15,1198,1692,266,3   170,470,17,1136,1556,301,4   470,180,13,2264,2860,230,2   50,180,12,411,893,213,1   50,470,17,125,757,301,3   410,470,19,1105,1763,337,5   50,20,16,1191,1813,284,5   240,490,20,1492,2146,354,4   320,460,11,615,985,195,2   480,430,13,1247,1685,230,3   200,350,17,2627,3463,301,4   200,380,19,2352,2912,337,1   90,290,15,1052,1450,266,2   290,20,18,722,1368,319,2   260,200,12,2370,2934,213,4   260,110,16,2145,2833,284,3   160,260,16,1895,2541,284,5   340,430,16,2326,2872,284,2   10,20,13,2642,2952,230,1   480,140,19,1966,2392,337,2   340,440,20,1817,2433,354,1   410,320,20,2350,3382,354,5   410,130,18,1913,2513,319,5   460,70,20,2254,2892,354,1   70,340,14,1748,2242,248,3   80,340,20,230,946,354,5   90,110,18,1272,1754,319,2   30,150,13,842,1234,230,3   350,90,20,1120,1908,354,3   10,110,15,719,1373,266,3   170,340,15,694,1334,266,2   200,420,15,1657,2013,266,1   460,300,14,385,927,248,4   90,430,17,650,1258,301,4   450,80,20,2058,2808,354,2   450,310,18,608,1256,319,1   500,370,19,2451,3175,337,4   380,390,18,1538,2076,319,1
!----------------------------------------------------------------
!Recharge stations: x,y
670,670   10,130   460,40   20,30   130,190   30,370   350,240   120,390   510,290   330,120

g inverse recharge rate 0.64
