!----------------------------------------------------------------
!Stores: (first: depot x,y; then: satellites x,y,maxCap)
670,670   140,280,3077   290,350,3077   10,280,3077   120,300,3077   430,340,3077   140,260,3077   300,430,3077   70,320,3077   40,280,3077   60,340,3077
!----------------------------------------------------------------
!Trucks: (total#, cap, cost/dist, fixcost)
2,831,1,135   3,1241,1,165
!----------------------------------------------------------------
!CityFreighters: (max cf/sat, total#, cap, cost/dist, fixcost, maxCharge, energyConsumption)
32,32,57,1,72,316,1   31,31,85,1,88,472,1
!----------------------------------------------------------------
!Customers: (x, y, demand, readyTime, dueDate, serviceTime, penalizationCost)
70,110,11,1314,1604,141,1   180,140,11,886,1142,141,2   240,150,13,253,563,167,3   50,50,20,1161,1743,257,3   40,110,16,449,879,206,1   20,180,12,948,1340,154,1   110,80,11,747,943,141,4   120,30,19,1745,2071,244,5   210,190,12,108,338,154,4   140,90,18,1668,2100,231,5   250,170,12,1409,1695,154,2   250,160,15,1002,1390,193,1   110,190,19,358,960,244,4   120,40,15,674,1056,193,2   210,160,15,1352,1620,193,1   120,20,18,609,993,231,2   230,170,19,130,856,244,3   200,180,12,290,622,154,4   180,200,19,260,780,244,4   200,70,11,1376,1678,141,3   80,60,18,1145,1631,231,4   50,80,16,1310,1864,206,3   90,180,13,819,1139,167,5   200,20,20,1661,2019,257,3   120,30,13,1304,1768,167,3   220,170,15,1593,1939,193,5   120,80,16,1962,2346,206,4   30,160,18,996,1508,231,1   120,60,16,310,770,206,2   240,10,14,1898,2266,180,3   160,180,11,593,741,141,2   40,120,14,1545,1833,180,5   130,150,11,1616,1926,141,3   160,130,18,199,515,231,5   90,20,11,995,1353,141,2   20,70,15,1423,1833,193,1   170,110,17,882,1320,218,1   160,160,14,139,503,180,2   60,110,20,425,925,257,2   70,140,17,496,804,218,2   10,50,17,1111,1659,218,3   170,120,18,1022,1440,231,4   80,110,17,450,932,218,4   120,40,11,1692,2006,141,3   190,30,13,1757,2047,167,1   70,60,18,1698,2140,231,5   130,180,11,213,589,141,2   70,170,19,652,1204,244,1   80,170,20,443,745,257,1   80,140,16,1078,1586,206,2   70,50,19,1375,1893,244,4   210,20,15,497,849,193,2   210,140,13,1534,1870,167,5   70,100,16,425,741,206,2   250,180,16,1136,1510,206,4   140,50,20,655,1117,257,3   210,130,13,1197,1473,167,1   220,50,15,1815,2127,193,2   60,80,16,260,632,206,4   190,20,20,1422,1990,257,5   110,50,17,289,765,218,2   140,160,14,89,443,180,1   70,180,11,1710,2054,141,3   250,160,13,129,363,167,2   150,90,14,502,968,180,4   140,380,15,156,572,193,5   120,410,11,128,360,141,5   200,470,16,1286,1710,206,5   140,430,11,1615,1897,141,5   130,460,15,1279,1637,193,1   60,380,15,951,1251,193,4   40,350,14,1103,1505,180,2   60,350,13,1825,2131,167,4   200,300,14,597,919,180,1   140,340,11,357,607,141,4   180,450,20,1598,2354,257,1   220,450,13,159,443,167,2   90,310,14,61,181,180,1   60,480,19,640,1212,244,5   80,420,16,1374,1732,206,3   230,340,12,325,659,154,2   80,500,16,1508,1746,206,4   150,370,17,506,914,218,4   130,300,14,1716,2084,180,4   200,310,20,461,977,257,4   20,430,14,1675,1981,180,5   30,480,16,973,1483,206,1   140,470,12,596,1014,154,2   210,450,13,1819,2153,167,1   50,310,15,1135,1429,193,5   70,340,13,941,1293,167,4   200,460,14,190,490,180,5   150,400,14,968,1230,180,4   170,420,12,1433,1781,154,3   110,320,18,0,283,231,4   20,300,12,586,920,154,2   230,400,20,1122,1470,257,5   10,390,15,1235,1571,193,3   10,470,19,312,912,244,1   140,370,18,519,1013,231,3   140,480,20,1051,1529,257,2   30,470,19,965,1543,244,5   140,480,19,678,1114,244,2   30,500,15,1600,1984,193,4   90,500,15,763,1177,193,5   40,350,16,462,788,206,1   30,430,12,1397,1695,154,4   140,310,17,2069,2507,218,2   50,450,16,92,644,206,5   200,420,19,1820,2294,244,3   160,440,16,1581,2127,206,2   40,440,13,306,614,167,3   110,310,18,1345,1743,231,3   140,400,19,1181,1497,244,2   190,350,20,0,451,257,3   70,460,19,1358,1890,244,1   30,440,12,1205,1551,154,1   50,300,19,1385,1825,244,1   10,500,14,1075,1525,180,4   20,330,18,513,915,231,1   190,430,15,1325,1827,193,3   60,340,12,0,353,154,2   80,470,17,396,794,218,2   70,440,15,65,449,193,2   120,360,13,1885,2215,167,1   120,490,13,916,1392,167,4   50,450,16,567,963,206,1   70,460,18,173,801,231,5   100,360,14,782,940,180,5   30,430,17,77,469,218,1   350,390,18,723,1205,231,2   260,310,15,435,819,193,4   470,280,11,693,1101,141,5   320,240,11,1865,2125,141,5   450,400,16,285,805,206,2   420,160,13,263,645,167,2   500,360,11,1019,1173,141,2   340,220,19,216,634,244,4   480,130,16,1564,2026,206,3   320,160,19,534,978,244,4   370,290,15,992,1408,193,2   490,240,11,1611,1951,141,3   270,260,20,1221,1681,257,2   500,300,19,154,566,244,2   490,110,13,827,1157,167,1   340,180,19,963,1541,244,3   320,180,17,572,972,218,2   260,280,19,1955,2401,244,4   330,160,13,855,1181,167,5   430,210,16,406,870,206,2   420,260,16,1386,1720,206,1   470,400,17,1593,1991,218,1   340,150,15,376,662,193,1   480,380,11,256,564,141,4   380,320,18,639,1061,231,5   440,150,11,915,1229,141,3   310,250,16,1684,2038,206,4   440,290,18,1586,2062,231,4   490,170,17,1687,2057,218,2   480,390,13,1014,1420,167,4   340,290,13,897,1213,167,4   330,230,18,221,829,231,3   340,270,17,333,757,218,5   360,210,12,538,834,154,4   290,300,13,2050,2406,167,3   330,270,12,1137,1453,154,4   280,230,19,987,1579,244,3   450,380,12,875,1149,154,4   290,320,15,482,884,193,4   400,360,16,835,1273,206,2   350,160,15,675,1047,193,2   440,300,12,1329,1585,154,5   270,220,15,325,783,193,2   470,330,11,1628,1844,141,2   300,150,20,709,1269,257,5   360,290,17,540,876,218,1   280,130,19,842,1566,244,5   370,400,16,209,595,206,4   310,170,16,1921,2297,206,1   320,130,13,482,804,167,2   320,310,17,1513,2047,218,4   320,350,18,1792,2160,231,4   330,230,18,650,1122,231,2   300,270,14,2020,2416,180,1   490,200,14,1483,1841,180,2   400,380,13,1548,1782,167,4   380,360,11,1719,1967,141,2   330,380,17,1378,1980,218,1   350,180,18,1567,2045,231,2   430,390,18,338,764,231,4   440,290,18,286,634,231,1   480,360,13,1455,1757,167,1   440,350,20,1497,2077,257,2   420,290,16,1465,1923,206,3   300,320,12,501,745,154,1   360,170,14,741,1099,180,4   410,240,12,948,1276,154,3   280,280,13,663,1029,167,1   270,210,18,258,774,231,2   500,320,15,805,1111,193,4
!----------------------------------------------------------------
!Recharge stations: x,y
670,670   140,280   290,350   10,280   120,300   430,340   140,260   300,430   70,320   40,280   60,340   300,200   520,340   230,340   490,230   400,400   160,380   50,100   110,80   420,20

g inverse recharge rate 0.56
