!----------------------------------------------------------------
!Stores: (first: depot x,y; then: satellites x,y,maxCap)
670,670   90,180,3101   70,390,3101   220,180,3101   300,220,3101   430,280,3101   460,60,3101   30,390,3101   460,360,3101   380,260,3101   340,330,3101
!----------------------------------------------------------------
!Trucks: (total#, cap, cost/dist, fixcost)
2,747,1,128   2,1034,1,150   1,1367,1,172
!----------------------------------------------------------------
!CityFreighters: (max cf/sat, total#, cap, cost/dist, fixcost, maxCharge, energyConsumption)
21,21,51,1,68,231,1   21,21,70,1,80,320,1   21,21,93,1,92,423,1
!----------------------------------------------------------------
!Customers: (x, y, demand, readyTime, dueDate, serviceTime, penalizationCost)
40,240,18,877,1345,240,3   170,170,13,64,418,174,4   220,220,17,949,1413,227,2   190,100,18,1641,2143,240,2   170,280,18,664,1024,240,2   240,200,15,1339,1643,200,2   110,150,16,161,553,214,3   70,190,12,843,1177,160,2   90,190,14,150,606,187,2   240,60,11,1104,1418,147,4   10,170,12,1718,2044,160,1   200,80,17,222,784,227,2   70,100,17,1285,1709,227,4   150,80,12,700,964,160,5   70,190,18,1570,1956,240,5   90,90,17,1944,2170,227,1   120,240,12,132,444,160,4   80,240,16,1120,1570,214,3   220,130,19,1979,2489,254,1   70,80,20,992,1366,267,3   190,150,14,2051,2227,187,5   220,40,15,1636,2112,200,5   150,280,17,366,862,227,2   180,130,13,1760,2124,174,2   190,210,20,1461,1969,267,2   20,150,16,502,938,214,4   230,80,18,1848,2300,240,5   80,90,19,262,836,254,2   230,110,15,1920,2296,200,4   110,160,18,1669,2249,240,1   240,200,12,1133,1415,160,4   100,270,16,1373,1829,214,4   160,160,18,1623,2107,240,5   200,280,16,507,835,214,3   50,270,17,1329,1755,227,3   180,220,15,1922,2352,200,1   170,110,12,1002,1348,160,1   10,10,20,1424,2034,267,1   40,230,14,1997,2297,187,3   230,70,20,1256,1804,267,3   160,270,19,1455,1903,254,1   130,180,13,367,763,174,3   20,30,12,1793,2071,160,4   100,250,18,1218,1676,240,1   60,90,15,1655,2079,200,3   110,260,13,1843,2193,174,4   190,240,17,1517,2023,227,5   80,20,12,1500,1718,160,1   130,210,13,598,960,174,1   220,250,20,289,983,267,4   140,150,17,632,1178,227,1   130,120,12,1808,2124,160,2   20,270,12,1384,1676,160,3   120,280,17,1957,2383,227,2   180,110,17,829,1157,227,5   140,270,16,1799,2111,214,2   150,160,17,1647,2039,227,2   90,10,15,964,1176,200,3   80,280,20,1653,2197,267,5   90,120,15,193,749,200,3   60,180,16,1484,1966,214,3   100,30,15,1458,1774,200,1   220,230,13,614,1006,174,1   50,260,16,1714,2280,214,5   150,90,11,794,1094,147,3   60,190,18,1749,2333,240,2   210,250,11,186,504,147,4   180,160,14,180,544,187,2   70,220,13,2162,2420,174,3   230,230,16,219,451,214,3   250,220,18,617,1209,240,4   240,50,15,750,1212,200,2   240,280,14,183,453,187,2   220,140,15,1661,1933,200,5   130,160,14,1000,1370,187,5   210,40,11,2126,2460,147,1   120,220,12,1619,1841,160,5   30,10,11,808,1106,147,2   170,260,15,2113,2423,200,3   110,160,14,321,711,187,4   240,40,20,844,1260,267,5   140,220,20,1865,2523,267,5   230,90,17,197,751,227,1   160,90,14,126,540,187,4   10,100,18,694,1334,240,3   260,180,13,2179,2473,174,2   210,140,16,612,992,214,3   160,100,18,674,1172,240,1   170,170,16,259,689,214,3   10,20,16,625,1151,214,2   180,230,14,659,1065,187,5   220,20,17,1352,1736,227,2   40,100,15,968,1326,200,4   60,280,15,310,694,200,4   150,280,13,461,863,174,3   210,220,20,1465,2061,267,4   80,30,12,897,1203,160,2   80,240,11,223,527,147,2   250,200,11,663,939,147,5   20,160,15,723,1283,200,2   260,290,20,210,870,267,5   360,450,20,443,1021,267,3   340,410,12,580,798,160,5   410,430,19,1025,1617,254,1   320,460,12,1006,1330,160,1   470,270,13,249,617,174,3   290,330,16,1778,2058,214,2   490,490,17,903,1263,227,4   300,460,16,397,825,214,5   330,380,12,1917,2265,160,1   310,320,13,1467,1841,174,2   380,290,19,1090,1386,254,1   300,270,11,570,924,147,2   470,490,19,1759,2409,254,5   330,330,16,0,457,214,2   310,490,11,1355,1655,147,2   380,490,11,536,854,147,4   440,260,11,1962,2284,147,5   460,460,17,1822,2242,227,3   350,300,15,117,507,200,2   290,270,17,426,956,227,4   300,310,11,1745,2079,147,3   310,310,19,2017,2517,254,4   260,340,12,1548,1836,160,5   300,470,17,1370,1732,227,1   480,360,12,498,870,160,2   370,460,18,1062,1522,240,5   300,300,16,1444,1844,214,3   440,310,19,287,1023,254,4   420,320,18,357,889,240,2   370,280,17,0,498,227,5   450,500,16,1296,1788,214,5   320,270,15,1495,2043,200,3   340,340,17,925,1393,227,2   380,290,16,1399,1881,214,4   440,440,17,572,1002,227,4   300,240,20,1638,2184,267,5   480,350,13,473,765,174,2   370,300,18,1083,1555,240,2   360,440,14,948,1342,187,1   330,260,20,1450,2096,267,2   320,470,13,1462,1822,174,3   310,480,19,1159,1965,254,5   490,250,19,466,964,254,3   410,360,12,430,700,160,2   470,370,20,1249,1903,267,5   490,380,20,395,677,267,2   410,470,11,1651,1897,147,5   480,360,17,981,1415,227,1   390,490,11,566,852,147,2   250,360,17,2009,2455,227,1   480,440,17,1288,1840,227,1   500,500,20,1667,2249,267,2   410,440,14,1650,1986,187,2   400,360,13,1604,2000,174,4   450,270,15,1905,2391,200,4   360,260,12,387,599,160,1   460,280,11,49,423,147,3   400,380,18,667,1337,240,3   270,380,15,1691,2073,200,4   310,440,16,376,676,214,4   410,310,15,1559,1975,200,2   390,360,14,1208,1548,187,2   300,400,19,545,1059,254,2   400,380,16,1612,2062,214,5   420,320,17,620,1156,227,1   500,430,15,1031,1561,200,2   370,400,19,1478,1756,254,4   420,390,11,229,511,147,2   480,430,18,1809,2317,240,1   350,400,18,1041,1539,240,1   310,350,13,153,493,174,4   270,400,20,308,984,267,3   430,500,15,1247,1641,200,1   460,270,17,1707,2117,227,2   390,370,20,1427,1993,267,5   430,300,17,1863,2297,227,4   250,460,13,1452,1680,174,5   300,330,20,1592,2286,267,2   340,250,20,1361,1891,267,4   290,270,15,1361,1767,200,3   440,310,17,1070,1670,227,5   320,450,11,1182,1546,147,2   390,360,11,200,486,147,4   300,340,12,159,445,160,2   320,270,13,1452,1786,174,3   470,490,19,483,965,254,1   330,330,15,0,487,200,5   360,330,13,1946,2236,174,5   500,310,14,764,1172,187,4   330,420,11,1121,1345,147,1   390,340,14,11,433,187,2   420,240,19,1864,2408,254,3   500,380,12,509,843,160,1   250,300,17,827,1389,227,4   330,450,20,1051,1611,267,3   290,480,13,1383,1729,174,1   490,480,12,1898,2246,160,1   470,490,14,1121,1441,187,5   390,280,20,1261,1829,267,5
!----------------------------------------------------------------
!Recharge stations: x,y
670,670   90,180   70,390   220,180   300,220   430,280   460,60   30,390   460,360   380,260   340,330   390,380   50,30   340,280   500,380   170,90   260,260   290,190   100,0   470,490

g inverse recharge rate 0.71
