!----------------------------------------------------------------
!Stores: (first: depot x,y; then: satellites x,y,maxCap)
670,670   90,180,3101   70,390,3101   220,180,3101   300,220,3101   430,280,3101   460,60,3101   30,390,3101   460,360,3101   380,260,3101   340,330,3101
!----------------------------------------------------------------
!Trucks: (total#, cap, cost/dist, fixcost)
2,747,1,128   2,1034,1,150   1,1367,1,172
!----------------------------------------------------------------
!CityFreighters: (max cf/sat, total#, cap, cost/dist, fixcost, maxCharge, energyConsumption)
10,10,108,1,68,275,1   10,10,150,1,80,380,1   10,10,198,1,92,503,1
!----------------------------------------------------------------
!Customers: (x, y, demand, readyTime, dueDate, serviceTime, penalizationCost)
40,240,18,1810,2316,240,1   170,170,13,38,444,174,3   220,220,17,149,571,227,1   190,100,18,854,1318,240,2   170,280,18,2036,2368,240,3   240,200,15,1245,1635,200,1   110,150,16,762,1142,214,2   70,190,12,1336,1650,160,4   90,190,14,490,1002,187,4   240,60,11,1273,1599,147,4   10,170,12,843,1169,160,1   200,80,17,241,627,227,1   70,100,17,1181,1913,227,4   150,80,12,415,729,160,2   70,190,18,1769,2135,240,3   90,90,17,1861,2265,227,4   120,240,12,1776,2076,160,1   80,240,16,2072,2444,214,3   220,130,19,1899,2383,254,3   70,80,20,1832,2508,267,3   190,150,14,1255,1645,187,5   220,40,15,56,592,200,5   150,280,17,1664,1974,227,3   180,130,13,436,746,174,4   190,210,20,1150,1790,267,2   20,150,16,1167,1603,214,1   230,80,18,440,1122,240,1   80,90,19,1911,2451,254,3   230,110,15,1571,1961,200,5   110,160,18,1091,1505,240,1   240,200,12,497,825,160,3   100,270,16,423,747,214,5   160,160,18,728,1294,240,3   200,280,16,2103,2529,214,4   50,270,17,143,635,227,4   180,220,15,125,683,200,4   170,110,12,1958,2322,160,3   10,10,20,1808,2166,267,2   40,230,14,890,1268,187,2   230,70,20,1281,1795,267,3   160,270,19,1196,1800,254,5   130,180,13,1665,2009,174,5   20,30,12,1886,2162,160,4   100,250,18,1466,2162,240,1   60,90,15,520,1100,200,5   110,260,13,1329,1607,174,4   190,240,17,1048,1484,227,5   80,20,12,1019,1279,160,1   130,210,13,1233,1509,174,1   220,250,20,2112,2500,267,1   140,150,17,446,890,227,3   130,120,12,1816,2070,160,3   20,270,12,717,1087,160,2   120,280,17,1465,2027,227,5   180,110,17,1332,1578,227,1   140,270,16,937,1393,214,2   150,160,17,1887,2573,227,2   90,10,15,1103,1585,200,4   80,280,20,301,699,267,3   90,120,15,1081,1493,200,4   60,180,16,1919,2377,214,5   100,30,15,253,653,200,5   220,230,13,70,394,174,5   50,260,16,327,621,214,1   150,90,11,748,1018,147,3   60,190,18,945,1555,240,3   210,250,11,518,860,147,2   180,160,14,670,1016,187,4   70,220,13,350,684,174,3   230,230,16,260,422,214,4   250,220,18,842,1310,240,5   240,50,15,859,1127,200,4   240,280,14,180,674,187,4   220,140,15,1868,2222,200,3   130,160,14,771,1043,187,4   210,40,11,1036,1336,147,4   120,220,12,2028,2270,160,3   30,10,11,1545,1809,147,4   170,260,15,1560,1976,200,2   110,160,14,1651,1879,187,1   240,40,20,22,578,267,1   140,220,20,1020,1492,267,1   230,90,17,1843,2413,227,5   160,90,14,1550,1946,187,4   10,100,18,450,930,240,4   260,180,13,298,608,174,3   210,140,16,1314,1752,214,5   160,100,18,1290,1682,240,1   170,170,16,568,1058,214,4   10,20,16,1628,2094,214,3   180,230,14,1835,2203,187,5   220,20,17,1042,1294,227,3   40,100,15,1726,2224,200,3   60,280,15,505,983,200,4   150,280,13,187,467,174,5   210,220,20,1354,1688,267,4   80,30,12,1367,1565,160,4   80,240,11,175,509,147,3   250,200,11,947,1311,147,2   20,160,15,686,1002,200,3   260,290,20,1082,1518,267,3   360,450,20,199,751,267,4   340,410,12,728,1062,160,3   410,430,19,250,830,254,1   320,460,12,1105,1387,160,1   470,270,13,2097,2321,174,4   290,330,16,8,498,214,4   490,490,17,1361,1921,227,3   300,460,16,1373,1857,214,2   330,380,12,148,426,160,1   310,320,13,374,690,174,2   380,290,19,759,1353,254,4   300,270,11,844,1122,147,4   470,490,19,867,1369,254,3   330,330,16,1882,2372,214,5   310,490,11,650,968,147,4   380,490,11,896,1148,147,4   440,260,11,565,765,147,3   460,460,17,1329,1815,227,4   350,300,15,375,783,200,3   290,270,17,832,1216,227,2   300,310,11,530,904,147,1   310,310,19,1605,2119,254,4   260,340,12,1452,1720,160,5   300,470,17,1514,1884,227,3   480,360,12,1335,1507,160,3   370,460,18,150,584,240,4   300,300,16,929,1393,214,1   440,310,19,1583,1989,254,2   420,320,18,1794,2178,240,4   370,280,17,1546,2110,227,2   450,500,16,1109,1385,214,5   320,270,15,1543,1873,200,2   340,340,17,1558,2008,227,4   380,290,16,1022,1334,214,5   440,440,17,612,974,227,4   300,240,20,1185,1629,267,2   480,350,13,393,679,174,5   370,300,18,1766,2206,240,3   360,440,14,79,599,187,3   330,260,20,89,639,267,4   320,470,13,1154,1484,174,5   310,480,19,1081,1625,254,5   490,250,19,1281,1851,254,3   410,360,12,1512,1782,160,4   470,370,20,630,964,267,2   490,380,20,714,1326,267,3   410,470,11,844,1184,147,3   480,360,17,756,1276,227,5   390,490,11,1797,2193,147,5   250,360,17,1019,1527,227,4   480,440,17,251,565,227,5   500,500,20,1621,2061,267,3   410,440,14,614,916,187,2   400,360,13,1369,1803,174,2   450,270,15,1850,2286,200,1   360,260,12,0,362,160,1   460,280,11,1983,2189,147,1   400,380,18,1260,1888,240,3   270,380,15,1502,1872,200,1   310,440,16,1723,2269,214,5   410,310,15,1741,2063,200,5   390,360,14,1495,1775,187,2   300,400,19,47,425,254,5   400,380,16,647,1027,214,2   420,320,17,280,844,227,5   500,430,15,1988,2358,200,4   370,400,19,1128,1662,254,4   420,390,11,807,1067,147,3   480,430,18,1549,2071,240,3   350,400,18,615,1111,240,3   310,350,13,2024,2370,174,1   270,400,20,157,893,267,5   430,500,15,749,1169,200,1   460,270,17,243,593,227,2   390,370,20,1267,1715,267,5   430,300,17,1809,2307,227,5   250,460,13,704,918,174,2   300,330,20,1032,1636,267,2   340,250,20,1401,1857,267,2   290,270,15,1464,1880,200,3   440,310,17,1157,1577,227,3   320,450,11,391,713,147,5   390,360,11,810,1126,147,3   300,340,12,1555,1801,160,5   320,270,13,695,1015,174,1   470,490,19,561,1277,254,2   330,330,15,22,360,200,2   360,330,13,373,697,174,1   500,310,14,2018,2476,187,3   330,420,11,2251,2505,147,4   390,340,14,243,733,187,5   420,240,19,131,571,254,1   500,380,12,324,646,160,4   250,300,17,1407,1787,227,5   330,450,20,1220,1760,267,2   290,480,13,1253,1515,174,5   490,480,12,1020,1316,160,4   470,490,14,658,1030,187,1   390,280,20,598,1032,267,5
!----------------------------------------------------------------
!Recharge stations: x,y
670,670   90,180   70,390   220,180   300,220   430,280   460,60   30,390   460,360   380,260   340,330   350,440   240,290   300,290   260,10   190,290   310,430   520,510   430,500   200,220

g inverse recharge rate 0.6
