!----------------------------------------------------------------
!Stores: (first: depot x,y; then: satellites x,y,maxCap)
670,670   20,450,1536   270,370,1536   380,160,1536   410,100,1536   410,400,1536   160,110,1536   170,120,1536   450,450,1536   210,320,1536   210,470,1536
!----------------------------------------------------------------
!Trucks: (total#, cap, cost/dist, fixcost)
2,370,1,128   2,512,1,150   1,677,1,172
!----------------------------------------------------------------
!CityFreighters: (max cf/sat, total#, cap, cost/dist, fixcost, maxCharge, energyConsumption)
6,6,108,1,68,289,1   6,6,150,1,80,400,1   6,6,198,1,92,529,1
!----------------------------------------------------------------
!Customers: (x, y, demand, readyTime, dueDate, serviceTime, penalizationCost)
210,130,16,322,864,229,5   120,240,18,1889,2405,258,3   120,250,15,70,466,215,2   250,250,19,1231,1733,272,1   240,70,14,673,1043,201,5   250,120,18,251,735,258,4   30,210,13,2319,2475,186,5   120,10,11,1895,2171,158,5   90,60,13,1338,1756,186,4   160,80,13,1302,1568,186,5   240,90,16,1699,2109,229,2   140,80,13,2256,2540,186,4   50,210,18,0,597,258,3   190,170,19,588,928,272,1   250,80,16,762,1204,229,2   110,150,20,911,1581,287,2   200,50,20,812,1404,287,3   190,130,15,1796,2104,215,4   250,100,15,1295,1861,215,1   30,230,17,1679,2211,244,3   20,80,17,1443,1803,244,3   10,30,18,480,832,258,5   190,60,17,758,1262,244,5   30,140,15,1070,1516,215,3   240,210,11,2339,2575,158,4   10,240,13,2199,2523,186,2   150,60,15,1433,1883,215,3   200,270,11,1763,2055,158,3   260,20,18,117,529,258,1   90,160,13,1209,1443,186,4   230,160,17,1497,1811,244,1   60,200,20,69,539,287,4   200,20,11,1452,1750,158,5   40,190,12,1704,2024,172,5   220,80,19,557,1147,272,3   30,120,16,912,1384,229,4   250,80,18,1054,1584,258,4   120,260,16,381,845,229,3   40,170,17,1035,1581,244,1   210,160,16,1562,2062,229,3   220,110,12,726,1108,172,5   210,240,14,1555,1871,201,3   70,50,18,1201,1731,258,1   30,80,20,1632,2004,287,5   220,40,16,1099,1651,229,1   240,140,16,773,1189,229,4   40,240,15,2133,2635,215,1   250,140,12,837,1281,172,4   10,280,19,950,1428,272,1   120,90,11,1000,1312,158,3   430,480,11,1410,1766,158,3   340,240,12,1244,1670,172,5   270,250,15,152,598,215,4   480,260,14,349,799,201,5   250,320,13,396,854,186,3   340,480,12,1651,1949,172,2   270,330,12,1568,1876,172,5   450,240,12,626,1016,172,3   450,260,12,1810,2028,172,1   280,440,13,25,441,186,1   380,420,19,1315,1797,272,1   420,260,14,2289,2631,201,1   250,410,15,756,1170,215,1   280,330,15,80,572,215,3   360,330,14,1323,1837,201,5   380,280,16,0,475,229,3   390,450,13,1897,2263,186,3   420,310,11,439,761,158,4   430,280,19,1248,1888,272,4   290,430,20,1415,2037,287,1   290,260,19,325,911,272,2   290,420,19,1744,2210,272,5   380,340,18,680,1248,258,3   460,280,11,1147,1491,158,4   300,240,18,373,1033,258,3   500,300,13,633,1077,186,3   440,260,19,389,983,272,1   450,490,16,1534,1896,229,2   490,430,19,954,1438,272,1   500,270,11,806,1108,158,2   430,330,11,1863,2225,158,1   290,490,15,217,573,215,3   400,370,15,1965,2453,215,3   360,310,16,84,640,229,3   460,450,17,1211,1529,244,2   490,460,11,1991,2321,158,2   450,410,13,175,457,186,3   280,360,17,849,1221,244,3   430,500,20,1020,1660,287,5   450,480,17,793,1185,244,2   480,270,18,149,745,258,2   330,240,20,1353,1875,287,5   480,330,20,1449,2223,287,2   390,380,18,1132,1728,258,4   450,490,13,356,678,186,1   270,260,20,654,976,287,5   330,440,14,1573,1915,201,3   330,290,11,2346,2640,158,1   320,460,12,1686,2008,172,2   400,350,11,2293,2589,158,5
!----------------------------------------------------------------
!Recharge stations: x,y
670,670   20,450   270,370   380,160   410,100   410,400   160,110   170,120   450,450   210,320   210,470

g inverse recharge rate 0.6
