!----------------------------------------------------------------
!Stores: (first: depot x,y; then: satellites x,y,maxCap)
670,670   20,450,1536   270,370,1536   380,160,1536   410,100,1536   410,400,1536   160,110,1536   170,120,1536   450,450,1536   210,320,1536   210,470,1536
!----------------------------------------------------------------
!Trucks: (total#, cap, cost/dist, fixcost)
2,370,1,128   2,512,1,150   1,677,1,172
!----------------------------------------------------------------
!CityFreighters: (max cf/sat, total#, cap, cost/dist, fixcost, maxCharge, energyConsumption)
11,11,51,1,68,289,1   11,11,70,1,80,400,1   11,11,93,1,92,529,1
!----------------------------------------------------------------
!Customers: (x, y, demand, readyTime, dueDate, serviceTime, penalizationCost)
210,130,16,317,761,229,5   120,240,18,2043,2525,258,5   120,250,15,138,560,215,2   250,250,19,835,1375,272,1   240,70,14,1626,2118,201,2   250,120,18,0,727,258,3   30,210,13,716,1082,186,3   120,10,11,540,952,158,4   90,60,13,692,1070,186,2   160,80,13,1376,1834,186,4   240,90,16,2195,2609,229,3   140,80,13,433,775,186,4   50,210,18,1497,2023,258,2   190,170,19,27,669,272,4   250,80,16,1999,2583,229,2   110,150,20,2038,2384,287,4   200,50,20,39,609,287,2   190,130,15,1428,1702,215,1   250,100,15,2280,2590,215,1   30,230,17,377,845,244,2   20,80,17,543,1145,244,1   10,30,18,1395,1931,258,4   190,60,17,1966,2390,244,1   30,140,15,356,920,215,4   240,210,11,1832,2166,158,5   10,240,13,1795,2275,186,5   150,60,15,2145,2703,215,4   200,270,11,1554,1930,158,1   260,20,18,2053,2661,258,4   90,160,13,1142,1508,186,1   230,160,17,529,901,244,4   60,200,20,1556,1924,287,2   200,20,11,1929,2291,158,4   40,190,12,2158,2502,172,5   220,80,19,1488,2176,272,4   30,120,16,366,908,229,5   250,80,18,1860,2270,258,1   120,260,16,2075,2371,229,1   40,170,17,1854,2214,244,5   210,160,16,1183,1577,229,2   220,110,12,921,1273,172,1   210,240,14,845,1359,201,2   70,50,18,722,1116,258,5   30,80,20,694,1252,287,3   220,40,16,326,834,229,1   240,140,16,876,1372,229,1   40,240,15,948,1434,215,2   250,140,12,1114,1484,172,1   10,280,19,1899,2573,272,4   120,90,11,143,451,158,2   430,480,11,1537,1857,158,1   340,240,12,1464,1770,172,4   270,250,15,925,1345,215,2   480,260,14,1210,1558,201,2   250,320,13,1222,1416,186,4   340,480,12,1383,1823,172,1   270,330,12,751,983,172,3   450,240,12,2304,2524,172,5   450,260,12,2214,2618,172,2   280,440,13,2205,2699,186,4   380,420,19,1266,1870,272,5   420,260,14,101,525,201,3   250,410,15,1655,2207,215,3   280,330,15,718,1214,215,3   360,330,14,2081,2551,201,2   380,280,16,1597,1977,229,5   390,450,13,387,851,186,1   420,310,11,1366,1648,158,2   430,280,19,1478,2012,272,1   290,430,20,1669,2267,287,2   290,260,19,269,903,272,3   290,420,19,146,704,272,4   380,340,18,423,1001,258,4   460,280,11,2107,2395,158,5   300,240,18,164,560,258,3   500,300,13,2240,2668,186,1   440,260,19,0,575,272,5   450,490,16,1347,1823,229,5   490,430,19,2072,2638,272,4   500,270,11,293,699,158,1   430,330,11,1024,1324,158,2   290,490,15,1611,2029,215,4   400,370,15,1074,1622,215,2   360,310,16,1322,1778,229,1   460,450,17,1546,1898,244,3   490,460,11,1616,1968,158,5   450,410,13,1678,2070,186,5   280,360,17,2208,2646,244,5   430,500,20,160,738,287,1   450,480,17,1874,2456,244,3   480,270,18,678,1340,258,1   330,240,20,999,1461,287,1   480,330,20,440,920,287,1   390,380,18,1710,2170,258,1   450,490,13,218,660,186,5   270,260,20,890,1466,287,3   330,440,14,1810,2268,201,5   330,290,11,1375,1699,158,2   320,460,12,2205,2571,172,1   400,350,11,392,734,158,3
!----------------------------------------------------------------
!Recharge stations: x,y
670,670   20,450   270,370   380,160   410,100   410,400   160,110   170,120   450,450   210,320   210,470

g inverse recharge rate 0.6
