!----------------------------------------------------------------
!Stores: (first: depot x,y; then: satellites x,y,maxCap)
670,670   140,280,3077   290,350,3077   10,280,3077   120,300,3077   430,340,3077   140,260,3077   300,430,3077   70,320,3077   40,280,3077   60,340,3077
!----------------------------------------------------------------
!Trucks: (total#, cap, cost/dist, fixcost)
2,741,1,128   2,1026,1,150   1,1357,1,172
!----------------------------------------------------------------
!CityFreighters: (max cf/sat, total#, cap, cost/dist, fixcost, maxCharge, energyConsumption)
21,21,51,1,68,282,1   21,21,70,1,80,390,1   21,21,93,1,92,516,1
!----------------------------------------------------------------
!Customers: (x, y, demand, readyTime, dueDate, serviceTime, penalizationCost)
70,110,11,1224,1388,141,3   180,140,11,1453,1729,141,3   240,150,13,889,1113,167,5   50,50,20,1196,1748,257,3   40,110,16,222,546,206,1   20,180,12,649,889,154,3   110,80,11,1047,1251,141,2   120,30,19,615,1139,244,2   210,190,12,1406,1774,154,1   140,90,18,1347,1871,231,1   250,170,12,1400,1646,154,4   250,160,15,1622,2044,193,3   110,190,19,269,787,244,2   120,40,15,447,971,193,5   210,160,15,29,431,193,2   120,20,18,1652,2094,231,5   230,170,19,1065,1843,244,5   200,180,12,1509,1799,154,4   180,200,19,1217,1789,244,5   200,70,11,990,1188,141,1   80,60,18,1313,1549,231,1   50,80,16,196,654,206,1   90,180,13,2093,2357,167,1   200,20,20,486,940,257,4   120,30,13,1194,1478,167,1   220,170,15,258,768,193,5   120,80,16,589,1095,206,5   30,160,18,1691,2185,231,2   120,60,16,1563,1957,206,2   240,10,14,1900,2258,180,3   160,180,11,255,411,141,1   40,120,14,544,906,180,1   130,150,11,234,400,141,4   160,130,18,598,1232,231,2   90,20,11,1054,1386,141,4   20,70,15,1576,1992,193,3   170,110,17,107,499,218,4   160,160,14,1088,1400,180,1   60,110,20,1656,2204,257,2   70,140,17,1669,2239,218,2   10,50,17,1008,1376,218,5   170,120,18,609,1201,231,1   80,110,17,1829,2065,218,3   120,40,11,181,449,141,1   190,30,13,485,947,167,4   70,60,18,1172,1730,231,1   130,180,11,588,850,141,1   70,170,19,125,707,244,1   80,170,20,1436,2020,257,2   80,140,16,233,601,206,4   70,50,19,1639,2069,244,4   210,20,15,763,1139,193,2   210,140,13,1572,1888,167,3   70,100,16,266,602,206,4   250,180,16,106,482,206,3   140,50,20,1562,2036,257,4   210,130,13,1920,2290,167,4   220,50,15,1251,1669,193,5   60,80,16,1782,2248,206,1   190,20,20,1401,2005,257,1   110,50,17,1255,1617,218,2   140,160,14,843,1247,180,4   70,180,11,1371,1637,141,2   250,160,13,2003,2373,167,1   150,90,14,577,973,180,1   140,380,15,1923,2351,193,4   120,410,11,1700,2076,141,1   200,470,16,1001,1393,206,2   140,430,11,1780,1970,141,5   130,460,15,1624,1990,193,2   60,380,15,46,336,193,5   40,350,14,896,1182,180,4   60,350,13,15,335,167,1   200,300,14,509,783,180,2   140,340,11,1763,2025,141,1   180,450,20,974,1582,257,1   220,450,13,412,792,167,3   90,310,14,1278,1642,180,5   60,480,19,757,1201,244,2   80,420,16,126,474,206,5   230,340,12,899,1097,154,2   80,500,16,984,1304,206,1   150,370,17,1498,1726,218,2   130,300,14,1656,2086,180,2   200,310,20,357,871,257,4   20,430,14,181,665,180,2   30,480,16,1793,2065,206,4   140,470,12,125,477,154,1   210,450,13,2085,2437,167,1   50,310,15,1307,1675,193,5   70,340,13,1433,1829,167,2   200,460,14,323,639,180,5   150,400,14,1211,1625,180,2   170,420,12,1775,2137,154,3   110,320,18,1913,2379,231,1   20,300,12,1181,1397,154,4   230,400,20,1329,1941,257,2   10,390,15,1828,2134,193,4   10,470,19,1615,2025,244,5   140,370,18,1976,2318,231,4   140,480,20,693,1213,257,1   30,470,19,1702,2200,244,4   140,480,19,1234,1580,244,1   30,500,15,1097,1383,193,5   90,500,15,334,622,193,3   40,350,16,0,394,206,4   30,430,12,1964,2264,154,3   140,310,17,462,782,218,1   50,450,16,1315,1599,206,2   200,420,19,698,1258,244,3   160,440,16,173,693,206,1   40,440,13,1427,1805,167,5   110,310,18,1274,1754,231,5   140,400,19,963,1493,244,3   190,350,20,537,1175,257,4   70,460,19,1349,1913,244,3   30,440,12,182,466,154,5   50,300,19,750,1234,244,2   10,500,14,811,1099,180,1   20,330,18,917,1353,231,5   190,430,15,125,377,193,5   60,340,12,1870,2136,154,5   80,470,17,1817,2301,218,3   70,440,15,408,780,193,1   120,360,13,2008,2486,167,5   120,490,13,862,1266,167,2   50,450,16,1318,1754,206,1   70,460,18,259,649,231,1   100,360,14,1503,1807,180,1   30,430,17,1058,1546,218,3   350,390,18,1556,2100,231,3   260,310,15,45,525,193,1   470,280,11,1360,1604,141,1   320,240,11,1732,2042,141,5   450,400,16,884,1140,206,5   420,160,13,275,653,167,4   500,360,11,475,717,141,3   340,220,19,994,1384,244,4   480,130,16,1179,1389,206,2   320,160,19,748,1436,244,1   370,290,15,829,1165,193,5   490,240,11,706,996,141,5   270,260,20,187,509,257,4   500,300,19,1644,2292,244,5   490,110,13,605,907,167,4   340,180,19,679,1185,244,5   320,180,17,1558,2038,218,1   260,280,19,1433,1711,244,2   330,160,13,916,1188,167,2   430,210,16,549,879,206,2   420,260,16,1034,1394,206,2   470,400,17,404,850,218,4   340,150,15,1494,1790,193,5   480,380,11,1334,1670,141,1   380,320,18,1016,1472,231,4   440,150,11,1640,1898,141,1   310,250,16,784,1372,206,1   440,290,18,76,600,231,5   490,170,17,111,813,218,1   480,390,13,1616,1918,167,5   340,290,13,1391,1719,167,3   330,230,18,882,1424,231,1   340,270,17,1729,2223,218,5   360,210,12,427,653,154,2   290,300,13,2066,2430,167,5   330,270,12,227,585,154,5   280,230,19,993,1597,244,3   450,380,12,1153,1423,154,4   290,320,15,623,841,193,3   400,360,16,1685,2127,206,2   350,160,15,1592,1978,193,3   440,300,12,1966,2216,154,2   270,220,15,1328,1632,193,5   470,330,11,155,485,141,1   300,150,20,1249,1807,257,2   360,290,17,369,849,218,1   280,130,19,502,1052,244,2   370,400,16,545,899,206,5   310,170,16,1951,2285,206,1   320,130,13,752,1064,167,4   320,310,17,622,912,218,5   320,350,18,452,938,231,4   330,230,18,0,607,231,4   300,270,14,101,383,180,4   490,200,14,860,1170,180,4   400,380,13,1147,1475,167,3   380,360,11,1177,1399,141,5   330,380,17,1817,2223,218,1   350,180,18,1032,1384,231,1   430,390,18,1240,1704,231,2   440,290,18,1539,2153,231,5   480,360,13,876,1196,167,1   440,350,20,1501,2083,257,5   420,290,16,85,499,206,5   300,320,12,1617,1869,154,2   360,170,14,1644,1810,180,4   410,240,12,1745,2135,154,1   280,280,13,1688,2032,167,5   270,210,18,591,1123,231,2   500,320,15,1034,1472,193,5
!----------------------------------------------------------------
!Recharge stations: x,y
670,670   140,280   290,350   10,280   120,300   430,340   140,260   300,430   70,320   40,280   60,340   300,200   520,340   230,340   490,230   400,400   160,380   50,100   110,80   420,20

g inverse recharge rate 0.55
