!----------------------------------------------------------------
!Stores: (first: depot x,y; then: satellites x,y,maxCap)
670,660   130,470,1540   140,20,1540   430,140,1540   230,460,1540   170,330,1540   230,80,1540   130,40,1540   190,270,1540   240,400,1540   270,150,1540
!----------------------------------------------------------------
!Trucks: (total#, cap, cost/dist, fixcost)
2,371,1,128   2,514,1,150   1,680,1,172
!----------------------------------------------------------------
!CityFreighters: (max cf/sat, total#, cap, cost/dist, fixcost, maxCharge, energyConsumption)
6,6,108,1,68,354,1   6,6,150,1,80,490,1   5,5,198,1,92,648,1
!----------------------------------------------------------------
!Customers: (x, y, demand, readyTime, dueDate, serviceTime, penalizationCost)
90,50,12,685,1059,161,1   30,170,16,1028,1400,214,3   170,140,17,362,596,228,5   120,210,19,460,806,255,4   140,40,20,1617,2331,268,1   40,100,11,1990,2306,147,4   120,110,11,1630,1910,147,2   70,140,11,1322,1674,147,3   120,190,13,31,467,174,1   20,110,19,901,1437,255,3   150,200,12,1998,2260,161,1   80,130,18,282,816,241,1   90,150,14,1209,1469,188,1   40,120,16,81,587,214,4   50,210,19,1094,1462,255,5   190,30,20,969,1491,268,1   140,100,15,799,1313,201,3   120,40,18,1234,1714,241,1   110,110,14,156,518,188,1   20,120,19,251,835,255,2   90,150,14,1192,1558,188,1   240,100,16,1838,2274,214,3   130,210,19,1292,1746,255,3   160,160,16,1976,2446,214,5   160,10,13,2148,2456,174,3   140,100,18,1283,1777,241,1   60,170,15,132,516,201,4   140,100,19,1636,2184,255,1   210,130,11,2168,2536,147,3   160,40,13,1235,1589,174,5   20,380,18,1418,1838,241,3   110,470,16,132,574,214,4   10,440,13,423,731,174,1   100,360,19,1459,1905,255,5   120,470,14,102,448,188,2   170,360,15,324,672,201,3   30,400,14,1062,1304,188,3   120,380,17,1035,1369,228,5   200,330,15,577,1107,201,1   60,320,17,1890,2320,228,1   10,470,15,1841,2431,201,4   150,420,16,382,892,214,2   230,360,11,491,707,147,5   70,400,19,751,1121,255,3   80,340,17,1543,1821,228,1   130,380,16,1242,1696,214,1   120,420,12,811,1153,161,3   70,440,20,1820,2226,268,2   130,300,15,886,1274,201,3   210,440,18,1911,2321,241,5   200,470,16,432,1052,214,5   180,300,13,135,553,174,5   240,400,18,800,1314,241,1   50,370,17,1494,1868,228,3   100,360,16,498,848,214,2   160,360,17,1122,1518,228,1   120,370,15,1999,2313,201,3   100,490,16,639,1239,214,3   230,490,12,1722,2078,161,3   110,380,13,882,1236,174,5   360,110,15,666,1194,201,1   470,220,12,795,1131,161,2   280,250,13,2001,2315,174,5   440,240,13,184,462,174,3   440,240,18,1666,2328,241,1   500,340,17,1097,1641,228,2   480,160,17,1294,1532,228,3   390,110,15,1952,2332,201,4   490,290,15,1504,1978,201,5   430,290,16,897,1289,214,2   460,400,20,1141,1581,268,5   300,250,12,580,806,161,3   410,280,15,526,826,201,4   320,310,13,1046,1234,174,3   270,240,12,156,496,161,5   420,180,14,1732,2070,188,5   460,190,17,433,925,228,1   260,240,16,643,1057,214,1   320,230,14,525,837,188,3   280,300,17,598,876,228,2   370,370,15,1856,2154,201,4   360,220,18,270,750,241,4   480,380,13,252,662,174,5   310,220,13,602,862,174,4   330,270,13,1727,2121,174,3   260,270,18,0,457,241,1   290,190,16,1496,1812,214,3   260,230,18,23,377,241,4   340,210,12,1437,1713,161,1   470,120,13,1158,1578,174,4   430,170,15,1682,2036,201,5   360,390,14,1820,2128,188,5   290,180,16,1485,1865,214,3   390,120,16,755,1111,214,3   460,140,18,1079,1657,241,2   340,240,11,2160,2362,147,1   400,140,14,792,1078,188,3   470,210,19,1430,1962,255,5   330,270,11,867,1161,147,5   410,330,18,1802,2220,241,3
!----------------------------------------------------------------
!Recharge stations: x,y
670,660   130,470   140,20   430,140   230,460   170,330   230,80   130,40   190,270   240,400   270,150

g inverse recharge rate 0.47
