!----------------------------------------------------------------
!Stores: (first: depot x,y; then: satellites x,y,maxCap)
670,660   20,190,1558   370,220,1558   320,420,1558   30,400,1558   110,120,1558
!----------------------------------------------------------------
!Trucks: (total#, cap, cost/dist, fixcost)
2,376,1,128   2,520,1,150   1,688,1,172
!----------------------------------------------------------------
!CityFreighters: (max cf/sat, total#, cap, cost/dist, fixcost, maxCharge, energyConsumption)
11,11,51,1,68,238,1   10,10,70,1,80,330,1   11,11,93,1,92,436,1
!----------------------------------------------------------------
!Customers: (x, y, demand, readyTime, dueDate, serviceTime, penalizationCost)
120,50,11,774,1108,152,3   200,170,16,476,892,222,2   70,160,18,1835,2313,249,3   180,90,18,2195,2583,249,5   210,30,19,475,1071,263,1   180,210,11,85,337,152,1   40,180,12,1073,1357,166,2   140,30,13,1064,1460,180,1   30,90,14,292,710,194,5   20,60,18,1380,2046,249,2   80,200,17,2144,2712,236,5   210,280,17,2103,2611,236,4   200,50,13,869,1215,180,1   130,30,17,428,802,236,4   150,90,17,1271,1807,236,4   180,100,13,1841,2127,180,5   200,80,17,1758,2366,236,5   140,240,15,1715,2003,208,3   40,90,20,1328,2004,277,5   170,90,11,919,1127,152,1   150,20,16,1106,1568,222,4   190,40,18,170,606,249,1   150,110,14,195,629,194,2   40,30,18,1837,2345,249,1   210,50,15,690,914,208,4   190,30,14,737,1047,194,1   60,130,20,1432,1918,277,1   170,280,20,0,605,277,1   170,70,17,2068,2350,236,1   220,170,15,2145,2649,208,2   50,140,19,126,664,263,2   170,10,17,808,1280,236,4   180,130,14,603,875,194,4   40,210,17,724,1368,236,2   80,100,13,1757,2147,180,5   70,50,19,890,1174,263,4   100,240,15,310,696,208,1   100,90,14,2078,2562,194,4   60,210,11,1296,1586,152,3   50,40,15,1103,1367,208,5   80,190,19,405,1131,263,5   90,140,14,1223,1587,194,1   140,60,17,1868,2404,236,4   120,280,11,352,530,152,3   240,80,12,1754,2092,166,1   250,200,16,140,634,222,4   100,140,11,353,703,152,3   260,40,13,1960,2226,180,2   250,220,20,2165,2587,277,2   260,140,12,788,1076,166,4   380,430,12,1480,1926,166,5   370,300,18,93,647,249,3   370,480,12,1672,2052,166,4   340,390,11,1253,1523,152,2   350,490,20,40,640,277,5   500,320,17,1747,2265,236,4   390,270,19,489,849,263,3   270,250,16,2036,2322,222,1   360,430,18,221,765,249,4   320,250,14,1774,2058,194,5   370,420,18,1721,2167,249,4   460,410,18,532,938,249,3   320,440,14,1953,2365,194,5   410,240,11,1807,2131,152,4   440,480,13,1953,2321,180,3   270,300,18,334,966,249,1   340,460,13,1307,1703,180,3   360,340,17,2004,2572,236,5   390,410,16,469,891,222,5   250,310,17,1827,2327,236,2   330,410,20,849,1431,277,1   290,320,17,893,1331,236,1   500,440,11,2080,2342,152,4   470,370,16,564,886,222,1   270,240,13,771,1165,180,1   340,450,17,1483,1871,236,2   440,420,13,1058,1316,180,3   280,470,19,1296,1854,263,1   300,240,14,162,470,194,4   430,390,20,1664,2120,277,1   410,350,18,1358,1900,249,2   270,310,13,1472,1792,180,1   360,320,20,1323,1919,277,2   350,240,20,1433,2005,277,2   400,270,20,390,882,277,2   300,440,15,1523,1965,208,3   300,410,11,1580,1906,152,3   350,300,19,2101,2493,263,3   320,350,11,992,1346,152,4   280,400,16,449,887,222,2   340,340,19,445,1009,263,3   250,360,11,241,541,152,4   350,320,18,821,1271,249,4   270,430,11,857,1155,152,1   300,300,15,1371,1827,208,2   380,300,20,1234,1732,277,4   410,400,16,1629,1993,222,4   320,470,13,316,688,180,5   270,270,11,108,430,152,1   460,250,16,1010,1416,222,3
!----------------------------------------------------------------
!Recharge stations: x,y
670,660   20,190   370,220   320,420   30,400   110,120   260,220   180,150   230,0   350,380

g inverse recharge rate 0.72
