!----------------------------------------------------------------
!Stores: (first: depot x,y; then: satellites x,y,maxCap)
670,670   90,360,3098   390,460,3098   460,200,3098   420,80,3098   410,30,3098   470,60,3098   330,370,3098   250,240,3098   100,20,3098   120,460,3098
!----------------------------------------------------------------
!Trucks: (total#, cap, cost/dist, fixcost)
2,746,1,128   2,1033,1,150   1,1366,1,172
!----------------------------------------------------------------
!CityFreighters: (max cf/sat, total#, cap, cost/dist, fixcost, maxCharge, energyConsumption)
21,21,51,1,68,202,1   20,20,70,1,80,280,1   21,21,93,1,92,370,1
!----------------------------------------------------------------
!Customers: (x, y, demand, readyTime, dueDate, serviceTime, penalizationCost)
180,40,16,1340,1800,248,3   490,450,16,1174,1810,248,5   140,40,11,523,873,171,5   250,170,15,691,1059,233,1   100,10,14,771,1059,217,5   100,280,12,1413,1893,186,5   500,120,19,586,1138,295,4   460,490,13,1426,1874,202,5   420,160,18,55,693,279,2   390,500,17,337,915,264,2   110,230,19,91,493,295,4   500,120,14,774,1222,217,1   320,120,11,1919,2233,171,2   430,500,20,941,1667,311,4   100,80,15,1706,2118,233,2   490,370,12,332,614,186,2   230,80,16,224,732,248,4   180,280,19,1718,2134,295,4   350,420,15,2009,2413,233,3   60,390,11,1649,2001,171,5   50,120,12,791,1229,186,4   500,480,14,2103,2517,217,3   390,360,12,1639,2039,186,1   220,30,14,253,833,217,5   200,140,13,2243,2591,202,3   410,470,10,1909,2223,155,5   80,360,20,2015,2627,311,2   30,230,11,1955,2227,171,3   440,240,20,1542,2074,311,5   260,40,19,1870,2458,295,2   90,200,14,951,1487,217,3   180,410,13,742,1052,202,2   50,340,13,1020,1422,202,1   120,130,16,1629,2237,248,2   250,30,20,928,1570,311,1   280,30,20,317,1247,311,2   280,220,17,1393,2081,264,4   20,100,20,681,1239,311,3   180,10,18,337,787,279,2   500,170,13,1090,1596,202,5   160,170,19,442,1054,295,5   480,80,11,865,1259,171,1   170,470,15,1583,2173,233,4   40,120,16,2255,2759,248,4   70,210,19,1784,2162,295,1   430,430,12,2238,2576,186,4   500,160,14,1791,2109,217,5   400,110,18,774,1296,279,3   160,370,14,942,1386,217,1   300,160,13,2546,2946,202,4   490,70,16,843,1371,248,4   460,60,13,1201,1685,202,2   80,30,12,2319,2819,186,1   80,20,20,1997,2527,311,5   320,280,18,601,1247,279,3   350,390,20,2091,2375,311,5   480,310,16,2299,2893,248,4   80,60,20,1183,1959,311,1   320,390,17,1741,2217,264,5   180,450,20,1518,1890,311,2   410,20,18,4,550,279,4   70,360,16,434,926,248,2   360,60,13,1971,2265,202,2   50,400,17,86,704,264,4   420,230,18,1472,1712,279,5   150,160,16,1475,1953,248,2   270,490,14,905,1261,217,4   380,280,20,608,960,311,1   70,320,14,2273,2517,217,1   40,260,18,570,1172,279,2   390,110,12,697,1063,186,4   40,50,12,1002,1328,186,4   200,130,20,160,800,311,3   120,290,17,1275,1731,264,4   30,210,15,1866,2270,233,5   330,230,16,2026,2544,248,2   10,190,18,754,1212,279,4   280,170,16,760,1296,248,2   260,220,18,842,1168,279,4   230,90,11,209,641,171,2   20,500,19,1204,1816,295,3   70,80,14,177,599,217,1   420,10,20,1496,2240,311,1   490,440,17,2335,2747,264,3   220,350,12,336,678,186,3   230,490,12,2534,2834,186,4   10,220,19,966,1546,295,1   500,410,16,1191,1617,248,1   150,210,18,1270,1644,279,3   480,270,12,243,735,186,5   420,270,20,1198,2104,311,4   40,380,16,398,748,248,3   240,240,16,110,628,248,5   100,360,15,825,1197,233,3   370,260,18,819,1463,279,3   240,380,12,1427,1885,186,5   460,270,13,978,1330,202,3   400,500,15,683,1075,233,3   300,110,12,1546,1916,186,2   460,140,11,1310,1836,171,5   290,400,13,79,471,202,4   420,10,19,312,880,295,3   390,120,15,1756,2280,233,3   410,130,18,1143,1531,279,2   500,160,16,1332,1882,248,1   470,150,14,2183,2619,217,1   130,190,12,364,578,186,3   90,220,17,519,1023,264,5   280,210,11,141,607,171,5   50,50,14,1404,1806,217,1   450,50,17,1846,2336,264,5   100,380,18,2182,2762,279,1   80,140,17,2322,2866,264,2   460,140,16,2128,2584,248,1   370,40,18,1629,2159,279,5   180,390,17,1506,2106,264,4   390,270,16,1861,2297,248,3   330,270,11,186,682,171,3   340,50,14,1579,2003,217,3   120,240,17,2198,2840,264,1   270,80,16,1260,1876,248,1   380,240,16,2241,2719,248,2   420,360,11,703,1203,171,1   460,450,16,1041,1535,248,4   160,160,17,1018,1578,264,3   60,500,19,1050,1842,295,3   320,220,20,1172,1900,311,3   20,60,20,387,881,311,2   50,250,20,570,1314,311,5   490,370,14,2027,2477,217,2   180,330,17,723,1187,264,5   210,90,14,904,1258,217,3   480,290,14,1591,1995,217,4   140,350,12,1467,1835,186,3   200,30,20,2329,2757,311,1   190,180,14,1454,1934,217,1   280,120,16,463,925,248,2   430,450,15,229,631,233,3   110,430,20,482,1190,311,3   320,160,17,956,1696,264,4   220,170,18,350,916,279,1   60,110,14,1501,1889,217,5   390,170,20,1315,1807,311,1   420,300,18,1437,1965,279,4   360,220,13,238,644,202,5   200,190,17,550,1238,264,3   330,250,11,1776,2120,171,2   340,20,11,2076,2414,171,1   290,270,13,40,438,202,2   490,480,16,332,600,248,5   440,350,19,1600,2364,295,3   410,260,18,847,1349,279,1   200,410,16,33,599,248,5   310,370,18,1856,2564,279,3   110,310,18,1225,1735,279,5   60,330,19,1383,1889,295,1   160,310,14,2313,2803,217,5   390,440,11,2381,2661,171,5   140,90,14,1692,2116,217,4   400,370,17,1699,2209,264,2   340,220,16,1557,2129,248,5   260,230,16,2134,2520,248,1   20,350,18,1694,2014,279,5   50,360,14,1452,1896,217,3   450,70,12,1307,1599,186,5   470,30,16,2267,2779,248,1   70,60,17,940,1594,264,2   220,200,17,694,1134,264,3   500,130,15,1335,1767,233,1   150,210,14,1164,1560,217,2   400,180,16,1354,1668,248,4   250,330,20,378,1044,311,4   480,200,20,654,1302,311,4   360,170,12,2046,2456,186,4   150,390,11,2493,2825,171,5   310,430,11,2127,2473,171,2   140,410,12,164,548,186,1   260,300,16,1561,1905,248,2   20,440,12,611,921,186,5   20,190,12,2283,2589,186,5   350,50,12,1921,2275,186,5   110,500,13,2294,2770,202,2   200,470,16,810,1260,248,3   320,110,14,1968,2314,217,1   20,440,13,1694,2072,202,1   60,330,14,1998,2264,217,5   40,480,14,1591,2105,217,5   190,430,12,1257,1531,186,2   500,460,19,146,904,295,5   260,140,20,1532,2326,311,2   40,280,13,1004,1214,202,5   160,30,16,977,1511,248,2   240,490,12,2420,2660,186,5   290,310,17,1635,2167,264,5   170,110,12,900,1260,186,3   140,440,13,2187,2563,202,3   250,80,16,119,745,248,3   400,40,17,53,675,264,5   10,180,11,578,830,171,2   70,470,13,2348,2656,202,5
!----------------------------------------------------------------
!Recharge stations: x,y
670,670   90,360   390,460   460,200   420,80   410,30   470,60   330,370   250,240   100,20   120,460   310,130   490,90   300,170   40,100   140,90   10,330   400,340   450,350   140,130

g inverse recharge rate 0.94
