!----------------------------------------------------------------
!Stores: (first: depot x,y; then: satellites x,y,maxCap)
670,660   130,110,1562   370,190,1562   10,240,1562   200,20,1562   190,390,1562
!----------------------------------------------------------------
!Trucks: (total#, cap, cost/dist, fixcost)
2,376,1,128   2,521,1,150   1,689,1,172
!----------------------------------------------------------------
!CityFreighters: (max cf/sat, total#, cap, cost/dist, fixcost, maxCharge, energyConsumption)
10,10,51,1,68,267,1   10,10,70,1,80,370,1   10,10,93,1,92,489,1
!----------------------------------------------------------------
!Customers: (x, y, demand, readyTime, dueDate, serviceTime, penalizationCost)
100,40,15,1280,1694,204,3   10,30,16,1661,2141,218,3   40,180,17,1827,2359,232,5   170,90,16,0,446,218,2   30,100,14,2253,2533,191,2   210,200,18,8,546,245,1   170,200,16,105,481,218,2   30,210,12,1866,2254,164,3   250,10,20,1794,2348,273,5   150,80,15,256,762,204,1   20,200,17,1692,2178,232,1   190,80,12,1646,1884,164,4   170,60,18,1709,2293,245,5   30,20,14,1069,1437,191,5   120,60,16,1657,2139,218,2   90,20,13,2058,2434,177,3   70,90,19,1273,1883,259,3   20,180,13,1526,1872,177,5   10,90,18,1571,2031,245,1   120,180,20,786,1174,273,1   60,120,15,1883,2239,204,2   190,80,20,1949,2637,273,1   40,120,11,989,1331,150,1   90,70,19,1471,2229,259,3   200,190,17,1039,1585,232,4   90,70,16,161,417,218,5   120,150,11,1309,1523,150,1   250,130,20,2103,2545,273,3   250,200,12,935,1177,164,3   200,80,15,1994,2358,204,3   150,430,20,68,566,273,1   160,450,12,198,596,164,5   80,350,19,117,711,259,2   140,450,14,935,1283,191,1   70,460,13,621,929,177,2   250,350,15,775,1077,204,1   50,450,20,1712,2196,273,2   170,300,11,575,935,150,2   20,450,11,529,765,150,2   210,440,20,487,893,273,1   140,440,12,931,1391,164,1   190,380,16,667,1143,218,4   60,440,11,690,1008,150,4   140,430,13,594,894,177,5   210,340,18,1217,1739,245,2   40,420,11,1079,1387,150,3   120,380,16,2011,2519,218,2   20,400,11,851,1169,150,1   170,460,16,908,1526,218,4   110,320,14,1928,2414,191,2   250,400,19,961,1523,259,3   150,440,16,1703,2261,218,4   40,450,16,926,1376,218,3   180,460,11,149,457,150,5   100,480,17,378,836,232,3   200,460,20,1478,1944,273,4   230,490,17,1976,2514,232,5   90,320,12,2002,2344,164,2   80,360,19,976,1694,259,5   170,470,19,1458,1820,259,2   360,330,13,1133,1521,177,3   360,120,15,1005,1497,204,4   340,130,19,1968,2426,259,2   310,310,18,1428,1912,245,2   350,110,11,2295,2539,150,1   490,250,15,1734,2108,204,1   490,290,12,1554,1938,164,5   380,360,13,1088,1488,177,1   340,140,14,1332,1686,191,3   340,260,18,1675,2241,245,3   420,320,17,1321,1815,232,3   310,340,19,2004,2604,259,1   360,120,18,780,1186,245,2   270,120,16,166,530,218,4   300,180,12,1856,2190,164,1   380,160,18,1532,2092,245,2   500,120,19,752,1420,259,1   320,180,16,383,789,218,1   500,270,18,794,1042,245,3   400,220,11,2001,2231,150,5   390,360,11,783,965,150,4   400,270,11,1795,2215,150,5   370,270,12,1542,1932,164,3   420,110,15,411,831,204,1   260,220,19,1290,1960,259,5   330,190,14,1897,2259,191,2   490,220,11,1898,2180,150,4   490,280,20,271,993,273,4   440,230,14,1754,2200,191,5   270,370,18,769,1305,245,3   490,290,16,1476,2112,218,5   470,210,16,1657,2187,218,2   450,280,14,321,705,191,2   380,350,16,1844,2366,218,3   430,170,17,158,530,232,3   330,200,19,1772,2176,259,4   340,120,17,222,722,232,3   310,130,20,1444,1950,273,3   330,150,19,1487,2037,259,3   460,160,17,2010,2396,232,2
!----------------------------------------------------------------
!Recharge stations: x,y
670,660   130,110   370,190   10,240   200,20   190,390   290,350   10,90   180,90   460,170

g inverse recharge rate 0.63
