!----------------------------------------------------------------
!Stores: (first: depot x,y; then: satellites x,y,maxCap)
670,670   20,100,1610   180,440,1610   490,80,1610   240,290,1610   180,240,1610   140,120,1610   40,390,1610   320,300,1610   70,290,1610   400,480,1610
!----------------------------------------------------------------
!Trucks: (total#, cap, cost/dist, fixcost)
2,388,1,128   2,537,1,150   1,710,1,172
!----------------------------------------------------------------
!CityFreighters: (max cf/sat, total#, cap, cost/dist, fixcost, maxCharge, energyConsumption)
12,12,51,1,68,282,1   12,12,70,1,80,390,1   11,11,93,1,92,516,1
!----------------------------------------------------------------
!Customers: (x, y, demand, readyTime, dueDate, serviceTime, penalizationCost)
120,380,14,327,751,198,2   320,170,19,847,1415,269,5   290,120,16,576,996,226,5   250,200,18,30,712,255,5   20,300,16,1016,1444,226,1   310,460,14,263,613,198,5   50,130,18,1735,2303,255,2   130,360,12,1005,1371,170,2   380,60,14,480,892,198,4   290,110,20,628,1142,283,5   380,470,19,1149,1703,269,5   90,470,20,2025,2471,283,5   110,180,19,433,981,269,1   170,310,18,273,643,255,2   190,60,19,430,938,269,3   120,70,18,1826,2324,255,1   50,140,20,44,662,283,2   400,360,20,690,1116,283,2   90,450,19,1846,2534,269,1   240,430,15,1651,2043,212,5   480,450,19,1866,2378,269,4   500,130,18,2157,2685,255,3   80,430,12,2196,2522,170,1   420,230,19,1794,2310,269,1   430,140,20,1496,1968,283,5   430,60,19,1917,2497,269,4   490,40,11,1102,1376,156,4   350,410,16,739,1053,226,5   310,420,20,98,612,283,5   190,240,17,1943,2497,241,5   260,290,15,1787,2139,212,2   430,470,19,643,1059,269,3   370,360,19,1346,1910,269,5   300,30,11,1012,1322,156,2   80,340,20,1158,1602,283,3   180,400,12,1402,1746,170,5   400,100,14,2107,2371,198,1   40,270,19,1357,1999,269,1   240,260,12,1910,2290,170,3   410,170,20,1466,2072,283,2   360,220,12,1468,1804,170,3   60,60,20,664,1218,283,4   390,400,15,2287,2781,212,1   180,290,16,1578,2110,226,4   200,30,13,1732,2130,184,4   270,30,15,1080,1584,212,2   80,260,18,2314,2672,255,5   130,370,19,2314,2740,269,5   90,60,12,1956,2340,170,4   30,280,19,1869,2449,269,2   50,500,18,854,1190,255,2   50,280,20,620,1088,283,4   400,50,13,916,1296,184,2   160,280,17,0,541,241,3   460,410,17,1311,1933,241,2   360,460,11,1297,1539,156,1   500,470,16,500,972,226,1   290,410,16,513,987,226,1   310,20,17,356,824,241,1   300,110,16,551,1035,226,3   440,170,18,1276,1756,255,5   10,30,16,286,642,226,1   250,260,18,203,781,255,1   490,110,19,1042,1632,269,2   340,60,18,612,912,255,2   300,120,17,420,1020,241,3   150,170,16,1660,2134,226,1   300,400,13,218,602,184,3   160,350,16,1426,1694,226,2   310,420,15,693,1097,212,5   40,170,11,646,1008,156,1   30,500,15,1263,1547,212,2   250,330,13,633,981,184,3   430,300,16,714,1144,226,4   300,380,18,1874,2512,255,4   370,490,15,681,971,212,3   260,300,11,428,798,156,2   210,470,14,2019,2483,198,1   220,80,12,823,1067,170,1   220,170,16,416,820,226,4   290,430,17,491,973,241,3   30,420,17,718,1140,241,2   330,80,12,2289,2641,170,2   310,200,14,2256,2652,198,4   440,320,14,1013,1313,198,4   140,390,15,364,782,212,1   60,350,19,1152,1580,269,1   90,340,16,591,1005,226,1   70,10,19,1553,2071,269,2   490,320,12,1269,1573,170,4   220,10,16,159,491,226,3   500,210,11,258,502,156,1   450,110,11,534,754,156,2   360,450,14,2251,2613,198,2   250,40,17,934,1438,241,4   500,180,15,1618,2110,212,5   210,500,17,2064,2714,241,1   320,490,20,2083,2621,283,4   380,10,15,1671,2115,212,4   430,280,12,1666,2022,170,5
!----------------------------------------------------------------
!Recharge stations: x,y
670,670   20,100   180,440   490,80   240,290   180,240   140,120   40,390   320,300   70,290   400,480

g inverse recharge rate 0.65
