!----------------------------------------------------------------
!Stores: (first: depot x,y; then: satellites x,y,maxCap)
670,670   20,100,1610   180,440,1610   490,80,1610   240,290,1610   180,240,1610   140,120,1610   40,390,1610   320,300,1610   70,290,1610   400,480,1610
!----------------------------------------------------------------
!Trucks: (total#, cap, cost/dist, fixcost)
2,388,1,128   2,537,1,150   1,710,1,172
!----------------------------------------------------------------
!CityFreighters: (max cf/sat, total#, cap, cost/dist, fixcost, maxCharge, energyConsumption)
6,6,108,1,68,282,1   6,6,150,1,80,390,1   6,6,198,1,92,516,1
!----------------------------------------------------------------
!Customers: (x, y, demand, readyTime, dueDate, serviceTime, penalizationCost)
120,380,14,111,395,198,4   320,170,19,1128,1598,269,1   290,120,16,1733,2233,226,2   250,200,18,1155,1639,255,4   20,300,16,1151,1529,226,1   310,460,14,960,1280,198,4   50,130,18,201,687,255,3   130,360,12,1905,2209,170,4   380,60,14,1651,1993,198,5   290,110,20,1806,2378,283,3   380,470,19,1226,1734,269,4   90,470,20,132,694,283,1   110,180,19,508,1104,269,3   170,310,18,236,744,255,4   190,60,19,1893,2523,269,1   120,70,18,766,1326,255,3   50,140,20,163,831,283,4   400,360,20,1083,1519,283,1   90,450,19,48,486,269,3   240,430,15,1105,1291,212,4   480,450,19,822,1444,269,4   500,130,18,1503,1971,255,1   80,430,12,1727,2093,170,1   420,230,19,332,786,269,5   430,140,20,1951,2487,283,2   430,60,19,2167,2673,269,2   490,40,11,1037,1335,156,3   350,410,16,1233,1581,226,4   310,420,20,658,1144,283,5   190,240,17,1597,2059,241,4   260,290,15,1955,2321,212,4   430,470,19,1344,1808,269,5   370,360,19,1451,1949,269,3   300,30,11,1459,1737,156,2   80,340,20,1899,2553,283,5   180,400,12,2116,2468,170,3   400,100,14,986,1516,198,5   40,270,19,2067,2639,269,3   240,260,12,1955,2325,170,2   410,170,20,2154,2696,283,3   360,220,12,1319,1687,170,5   60,60,20,1063,1675,283,5   390,400,15,224,720,212,2   180,290,16,1774,2176,226,5   200,30,13,1083,1457,184,5   270,30,15,1197,1593,212,2   80,260,18,0,526,255,3   130,370,19,334,874,269,4   90,60,12,1453,1971,170,2   30,280,19,981,1501,269,4   50,500,18,1447,1921,255,5   50,280,20,1400,1924,283,4   400,50,13,1883,2331,184,4   160,280,17,97,605,241,2   460,410,17,958,1380,241,2   360,460,11,1038,1256,156,4   500,470,16,1084,1528,226,4   290,410,16,139,509,226,2   310,20,17,911,1427,241,5   300,110,16,770,1224,226,1   440,170,18,1366,1794,255,5   10,30,16,493,953,226,5   250,260,18,1843,2317,255,4   490,110,19,239,1015,269,1   340,60,18,1358,1938,255,4   300,120,17,888,1388,241,1   150,170,16,1659,2083,226,4   300,400,13,409,699,184,1   160,350,16,1672,2174,226,4   310,420,15,394,912,212,5   40,170,11,477,857,156,5   30,500,15,2218,2498,212,4   250,330,13,1169,1549,184,5   430,300,16,1438,1952,226,2   300,380,18,205,925,255,1   370,490,15,1290,1804,212,4   260,300,11,63,439,156,2   210,470,14,213,635,198,1   220,80,12,297,723,170,3   220,170,16,1990,2458,226,2   290,430,17,1462,1954,241,1   30,420,17,1398,1794,241,1   330,80,12,1214,1558,170,3   310,200,14,958,1312,198,1   440,320,14,1256,1584,198,1   140,390,15,535,847,212,1   60,350,19,497,1151,269,1   90,340,16,214,668,226,5   70,10,19,560,738,269,2   490,320,12,867,1113,170,3   220,10,16,1096,1466,226,3   500,210,11,2124,2336,156,5   450,110,11,1406,1626,156,1   360,450,14,1232,1560,198,5   250,40,17,611,1283,241,4   500,180,15,1098,1498,212,5   210,500,17,1766,2414,241,1   320,490,20,1694,2316,283,3   380,10,15,1365,1899,212,3   430,280,12,819,1167,170,4
!----------------------------------------------------------------
!Recharge stations: x,y
670,670   20,100   180,440   490,80   240,290   180,240   140,120   40,390   320,300   70,290   400,480

g inverse recharge rate 0.64
