!----------------------------------------------------------------
!Stores: (first: depot x,y; then: satellites x,y,maxCap)
670,670   90,360,3098   390,460,3098   460,200,3098   420,80,3098   410,30,3098   470,60,3098   330,370,3098   250,240,3098   100,20,3098   120,460,3098
!----------------------------------------------------------------
!Trucks: (total#, cap, cost/dist, fixcost)
5,1033,1,150
!----------------------------------------------------------------
!CityFreighters: (max cf/sat, total#, cap, cost/dist, fixcost, maxCharge, energyConsumption)
62,62,70,1,80,280,1
!----------------------------------------------------------------
!Customers: (x, y, demand, readyTime, dueDate, serviceTime, penalizationCost)
180,40,16,1497,1923,248,1   490,450,16,891,1687,248,3   140,40,11,149,495,171,5   250,170,15,2368,2792,233,1   100,10,14,1055,1445,217,5   100,280,12,1529,1879,186,4   500,120,19,1789,2375,295,3   460,490,13,1334,1748,202,3   420,160,18,1999,2589,279,4   390,500,17,847,1349,264,4   110,230,19,365,1161,295,3   500,120,14,72,528,217,4   320,120,11,139,419,171,4   430,500,20,1970,2484,311,5   100,80,15,1494,1906,233,1   490,370,12,557,897,186,2   230,80,16,818,1452,248,4   180,280,19,1633,2197,295,2   350,420,15,1594,2052,233,5   60,390,11,207,509,171,1   50,120,12,2017,2393,186,2   500,480,14,1114,1440,217,4   390,360,12,2412,2698,186,1   220,30,14,2123,2641,217,3   200,140,13,1028,1376,202,1   410,470,10,577,827,155,1   80,360,20,777,1531,311,1   30,230,11,1819,2143,171,2   440,240,20,988,1576,311,3   260,40,19,310,872,295,5   90,200,14,1235,1659,217,5   180,410,13,1026,1448,202,1   50,340,13,1907,2435,202,1   120,130,16,943,1451,248,1   250,30,20,2054,2618,311,4   280,30,20,415,981,311,4   280,220,17,1981,2359,264,2   20,100,20,2113,2759,311,5   180,10,18,318,858,279,3   500,170,13,2488,2794,202,4   160,170,19,1456,2156,295,5   480,80,11,1526,1812,171,2   170,470,15,2345,2769,233,4   40,120,16,209,695,248,2   70,210,19,1116,1650,295,3   430,430,12,2529,2863,186,1   500,160,14,558,742,217,1   400,110,18,846,1190,279,4   160,370,14,1794,2130,217,1   300,160,13,887,1293,202,1   490,70,16,2394,2750,248,1   460,60,13,2109,2489,202,3   80,30,12,709,1029,186,2   80,20,20,1753,2431,311,3   320,280,18,423,875,279,2   350,390,20,2038,2560,311,1   480,310,16,391,737,248,1   80,60,20,1813,2205,311,5   320,390,17,1807,2159,264,1   180,450,20,2286,2824,311,1   410,20,18,1512,2282,279,2   70,360,16,767,1153,248,4   360,60,13,114,476,202,5   50,400,17,988,1272,264,3   420,230,18,346,1080,279,2   150,160,16,2329,2839,248,5   270,490,14,2033,2605,217,5   380,280,20,1697,2365,311,1   70,320,14,1013,1553,217,2   40,260,18,1705,2183,279,1   390,110,12,916,1308,186,5   40,50,12,2373,2771,186,5   200,130,20,2131,2703,311,1   120,290,17,1481,1917,264,2   30,210,15,655,1047,233,3   330,230,16,0,452,248,5   10,190,18,695,1263,279,1   280,170,16,1829,2261,248,4   260,220,18,70,486,279,3   230,90,11,2340,2714,171,4   20,500,19,955,1669,295,4   70,80,14,407,741,217,3   420,10,20,1434,1862,311,5   490,440,17,2033,2767,264,4   220,350,12,970,1448,186,5   230,490,12,535,1003,186,5   10,220,19,1638,2172,295,5   500,410,16,1128,1582,248,4   150,210,18,966,1506,279,4   480,270,12,2501,2837,186,1   420,270,20,519,1207,311,3   40,380,16,1920,2450,248,4   240,240,16,1486,2042,248,4   100,360,15,998,1464,233,1   370,260,18,913,1447,279,2   240,380,12,509,859,186,5   460,270,13,458,876,202,3   400,500,15,225,679,233,3   300,110,12,839,1283,186,4   460,140,11,567,963,171,5   290,400,13,745,1037,202,5   420,10,19,2027,2539,295,4   390,120,15,926,1366,233,3   410,130,18,2289,2833,279,4   500,160,16,462,1014,248,3   470,150,14,242,652,217,4   130,190,12,2387,2633,186,1   90,220,17,1354,1980,264,4   280,210,11,1827,2161,171,1   50,50,14,1290,1666,217,2   450,50,17,1414,2010,264,2   100,380,18,827,1657,279,4   80,140,17,758,1578,264,1   460,140,16,796,1102,248,2   370,40,18,477,1113,279,5   180,390,17,318,608,264,1   390,270,16,24,434,248,1   330,270,11,1758,1984,171,3   340,50,14,1963,2219,217,4   120,240,17,1815,2225,264,1   270,80,16,1222,1792,248,3   380,240,16,29,551,248,2   420,360,11,1955,2391,171,4   460,450,16,1440,1796,248,4   160,160,17,2258,2902,264,5   60,500,19,1568,2258,295,1   320,220,20,2071,2587,311,1   20,60,20,1313,1861,311,3   50,250,20,2297,2833,311,4   490,370,14,1207,1531,217,1   180,330,17,714,1446,264,3   210,90,14,1393,1793,217,2   480,290,14,2291,2899,217,4   140,350,12,841,1175,186,4   200,30,20,2186,2704,311,4   190,180,14,984,1478,217,2   280,120,16,589,1061,248,1   430,450,15,1472,2106,233,1   110,430,20,924,1522,311,5   320,160,17,1541,2125,264,1   220,170,18,811,1587,279,1   60,110,14,2369,2859,217,5   390,170,20,1659,2265,311,3   420,300,18,2351,2939,279,5   360,220,13,2099,2527,202,4   200,190,17,2193,2843,264,5   330,250,11,88,346,171,4   340,20,11,136,422,171,3   290,270,13,1779,2151,202,3   490,480,16,1240,1820,248,1   440,350,19,322,1008,295,5   410,260,18,221,707,279,1   200,410,16,959,1521,248,5   310,370,18,2054,2550,279,5   110,310,18,1985,2447,279,5   60,330,19,626,1056,295,3   160,310,14,1306,1752,217,5   390,440,11,2518,2914,171,4   140,90,14,1333,1745,217,2   400,370,17,1387,1893,264,3   340,220,16,785,1247,248,1   260,230,16,493,861,248,3   20,350,18,2136,2780,279,1   50,360,14,1533,2111,217,5   450,70,12,1981,2189,186,3   470,30,16,762,1058,248,2   70,60,17,1093,1815,264,3   220,200,17,896,1548,264,1   500,130,15,550,1112,233,4   150,210,14,1613,2077,217,5   400,180,16,1747,2389,248,2   250,330,20,1441,2093,311,1   480,200,20,132,798,311,3   360,170,12,1738,2010,186,1   150,390,11,2475,2769,171,3   310,430,11,1178,1614,171,4   140,410,12,327,623,186,3   260,300,16,1966,2506,248,4   20,440,12,1149,1411,186,4   20,190,12,2348,2768,186,5   350,50,12,1375,1763,186,1   110,500,13,2131,2511,202,2   200,470,16,2086,2638,248,3   320,110,14,253,657,217,1   20,440,13,2084,2524,202,2   60,330,14,1231,1561,217,4   40,480,14,1971,2399,217,5   190,430,12,1614,1936,186,3   500,460,19,2357,2477,295,3   260,140,20,1950,2660,311,4   40,280,13,1622,2188,202,5   160,30,16,1575,2105,248,3   240,490,12,553,955,186,1   290,310,17,1787,2351,264,2   170,110,12,842,1166,186,4   140,440,13,273,627,202,2   250,80,16,1999,2519,248,4   400,40,17,2327,2841,264,3   10,180,11,1933,2335,171,1   70,470,13,1650,1994,202,5
!----------------------------------------------------------------
!Recharge stations: x,y
670,670   90,360   390,460   460,200   420,80   410,30   470,60   330,370   250,240   100,20   120,460   310,130   490,90   300,170   40,100   140,90   10,330   400,340   450,350   140,130

g inverse recharge rate 0.95
