!----------------------------------------------------------------
!Stores: (first: depot x,y; then: satellites x,y,maxCap)
670,670   20,100,1610   180,440,1610   490,80,1610   240,290,1610   180,240,1610   140,120,1610   40,390,1610   320,300,1610   70,290,1610   400,480,1610
!----------------------------------------------------------------
!Trucks: (total#, cap, cost/dist, fixcost)
5,537,1,150
!----------------------------------------------------------------
!CityFreighters: (max cf/sat, total#, cap, cost/dist, fixcost, maxCharge, energyConsumption)
35,35,70,1,80,390,1
!----------------------------------------------------------------
!Customers: (x, y, demand, readyTime, dueDate, serviceTime, penalizationCost)
120,380,14,2044,2294,198,4   320,170,19,456,942,269,2   290,120,16,1791,1995,226,1   250,200,18,866,1332,255,4   20,300,16,1561,1989,226,1   310,460,14,1645,1843,198,1   50,130,18,1376,1928,255,1   130,360,12,844,1076,170,4   380,60,14,558,918,198,4   290,110,20,1966,2636,283,2   380,470,19,901,1425,269,1   90,470,20,863,1467,283,5   110,180,19,2156,2734,269,1   170,310,18,2337,2817,255,3   190,60,19,195,557,269,3   120,70,18,1279,2033,255,2   50,140,20,296,558,283,4   400,360,20,1967,2473,283,4   90,450,19,585,963,269,5   240,430,15,2208,2588,212,2   480,450,19,617,1113,269,2   500,130,18,1976,2288,255,3   80,430,12,352,854,170,2   420,230,19,1055,1631,269,2   430,140,20,1474,2244,283,1   430,60,19,1014,1550,269,4   490,40,11,1080,1300,156,2   350,410,16,1944,2280,226,3   310,420,20,2287,2707,283,2   190,240,17,99,555,241,1   260,290,15,2067,2505,212,1   430,470,19,726,1312,269,1   370,360,19,1133,1829,269,1   300,30,11,1499,1961,156,5   80,340,20,2152,2726,283,1   180,400,12,2244,2620,170,3   400,100,14,2102,2550,198,3   40,270,19,678,1178,269,2   240,260,12,1412,1726,170,1   410,170,20,2055,2581,283,1   360,220,12,2247,2613,170,4   60,60,20,1749,2233,283,4   390,400,15,568,966,212,1   180,290,16,287,855,226,5   200,30,13,582,1038,184,4   270,30,15,1947,2417,212,1   80,260,18,1771,2183,255,5   130,370,19,1129,1415,269,1   90,60,12,469,847,170,4   30,280,19,229,679,269,2   50,500,18,471,875,255,1   50,280,20,801,1281,283,5   400,50,13,1998,2362,184,5   160,280,17,0,502,241,4   460,410,17,448,942,241,2   360,460,11,1069,1305,156,1   500,470,16,912,1372,226,4   290,410,16,1595,2125,226,4   310,20,17,940,1428,241,2   300,110,16,2000,2414,226,4   440,170,18,1518,2230,255,1   10,30,16,518,1046,226,3   250,260,18,1406,1822,255,1   490,110,19,1833,2333,269,3   340,60,18,438,968,255,2   300,120,17,1327,1607,241,2   150,170,16,304,858,226,4   300,400,13,616,940,184,1   160,350,16,1250,1652,226,5   310,420,15,1498,1838,212,3   40,170,11,1080,1286,156,3   30,500,15,388,816,212,5   250,330,13,513,1007,184,1   430,300,16,1546,2056,226,4   300,380,18,1211,1893,255,3   370,490,15,1176,1620,212,4   260,300,11,498,744,156,5   210,470,14,1671,2037,198,5   220,80,12,258,540,170,3   220,170,16,2073,2525,226,4   290,430,17,2023,2517,241,2   30,420,17,14,658,241,1   330,80,12,2355,2687,170,2   310,200,14,1147,1693,198,3   440,320,14,1517,1807,198,2   140,390,15,120,362,212,5   60,350,19,818,1496,269,5   90,340,16,237,715,226,5   70,10,19,1791,2341,269,3   490,320,12,759,973,170,5   220,10,16,1112,1516,226,2   500,210,11,559,899,156,1   450,110,11,1419,1739,156,5   360,450,14,1246,1560,198,2   250,40,17,825,1365,241,5   500,180,15,392,982,212,1   210,500,17,1089,1793,241,3   320,490,20,868,1252,283,5   380,10,15,1112,1562,212,2   430,280,12,1429,1791,170,3
!----------------------------------------------------------------
!Recharge stations: x,y
670,670   20,100   180,440   490,80   240,290   180,240   140,120   40,390   320,300   70,290   400,480

g inverse recharge rate 0.65
