!----------------------------------------------------------------
!Stores: (first: depot x,y; then: satellites x,y,maxCap)
670,670   10,130,1583   460,40,1583   20,30,1583   130,190,1583   30,370,1583
!----------------------------------------------------------------
!Trucks: (total#, cap, cost/dist, fixcost)
5,528,1,150
!----------------------------------------------------------------
!CityFreighters: (max cf/sat, total#, cap, cost/dist, fixcost, maxCharge, energyConsumption)
32,32,70,1,80,460,1
!----------------------------------------------------------------
!Customers: (x, y, demand, readyTime, dueDate, serviceTime, penalizationCost)
310,60,18,2177,2943,319,1   360,200,17,2435,3003,301,3   90,190,14,1916,2460,248,4   470,420,11,1074,1278,195,1   280,200,15,2520,2964,266,1   380,430,16,877,1435,284,3   410,40,11,2685,3113,195,4   360,300,12,2269,2697,213,2   40,100,14,1496,1800,248,2   430,160,19,590,1296,337,5   330,450,17,1235,2099,301,3   390,300,16,2742,3360,284,4   60,400,20,1518,2232,354,2   500,200,13,2068,2512,230,3   480,140,11,427,745,195,3   340,340,17,689,1441,301,2   490,30,17,1117,1535,301,1   260,140,19,2713,3495,337,3   280,440,12,2575,2993,213,5   210,380,13,1276,1718,230,5   340,110,20,788,1254,354,1   410,320,14,1003,1419,248,4   440,460,13,1627,2243,230,1   270,480,16,2596,3148,284,2   20,360,13,2875,3291,230,1   340,320,16,2353,2699,284,2   500,270,18,635,1303,319,5   360,260,14,1298,1798,248,4   160,170,13,2486,2782,230,3   80,100,11,1902,2302,195,5   450,280,16,854,1464,284,4   490,110,19,1494,2048,337,5   280,100,20,1615,2497,354,4   90,100,16,0,532,284,1   390,500,19,335,1201,337,4   330,310,14,565,1105,248,2   200,80,16,758,1334,284,1   390,480,18,2170,2884,319,4   290,30,11,441,957,195,5   430,320,19,683,1411,337,5   340,90,12,891,1253,213,2   420,400,16,834,1598,284,4   250,490,20,337,1167,354,4   270,40,12,1487,2029,213,5   290,370,12,1719,2317,213,2   280,320,13,493,1011,230,1   420,80,12,1481,1913,213,1   180,220,18,2767,3239,319,4   200,330,20,150,750,354,1   280,480,20,2249,3077,354,5   350,190,15,653,937,266,2   490,360,12,492,992,213,2   490,350,16,708,1258,284,3   250,250,15,1115,1639,266,5   60,50,12,475,847,213,5   60,240,18,1844,2518,319,4   380,280,15,1364,1810,266,2   240,270,13,1104,1620,230,2   490,480,17,1752,2422,301,3   70,440,15,877,1409,266,4   180,440,20,956,1514,354,1   450,460,14,221,777,248,3   230,150,15,1852,2360,266,1   170,470,17,2191,2671,301,4   470,180,13,806,1264,230,1   50,180,12,811,1277,213,1   50,470,17,775,1221,301,1   410,470,19,1821,2443,337,1   50,20,16,1252,1594,284,5   240,490,20,296,1088,354,5   320,460,11,285,751,195,5   480,430,13,2235,2633,230,1   200,350,17,2050,2636,301,1   200,380,19,178,938,337,3   90,290,15,2495,2961,266,5   290,20,18,2754,3438,319,2   260,200,12,1344,1856,213,3   260,110,16,863,1383,284,1   160,260,16,1310,1832,284,5   340,430,16,1896,2392,284,2   10,20,13,178,666,230,3   480,140,19,399,913,337,4   340,440,20,2442,3192,354,1   410,320,20,754,1676,354,2   410,130,18,1192,2170,319,5   460,70,20,2348,3054,354,5   70,340,14,550,1152,248,4   80,340,20,1471,2111,354,2   90,110,18,2032,2390,319,2   30,150,13,1509,1927,230,4   350,90,20,1618,2452,354,4   10,110,15,2039,2725,266,5   170,340,15,328,822,266,3   200,420,15,274,828,266,1   460,300,14,1962,2374,248,5   90,430,17,1749,2105,301,2   450,80,20,1711,2351,354,4   450,310,18,683,1233,319,1   500,370,19,2362,3036,337,4   380,390,18,878,1510,319,1
!----------------------------------------------------------------
!Recharge stations: x,y
670,670   10,130   460,40   20,30   130,190   30,370   410,200   270,420   10,470   210,100

g inverse recharge rate 0.68
