!----------------------------------------------------------------
!Stores: (first: depot x,y; then: satellites x,y,maxCap)
670,660   130,470,1540   140,20,1540   430,140,1540   230,460,1540   170,330,1540   230,80,1540   130,40,1540   190,270,1540   240,400,1540   270,150,1540
!----------------------------------------------------------------
!Trucks: (total#, cap, cost/dist, fixcost)
5,514,1,150
!----------------------------------------------------------------
!CityFreighters: (max cf/sat, total#, cap, cost/dist, fixcost, maxCharge, energyConsumption)
32,32,70,1,80,490,1
!----------------------------------------------------------------
!Customers: (x, y, demand, readyTime, dueDate, serviceTime, penalizationCost)
90,50,12,787,1111,161,4   30,170,16,1672,1988,214,4   170,140,17,1144,1628,228,2   120,210,19,1897,2415,255,2   140,40,20,1473,1867,268,1   40,100,11,1557,1807,147,2   120,110,11,348,658,147,3   70,140,11,1935,2221,147,5   120,190,13,449,805,174,4   20,110,19,1755,2161,255,1   150,200,12,2180,2532,161,3   80,130,18,1870,2344,241,1   90,150,14,1648,1964,188,2   40,120,16,1906,2332,214,3   50,210,19,953,1565,255,3   190,30,20,1029,1659,268,3   140,100,15,240,586,201,5   120,40,18,460,1048,241,4   110,110,14,1424,1660,188,5   20,120,19,803,1439,255,1   90,150,14,1913,2243,188,4   240,100,16,1799,2333,214,2   130,210,19,237,767,255,3   160,160,16,1254,1562,214,3   160,10,13,830,1178,174,3   140,100,18,839,1243,241,5   60,170,15,794,1274,201,4   140,100,19,463,1263,255,1   210,130,11,1357,1605,147,3   160,40,13,1377,1811,174,4   20,380,18,1749,2191,241,3   110,470,16,151,653,214,1   10,440,13,1736,2114,174,3   100,360,19,595,1153,255,1   120,470,14,838,1138,188,4   170,360,15,972,1290,201,5   30,400,14,1188,1592,188,4   120,380,17,220,736,228,2   200,330,15,290,750,201,1   60,320,17,553,1015,228,3   10,470,15,1875,2291,201,3   150,420,16,382,780,214,5   230,360,11,230,530,147,3   70,400,19,1268,1734,255,4   80,340,17,138,740,228,3   130,380,16,1678,2150,214,1   120,420,12,1661,1959,161,3   70,440,20,275,849,268,5   130,300,15,1890,2236,201,2   210,440,18,1103,1611,241,3   200,470,16,290,796,214,3   180,300,13,1005,1361,174,1   240,400,18,612,1144,241,4   50,370,17,1110,1434,228,1   100,360,16,1637,2093,214,2   160,360,17,825,1143,228,1   120,370,15,337,869,201,4   100,490,16,828,1216,214,2   230,490,12,274,676,161,4   110,380,13,2051,2379,174,3   360,110,15,1083,1485,201,5   470,220,12,958,1288,161,1   280,250,13,1366,1742,174,1   440,240,13,1260,1636,174,4   440,240,18,1726,2120,241,1   500,340,17,729,1155,228,2   480,160,17,271,857,228,2   390,110,15,1388,1876,201,2   490,290,15,470,764,201,5   430,290,16,213,653,214,4   460,400,20,1106,1548,268,1   300,250,12,1091,1547,161,4   410,280,15,482,890,201,5   320,310,13,927,1295,174,3   270,240,12,914,1154,161,5   420,180,14,1883,2301,188,5   460,190,17,1059,1621,228,3   260,240,16,923,1255,214,3   320,230,14,1971,2137,188,1   280,300,17,1626,2112,228,5   370,370,15,1373,1827,201,4   360,220,18,1593,2119,241,3   480,380,13,1821,2193,174,3   310,220,13,1307,1651,174,3   330,270,13,608,892,174,2   260,270,18,1082,1566,241,1   290,190,16,877,1421,214,2   260,230,18,2009,2451,241,2   340,210,12,1451,1707,161,4   470,120,13,1704,2054,174,4   430,170,15,1047,1621,201,3   360,390,14,1692,1996,188,3   290,180,16,166,752,214,1   390,120,16,728,1316,214,4   460,140,18,933,1391,241,5   340,240,11,1029,1457,147,5   400,140,14,1003,1345,188,5   470,210,19,1923,2395,255,1   330,270,11,2182,2468,147,1   410,330,18,1435,1963,241,1
!----------------------------------------------------------------
!Recharge stations: x,y
670,660   130,470   140,20   430,140   230,460   170,330   230,80   130,40   190,270   240,400   270,150

g inverse recharge rate 0.47
