!----------------------------------------------------------------
!Stores: (first: depot x,y; then: satellites x,y,maxCap)
670,660   20,190,1558   370,220,1558   320,420,1558   30,400,1558   110,120,1558
!----------------------------------------------------------------
!Trucks: (total#, cap, cost/dist, fixcost)
5,520,1,150
!----------------------------------------------------------------
!CityFreighters: (max cf/sat, total#, cap, cost/dist, fixcost, maxCharge, energyConsumption)
32,32,70,1,80,330,1
!----------------------------------------------------------------
!Customers: (x, y, demand, readyTime, dueDate, serviceTime, penalizationCost)
120,50,11,319,653,152,1   200,170,16,129,633,222,2   70,160,18,1807,2157,249,4   180,90,18,1855,2421,249,1   210,30,19,1350,1890,263,3   180,210,11,247,571,152,2   40,180,12,1316,1720,166,2   140,30,13,471,855,180,2   30,90,14,571,889,194,3   20,60,18,1499,2077,249,2   80,200,17,765,1445,236,2   210,280,17,1305,1661,236,3   200,50,13,732,1018,180,4   130,30,17,963,1441,236,5   150,90,17,1251,1615,236,2   180,100,13,2212,2600,180,5   200,80,17,1511,1829,236,2   140,240,15,1520,1934,208,3   40,90,20,1813,2451,277,2   170,90,11,1363,1657,152,3   150,20,16,209,693,222,5   190,40,18,763,1331,249,4   150,110,14,2048,2568,194,1   40,30,18,1250,1814,249,2   210,50,15,846,1262,208,4   190,30,14,1951,2329,194,5   60,130,20,1915,2315,277,4   170,280,20,1920,2362,277,2   170,70,17,149,627,236,2   220,170,15,1185,1575,208,3   50,140,19,1102,1606,263,1   170,10,17,1677,2045,236,3   180,130,14,1513,1955,194,4   40,210,17,1107,1527,236,3   80,100,13,1509,1961,180,4   70,50,19,501,1157,263,2   100,240,15,2047,2529,208,1   100,90,14,490,902,194,3   60,210,11,1793,2265,152,1   50,40,15,1990,2386,208,1   80,190,19,1929,2461,263,4   90,140,14,1028,1478,194,2   140,60,17,1726,2084,236,4   120,280,11,309,689,152,1   240,80,12,1534,1902,166,3   250,200,16,1736,2182,222,2   100,140,11,1372,1586,152,2   260,40,13,948,1208,180,2   250,220,20,206,1010,277,5   260,140,12,586,892,166,1   380,430,12,1357,1669,166,5   370,300,18,2011,2559,249,2   370,480,12,1422,1624,166,4   340,390,11,2003,2265,152,1   350,490,20,499,1015,277,3   500,320,17,904,1334,236,3   390,270,19,1016,1392,263,1   270,250,16,1013,1493,222,4   360,430,18,1880,2368,249,1   320,250,14,976,1422,194,2   370,420,18,449,875,249,4   460,410,18,67,625,249,5   320,440,14,131,611,194,3   410,240,11,1030,1452,152,4   440,480,13,523,865,180,2   270,300,18,54,650,249,1   340,460,13,1265,1611,180,3   360,340,17,917,1311,236,3   390,410,16,2022,2472,222,4   250,310,17,451,983,236,5   330,410,20,1581,2259,277,2   290,320,17,337,873,236,1   500,440,11,1424,1738,152,1   470,370,16,956,1396,222,2   270,240,13,95,473,180,3   340,450,17,1585,2035,236,5   440,420,13,1950,2182,180,3   280,470,19,835,1299,263,4   300,240,14,1110,1510,194,2   430,390,20,536,852,277,3   410,350,18,862,1300,249,5   270,310,13,509,841,180,5   360,320,20,934,1350,277,4   350,240,20,1674,2354,277,2   400,270,20,1973,2569,277,4   300,440,15,302,728,208,1   300,410,11,1805,2161,152,5   350,300,19,148,708,263,3   320,350,11,263,589,152,5   280,400,16,2070,2424,222,2   340,340,19,779,1155,263,5   250,360,11,392,672,152,1   350,320,18,1422,1924,249,2   270,430,11,2013,2363,152,5   300,300,15,740,1002,208,2   380,300,20,1796,2420,277,2   410,400,16,1353,1693,222,1   320,470,13,888,1258,180,3   270,270,11,2114,2458,152,1   460,250,16,873,1271,222,5
!----------------------------------------------------------------
!Recharge stations: x,y
670,660   20,190   370,220   320,420   30,400   110,120   260,220   180,150   230,0   350,380

g inverse recharge rate 0.73
