!----------------------------------------------------------------
!Stores: (first: depot x,y; then: satellites x,y,maxCap)
670,660   130,470,1540   140,20,1540   430,140,1540   230,460,1540   170,330,1540   230,80,1540   130,40,1540   190,270,1540   240,400,1540   270,150,1540
!----------------------------------------------------------------
!Trucks: (total#, cap, cost/dist, fixcost)
5,514,1,150
!----------------------------------------------------------------
!CityFreighters: (max cf/sat, total#, cap, cost/dist, fixcost, maxCharge, energyConsumption)
17,17,150,1,80,490,1
!----------------------------------------------------------------
!Customers: (x, y, demand, readyTime, dueDate, serviceTime, penalizationCost)
90,50,12,1954,2194,161,5   30,170,16,1018,1380,214,2   170,140,17,1875,2349,228,3   120,210,19,1000,1520,255,5   140,40,20,489,1003,268,3   40,100,11,2036,2384,147,2   120,110,11,1541,1635,147,4   70,140,11,535,753,147,2   120,190,13,687,1041,174,1   20,110,19,1344,1930,255,5   150,200,12,2053,2351,161,1   80,130,18,1366,1710,241,1   90,150,14,563,959,188,4   40,120,16,1419,1803,214,5   50,210,19,1934,2452,255,5   190,30,20,1294,1822,268,4   140,100,15,133,531,201,3   120,40,18,212,588,241,5   110,110,14,1938,2378,188,2   20,120,19,748,1512,255,2   90,150,14,1951,2275,188,2   240,100,16,979,1427,214,4   130,210,19,1750,2280,255,5   160,160,16,1818,2234,214,5   160,10,13,1241,1647,174,3   140,100,18,1155,1755,241,5   60,170,15,902,1352,201,2   140,100,19,2003,2461,255,5   210,130,11,1041,1351,147,2   160,40,13,923,1401,174,2   20,380,18,1426,1950,241,2   110,470,16,837,1315,214,1   10,440,13,1301,1571,174,4   100,360,19,1028,1578,255,2   120,470,14,1614,2082,188,2   170,360,15,719,1039,201,3   30,400,14,1483,1963,188,4   120,380,17,270,790,228,4   200,330,15,641,1023,201,5   60,320,17,1345,1763,228,5   10,470,15,1516,1858,201,2   150,420,16,544,952,214,4   230,360,11,295,531,147,2   70,400,19,1458,2054,255,4   80,340,17,962,1498,228,5   130,380,16,849,1313,214,3   120,420,12,1009,1415,161,4   70,440,20,948,1460,268,4   130,300,15,883,1219,201,2   210,440,18,146,618,241,5   200,470,16,546,1062,214,1   180,300,13,434,768,174,3   240,400,18,570,798,241,1   50,370,17,1609,2195,228,4   100,360,16,139,461,214,1   160,360,17,1988,2426,228,5   120,370,15,413,837,201,4   100,490,16,1611,2093,214,4   230,490,12,327,657,161,1   110,380,13,1038,1484,174,4   360,110,15,743,1251,201,1   470,220,12,524,818,161,2   280,250,13,2007,2431,174,2   440,240,13,483,869,174,4   440,240,18,1013,1619,241,3   500,340,17,1209,1571,228,4   480,160,17,1830,2304,228,5   390,110,15,1143,1479,201,1   490,290,15,936,1290,201,3   430,290,16,1379,1813,214,3   460,400,20,971,1431,268,2   300,250,12,2133,2475,161,3   410,280,15,240,726,201,4   320,310,13,1661,1951,174,1   270,240,12,1309,1601,161,1   420,180,14,1719,2117,188,4   460,190,17,477,1093,228,4   260,240,16,474,840,214,4   320,230,14,952,1282,188,4   280,300,17,2107,2535,228,5   370,370,15,1376,1756,201,2   360,220,18,1720,2142,241,2   480,380,13,981,1215,174,3   310,220,13,840,1296,174,3   330,270,13,1446,1670,174,4   260,270,18,1185,1667,241,4   290,190,16,1579,1911,214,2   260,230,18,176,906,241,2   340,210,12,673,1077,161,2   470,120,13,285,625,174,1   430,170,15,849,1235,201,2   360,390,14,1050,1436,188,4   290,180,16,989,1529,214,3   390,120,16,1388,1776,214,2   460,140,18,969,1565,241,4   340,240,11,1860,2134,147,4   400,140,14,2002,2370,188,1   470,210,19,80,710,255,5   330,270,11,2107,2299,147,3   410,330,18,210,770,241,2
!----------------------------------------------------------------
!Recharge stations: x,y
670,660   130,470   140,20   430,140   230,460   170,330   230,80   130,40   190,270   240,400   270,150

g inverse recharge rate 0.47
