!----------------------------------------------------------------
!Stores: (first: depot x,y; then: satellites x,y,maxCap)
670,670   140,280,3077   290,350,3077   10,280,3077   120,300,3077   430,340,3077   140,260,3077   300,430,3077   70,320,3077   40,280,3077   60,340,3077
!----------------------------------------------------------------
!Trucks: (total#, cap, cost/dist, fixcost)
5,1026,1,150
!----------------------------------------------------------------
!CityFreighters: (max cf/sat, total#, cap, cost/dist, fixcost, maxCharge, energyConsumption)
63,63,70,1,80,390,1
!----------------------------------------------------------------
!Customers: (x, y, demand, readyTime, dueDate, serviceTime, penalizationCost)
70,110,11,1640,1938,141,5   180,140,11,190,494,141,3   240,150,13,454,754,167,5   50,50,20,865,1291,257,5   40,110,16,804,1316,206,2   20,180,12,1958,2270,154,5   110,80,11,361,645,141,1   120,30,19,1681,2179,244,5   210,190,12,1647,1875,154,5   140,90,18,1657,1987,231,4   250,170,12,996,1356,154,4   250,160,15,967,1433,193,5   110,190,19,1247,1855,244,1   120,40,15,1907,2211,193,2   210,160,15,512,928,193,5   120,20,18,77,611,231,2   230,170,19,109,551,244,3   200,180,12,390,662,154,1   180,200,19,1359,1921,244,1   200,70,11,1102,1378,141,1   80,60,18,1847,2275,231,5   50,80,16,1751,2229,206,2   90,180,13,508,778,167,1   200,20,20,1050,1644,257,5   120,30,13,1283,1645,167,5   220,170,15,16,396,193,3   120,80,16,1891,2243,206,4   30,160,18,1638,2018,231,4   120,60,16,1586,2024,206,4   240,10,14,389,859,180,5   160,180,11,448,752,141,2   40,120,14,786,1086,180,4   130,150,11,1524,1866,141,5   160,130,18,1793,2293,231,2   90,20,11,243,419,141,3   20,70,15,242,630,193,3   170,110,17,528,756,218,1   160,160,14,30,428,180,4   60,110,20,1097,1531,257,2   70,140,17,1312,1834,218,1   10,50,17,754,1272,218,5   170,120,18,629,1095,231,1   80,110,17,827,1247,218,4   120,40,11,2004,2284,141,4   190,30,13,492,922,167,4   70,60,18,616,1134,231,3   130,180,11,540,806,141,1   70,170,19,13,709,244,2   80,170,20,1964,2404,257,4   80,140,16,2011,2373,206,2   70,50,19,969,1313,244,2   210,20,15,205,579,193,3   210,140,13,1262,1550,167,4   70,100,16,380,850,206,2   250,180,16,632,1106,206,1   140,50,20,1562,1946,257,4   210,130,13,1572,1918,167,3   220,50,15,654,978,193,2   60,80,16,927,1309,206,3   190,20,20,706,1042,257,5   110,50,17,415,861,218,4   140,160,14,669,995,180,1   70,180,11,110,394,141,2   250,160,13,882,1198,167,2   150,90,14,1997,2395,180,4   140,380,15,1645,1935,193,4   120,410,11,1589,1887,141,5   200,470,16,1181,1783,206,2   140,430,11,508,782,141,3   130,460,15,2024,2350,193,1   60,380,15,144,518,193,5   40,350,14,1852,2270,180,2   60,350,13,1698,2052,167,2   200,300,14,395,681,180,3   140,340,11,2005,2277,141,2   180,450,20,370,948,257,3   220,450,13,346,656,167,4   90,310,14,8,310,180,5   60,480,19,294,912,244,3   80,420,16,2006,2394,206,3   230,340,12,1682,1996,154,5   80,500,16,851,1287,206,3   150,370,17,853,1455,218,2   130,300,14,1732,2066,180,2   200,310,20,605,1217,257,5   20,430,14,1414,1764,180,2   30,480,16,1628,2050,206,5   140,470,12,661,983,154,4   210,450,13,1884,2252,167,3   50,310,15,1587,1983,193,2   70,340,13,893,1271,167,2   200,460,14,607,969,180,5   150,400,14,884,1330,180,5   170,420,12,1473,1795,154,4   110,320,18,385,883,231,3   20,300,12,630,952,154,4   230,400,20,260,720,257,2   10,390,15,898,1260,193,4   10,470,19,930,1352,244,5   140,370,18,262,642,231,3   140,480,20,839,1329,257,4   30,470,19,130,694,244,1   140,480,19,227,647,244,1   30,500,15,938,1352,193,1   90,500,15,1097,1529,193,2   40,350,16,1278,1770,206,2   30,430,12,216,476,154,1   140,310,17,192,672,218,4   50,450,16,1302,1674,206,4   200,420,19,1215,1773,244,2   160,440,16,666,1056,206,3   40,440,13,614,978,167,5   110,310,18,60,500,231,5   140,400,19,627,1153,244,5   190,350,20,1952,2448,257,5   70,460,19,720,1506,244,1   30,440,12,1200,1516,154,1   50,300,19,1397,1805,244,3   10,500,14,1141,1403,180,1   20,330,18,57,543,231,3   190,430,15,51,451,193,5   60,340,12,1010,1322,154,5   80,470,17,1899,2253,218,1   70,440,15,1037,1421,193,1   120,360,13,1743,1951,167,5   120,490,13,134,502,167,5   50,450,16,1734,2010,206,2   70,460,18,985,1447,231,2   100,360,14,1215,1587,180,1   30,430,17,411,797,218,2   350,390,18,1505,1971,231,1   260,310,15,458,848,193,2   470,280,11,502,846,141,5   320,240,11,417,671,141,1   450,400,16,746,1138,206,1   420,160,13,554,898,167,2   500,360,11,1786,2082,141,4   340,220,19,1665,2095,244,3   480,130,16,1404,1742,206,3   320,160,19,214,582,244,5   370,290,15,233,587,193,4   490,240,11,778,1040,141,2   270,260,20,420,754,257,3   500,300,19,438,1014,244,5   490,110,13,1399,1873,167,4   340,180,19,445,929,244,5   320,180,17,1076,1490,218,2   260,280,19,1616,2032,244,3   330,160,13,949,1161,167,2   430,210,16,1752,2268,206,1   420,260,16,1641,2081,206,5   470,400,17,1298,1782,218,3   340,150,15,1510,1908,193,5   480,380,11,1959,2105,141,4   380,320,18,1726,2474,231,4   440,150,11,977,1271,141,4   310,250,16,1399,1811,206,4   440,290,18,125,587,231,2   490,170,17,1722,2230,218,3   480,390,13,1859,2191,167,2   340,290,13,1816,2130,167,3   330,230,18,27,507,231,2   340,270,17,1645,2147,218,4   360,210,12,369,741,154,3   290,300,13,1197,1485,167,4   330,270,12,1693,1975,154,1   280,230,19,1722,2148,244,4   450,380,12,597,843,154,4   290,320,15,1886,2282,193,1   400,360,16,387,779,206,5   350,160,15,1513,1889,193,4   440,300,12,2016,2322,154,2   270,220,15,1615,2115,193,4   470,330,11,1504,1778,141,3   300,150,20,242,734,257,5   360,290,17,1244,1586,218,5   280,130,19,733,1263,244,3   370,400,16,486,860,206,3   310,170,16,156,556,206,1   320,130,13,1035,1389,167,1   320,310,17,662,1168,218,5   320,350,18,140,526,231,5   330,230,18,1167,1567,231,1   300,270,14,321,625,180,5   490,200,14,748,1086,180,3   400,380,13,1214,1582,167,5   380,360,11,1439,1663,141,5   330,380,17,898,1186,218,3   350,180,18,1722,2126,231,3   430,390,18,342,728,231,1   440,290,18,319,809,231,2   480,360,13,359,655,167,2   440,350,20,118,604,257,2   420,290,16,107,599,206,5   300,320,12,275,559,154,5   360,170,14,1975,2201,180,2   410,240,12,303,565,154,3   280,280,13,1381,1805,167,1   270,210,18,619,1063,231,1   500,320,15,1718,2056,193,2
!----------------------------------------------------------------
!Recharge stations: x,y
670,670   140,280   290,350   10,280   120,300   430,340   140,260   300,430   70,320   40,280   60,340   300,200   520,340   230,340   490,230   400,400   160,380   50,100   110,80   420,20

g inverse recharge rate 0.56
