!----------------------------------------------------------------
!Stores: (first: depot x,y; then: satellites x,y,maxCap)
670,670   10,130,1583   460,40,1583   20,30,1583   130,190,1583   30,370,1583
!----------------------------------------------------------------
!Trucks: (total#, cap, cost/dist, fixcost)
5,528,1,150
!----------------------------------------------------------------
!CityFreighters: (max cf/sat, total#, cap, cost/dist, fixcost, maxCharge, energyConsumption)
15,15,150,1,80,490,1
!----------------------------------------------------------------
!Customers: (x, y, demand, readyTime, dueDate, serviceTime, penalizationCost)
310,60,18,851,1467,319,1   360,200,17,571,1267,301,5   90,190,14,1570,1890,248,2   470,420,11,1191,1575,195,2   280,200,15,2730,3324,266,5   380,430,16,1263,1613,284,1   410,40,11,2330,2662,195,3   360,300,12,2253,2695,213,2   40,100,14,2008,2494,248,5   430,160,19,1908,2698,337,4   330,450,17,1125,1659,301,3   390,300,16,1195,1873,284,2   60,400,20,1290,2004,354,2   500,200,13,2832,3326,230,2   480,140,11,2795,3341,195,5   340,340,17,1463,2073,301,5   490,30,17,809,1451,301,5   260,140,19,2468,3198,337,3   280,440,12,2783,3219,213,2   210,380,13,2261,2669,230,1   340,110,20,717,1441,354,1   410,320,14,228,694,248,1   440,460,13,2277,2795,230,1   270,480,16,213,725,284,4   20,360,13,1440,1822,230,2   340,320,16,1545,1919,284,3   500,270,18,1917,2557,319,3   360,260,14,721,1129,248,1   160,170,13,142,662,230,4   80,100,11,2064,2482,195,1   450,280,16,1186,1712,284,5   490,110,19,261,1061,337,4   280,100,20,1013,1671,354,3   90,100,16,1359,1875,284,2   390,500,19,1006,1578,337,4   330,310,14,1175,1853,248,5   200,80,16,1079,1629,284,4   390,480,18,1069,1633,319,3   290,30,11,2711,3037,195,3   430,320,19,2212,2928,337,5   340,90,12,1302,1658,213,3   420,400,16,503,1145,284,3   250,490,20,204,706,354,5   270,40,12,1777,2271,213,4   290,370,12,1226,1532,213,2   280,320,13,982,1522,230,3   420,80,12,1075,1507,213,4   180,220,18,619,1525,319,3   200,330,20,1174,1946,354,1   280,480,20,1916,2586,354,5   350,190,15,1180,1974,266,1   490,360,12,2019,2603,213,1   490,350,16,557,1243,284,1   250,250,15,2552,2998,266,1   60,50,12,1121,1495,213,5   60,240,18,207,825,319,4   380,280,15,1959,2605,266,3   240,270,13,1694,1982,230,4   490,480,17,2577,3025,301,5   70,440,15,1299,1749,266,1   180,440,20,1370,2182,354,1   450,460,14,2055,2695,248,2   230,150,15,636,1216,266,5   170,470,17,2734,3046,301,5   470,180,13,2213,2539,230,4   50,180,12,2917,3391,213,1   50,470,17,1478,2100,301,4   410,470,19,1774,2138,337,4   50,20,16,1747,2077,284,2   240,490,20,2499,3183,354,2   320,460,11,624,888,195,3   480,430,13,532,1074,230,3   200,350,17,1758,2440,301,1   200,380,19,2146,2908,337,1   90,290,15,119,611,266,3   290,20,18,2377,2869,319,3   260,200,12,1413,1995,213,4   260,110,16,1913,2485,284,4   160,260,16,785,1461,284,4   340,430,16,1039,1403,284,3   10,20,13,961,1477,230,2   480,140,19,1125,2255,337,1   340,440,20,2311,2959,354,5   410,320,20,2440,3078,354,2   410,130,18,2270,2872,319,2   460,70,20,126,674,354,5   70,340,14,2651,3217,248,1   80,340,20,598,1372,354,5   90,110,18,1448,2220,319,4   30,150,13,750,1096,230,5   350,90,20,1202,1746,354,3   10,110,15,544,814,266,5   170,340,15,725,1143,266,5   200,420,15,1608,1916,266,5   460,300,14,954,1268,248,1   90,430,17,2114,2756,301,2   450,80,20,370,1298,354,1   450,310,18,283,1117,319,2   500,370,19,707,1487,337,5   380,390,18,2328,2914,319,3
!----------------------------------------------------------------
!Recharge stations: x,y
670,670   10,130   460,40   20,30   130,190   30,370   350,240   120,390   510,290   330,120

g inverse recharge rate 0.64
