!----------------------------------------------------------------
!Stores: (first: depot x,y; then: satellites x,y,maxCap)
2600,3750   2610,3840,29370   3040,3820,29370
!----------------------------------------------------------------
!Trucks: (total#, cap, cost/dist, fixcost)
1,14450,1,128   1,20000,1,150   1,26450,1,172
!----------------------------------------------------------------
!CityFreighters: (max cf/sat, total#, cap, cost/dist, fixcost, maxCharge, energyConsumption)
1,1,5780,1,68,607,1   2,2,8000,1,80,840,1   1,1,10580,1,92,1111,1
!----------------------------------------------------------------
!Customers: (x, y, demand, readyTime, dueDate, serviceTime, penalizationCost)
2980,4270,700,2092,2640,336,5   3090,4450,400,2354,2760,192,4   3070,4640,400,1657,1913,192,1   3360,4750,1200,3351,4645,577,5   3200,4390,40,1484,1524,19,1   3210,4370,80,2745,2827,38,4   3220,4370,2000,3202,4868,961,2   3230,4330,900,1701,2615,432,3   3240,4330,600,3995,4681,288,2   3230,4290,750,3760,4546,360,2   3140,4350,1500,3236,4932,721,2   3110,4420,150,4444,4596,72,2   3040,4270,250,4616,4934,120,3   2930,4210,1600,3320,4204,769,2   2960,4180,450,3655,4099,216,5   2610,3840,700,2632,3278,336,2   2970,4100,550,4607,5079,264,5   3150,4070,650,3186,3846,312,4   3140,4060,200,1638,1808,96,2   3210,3910,400,1866,2294,192,4   3210,3980,300,831,1187,144,5   3140,3940,1300,623,1665,625,5   3130,3780,700,1057,1653,336,2   3040,3820,750,1742,2458,360,1   2950,4020,1400,3387,4347,673,5   2830,4060,4000,0,2708,1922,5   2790,3990,600,4235,4917,288,1   2710,4010,1000,3567,4305,480,3   2640,4140,500,774,1154,240,1   2770,4390,2500,0,3121,1201,3   2900,4340,1700,322,2522,817,4   3190,4330,1100,2392,3660,529,2
!----------------------------------------------------------------
!Recharge stations: x,y
2600,3750   2610,3840   3040,3820   2760,4580   3300,4320   3120,4580

g inverse recharge rate 0.58
