!----------------------------------------------------------------
!Stores: (first: depot x,y; then: satellites x,y,maxCap)
1250,1750   1470,1930,22500   1290,1890,22500
!----------------------------------------------------------------
!Trucks: (total#, cap, cost/dist, fixcost)
1,10837,1,128   1,15000,1,150   1,19837,1,172
!----------------------------------------------------------------
!CityFreighters: (max cf/sat, total#, cap, cost/dist, fixcost, maxCharge, energyConsumption)
1,1,4335,1,68,816,1   2,2,6000,1,80,1130,1   1,1,7935,1,92,1494,1
!----------------------------------------------------------------
!Customers: (x, y, demand, readyTime, dueDate, serviceTime, penalizationCost)
1510,2640,1100,723,1429,352,2   1590,2610,700,1588,1974,224,2   1300,2540,800,1321,1791,256,3   1280,2520,1400,1324,2126,448,1   1630,2470,2100,1951,3493,671,4   1460,2460,400,3677,3881,128,2   1610,2420,800,2412,2932,256,5   1420,2390,100,1641,1723,32,2   1630,2360,500,2331,2621,160,5   1480,2320,600,3263,3537,192,2   1280,2310,1200,318,1070,384,4   1560,2170,1300,0,781,416,3   1290,2140,1300,1377,2067,416,2   1460,2080,300,882,990,96,4   1640,2080,900,1825,2431,288,4   1410,2060,2100,1969,3075,671,2   1470,1930,1000,1859,2619,320,5   1640,1930,900,697,1205,288,3   1290,1890,2500,1969,2971,799,2   1550,1850,1800,1125,2595,576,3   1390,1820,700,3200,3318,224,3
!----------------------------------------------------------------
!Recharge stations: x,y
1250,1750   1470,1930   1290,1890   1570,2080

g inverse recharge rate 0.33
