!----------------------------------------------------------------
!Stores: (first: depot x,y; then: satellites x,y,maxCap)
2600,3750   2610,3840,29370   3140,3940,29370
!----------------------------------------------------------------
!Trucks: (total#, cap, cost/dist, fixcost)
1,14450,1,128   1,20000,1,150   1,26450,1,172
!----------------------------------------------------------------
!CityFreighters: (max cf/sat, total#, cap, cost/dist, fixcost, maxCharge, energyConsumption)
1,1,5780,1,68,585,1   2,2,8000,1,80,810,1   1,1,10580,1,92,1071,1
!----------------------------------------------------------------
!Customers: (x, y, demand, readyTime, dueDate, serviceTime, penalizationCost)
2980,4270,700,1709,2427,312,2   3090,4450,400,4090,4510,178,4   3070,4640,400,2573,2893,178,1   3360,4750,1200,2875,3981,535,5   3200,4390,40,3076,3114,18,5   3210,4370,80,1807,1865,36,4   3220,4370,2000,2038,3354,892,1   3230,4330,900,2692,3376,401,2   3240,4330,600,3043,3711,267,3   3230,4290,750,1869,2439,334,1   3140,4350,1500,784,1840,669,1   3110,4420,150,3111,3187,67,3   3040,4270,250,976,1222,111,3   2930,4210,1600,511,2483,713,1   2960,4180,450,1647,2029,201,4   2610,3840,700,3005,3455,312,3   2970,4100,550,4034,4712,245,1   3150,4070,650,4434,5176,290,2   3140,4060,200,4430,4628,89,5   3210,3910,400,3937,4329,178,4   3210,3980,300,3972,4138,134,3   3140,3940,1300,3035,4291,580,3   3130,3780,700,3080,3736,312,4   3040,3820,750,1895,2435,334,3   2950,4020,1400,3060,4506,624,4   2830,4060,4000,0,3166,1783,2   2790,3990,600,907,1199,267,2   2710,4010,1000,444,996,446,1   2640,4140,500,4271,4697,223,3   2770,4390,2500,420,2190,1115,5   2900,4340,1700,2420,3724,758,1   3190,4330,1100,3560,4844,490,5
!----------------------------------------------------------------
!Recharge stations: x,y
2600,3750   2610,3840   3140,3940   3060,4360   3370,4380   2720,4300

g inverse recharge rate 0.56
