!----------------------------------------------------------------
!Stores: (first: depot x,y; then: satellites x,y,maxCap)
2600,3750   3140,4060,29370   2830,4060,29370
!----------------------------------------------------------------
!Trucks: (total#, cap, cost/dist, fixcost)
1,14450,1,128   1,20000,1,150   1,26450,1,172
!----------------------------------------------------------------
!CityFreighters: (max cf/sat, total#, cap, cost/dist, fixcost, maxCharge, energyConsumption)
1,1,5780,1,68,571,1   2,2,8000,1,80,790,1   1,1,10580,1,92,1045,1
!----------------------------------------------------------------
!Customers: (x, y, demand, readyTime, dueDate, serviceTime, penalizationCost)
2980,4270,700,242,628,214,1   3090,4450,400,893,1177,123,2   3070,4640,400,1369,1625,123,2   3360,4750,1200,2040,3030,368,1   3200,4390,40,2589,2607,12,4   3210,4370,80,2881,2947,25,2   3220,4370,2000,2073,2949,613,1   3230,4330,900,2490,3048,276,3   3240,4330,600,2276,2584,184,5   3230,4290,750,2136,2512,230,3   3140,4350,1500,1432,2092,459,5   3110,4420,150,2097,2191,46,5   3040,4270,250,1264,1414,77,2   2930,4210,1600,1471,2469,490,4   2960,4180,450,2785,3109,138,2   2610,3840,700,2780,3246,214,4   2970,4100,550,2936,3318,168,2   3150,4070,650,2978,3276,199,4   3140,4060,200,2085,2175,61,5   3210,3910,400,206,500,123,4   3210,3980,300,2548,2688,92,4   3140,3940,1300,2349,3217,398,4   3130,3780,700,1447,1995,214,3   3040,3820,750,1900,2434,230,5   2950,4020,1400,1796,2794,429,1   2830,4060,4000,771,2551,1225,3   2790,3990,600,162,476,184,2   2710,4010,1000,2703,3305,306,5   2640,4140,500,2715,3031,153,2   2770,4390,2500,902,2602,766,2   2900,4340,1700,2369,2919,521,5   3190,4330,1100,179,859,337,1
!----------------------------------------------------------------
!Recharge stations: x,y
2600,3750   3140,4060   2830,4060   2850,4540   3130,4740   2970,4340

g inverse recharge rate 0.39
