!----------------------------------------------------------------
!Stores: (first: depot x,y; then: satellites x,y,maxCap)
2600,3750   3040,3820,29370   2710,4010,29370
!----------------------------------------------------------------
!Trucks: (total#, cap, cost/dist, fixcost)
1,14450,1,128   1,20000,1,150   1,26450,1,172
!----------------------------------------------------------------
!CityFreighters: (max cf/sat, total#, cap, cost/dist, fixcost, maxCharge, energyConsumption)
1,1,5780,1,68,715,1   2,2,8000,1,80,990,1   1,1,10580,1,92,1309,1
!----------------------------------------------------------------
!Customers: (x, y, demand, readyTime, dueDate, serviceTime, penalizationCost)
2980,4270,700,1421,2167,287,2   3090,4450,400,3173,3511,164,1   3070,4640,400,1548,1848,164,2   3360,4750,1200,1037,2193,491,2   3200,4390,40,1896,1942,16,4   3210,4370,80,4189,4265,33,3   3220,4370,2000,498,2036,819,1   3230,4330,900,1980,2786,368,5   3240,4330,600,748,1142,246,3   3230,4290,750,3297,3969,307,5   3140,4350,1500,3146,4436,614,3   3110,4420,150,3779,3919,61,1   3040,4270,250,3952,4180,102,2   2930,4210,1600,0,1214,655,2   2960,4180,450,4233,4523,184,2   2610,3840,700,2240,2912,287,3   2970,4100,550,2513,3059,225,2   3150,4070,650,1652,2114,266,1   3140,4060,200,494,706,82,1   3210,3910,400,1756,2084,164,2   3210,3980,300,1143,1381,123,2   3140,3940,1300,3569,4657,532,5   3130,3780,700,1992,2502,287,2   3040,3820,750,904,1622,307,4   2950,4020,1400,0,1196,573,1   2830,4060,4000,932,3868,1638,3   2790,3990,600,475,983,246,3   2710,4010,1000,3423,4195,409,2   2640,4140,500,2922,3328,205,4   2770,4390,2500,1011,3333,1024,5   2900,4340,1700,0,1344,696,1   3190,4330,1100,2249,3015,450,4
!----------------------------------------------------------------
!Recharge stations: x,y
2600,3750   3040,3820   2710,4010   3210,4160   2960,4460   3020,4020

g inverse recharge rate 0.42
