!----------------------------------------------------------------
!Stores: (first: depot x,y; then: satellites x,y,maxCap)
1250,1750   1290,2140,22500   1410,2060,22500
!----------------------------------------------------------------
!Trucks: (total#, cap, cost/dist, fixcost)
1,10837,1,128   1,15000,1,150   1,19837,1,172
!----------------------------------------------------------------
!CityFreighters: (max cf/sat, total#, cap, cost/dist, fixcost, maxCharge, energyConsumption)
1,1,4335,1,68,441,1   2,2,6000,1,80,610,1   1,1,7935,1,92,807,1
!----------------------------------------------------------------
!Customers: (x, y, demand, readyTime, dueDate, serviceTime, penalizationCost)
1510,2640,1100,1206,1848,278,2   1590,2610,700,2477,2849,177,3   1300,2540,800,2253,2781,202,5   1280,2520,1400,564,1354,354,4   1630,2470,2100,70,1544,531,4   1460,2460,400,892,1156,101,2   1610,2420,800,1697,1951,202,5   1420,2390,100,2349,2401,25,5   1630,2360,500,1294,1542,126,3   1480,2320,600,1818,2106,152,4   1280,2310,1200,914,1472,303,5   1560,2170,1300,1364,2220,329,4   1290,2140,1300,2156,2670,329,2   1460,2080,300,2979,3129,76,1   1640,2080,900,311,791,227,5   1410,2060,2100,966,1990,531,4   1470,1930,1000,2259,2709,253,5   1640,1930,900,201,607,227,4   1290,1890,2500,513,1541,632,2   1550,1850,1800,354,1250,455,1   1390,1820,700,620,876,177,5
!----------------------------------------------------------------
!Recharge stations: x,y
1250,1750   1290,2140   1410,2060   1460,2340

g inverse recharge rate 0.49
