!----------------------------------------------------------------
!Stores: (first: depot x,y; then: satellites x,y,maxCap)
2600,3750   2950,4020,29370   2710,4010,29370
!----------------------------------------------------------------
!Trucks: (total#, cap, cost/dist, fixcost)
1,14450,1,128   1,20000,1,150   1,26450,1,172
!----------------------------------------------------------------
!CityFreighters: (max cf/sat, total#, cap, cost/dist, fixcost, maxCharge, energyConsumption)
1,1,5780,1,68,845,1   2,2,8000,1,80,1170,1   1,1,10580,1,92,1547,1
!----------------------------------------------------------------
!Customers: (x, y, demand, readyTime, dueDate, serviceTime, penalizationCost)
2980,4270,700,1879,2301,249,5   3090,4450,400,2429,2731,142,3   3070,4640,400,2606,2872,142,3   3360,4750,1200,1790,2352,427,5   3200,4390,40,2355,2383,14,3   3210,4370,80,1452,1498,28,1   3220,4370,2000,1097,2537,711,3   3230,4330,900,1541,2173,320,2   3240,4330,600,1715,2191,213,2   3230,4290,750,2223,2821,267,4   3140,4350,1500,1132,2102,533,3   3110,4420,150,857,965,53,4   3040,4270,250,1727,2011,89,2   2930,4210,1600,1448,2542,569,3   2960,4180,450,1520,1760,160,4   2610,3840,700,2403,2879,249,2   2970,4100,550,3112,3482,196,5   3150,4070,650,934,1504,231,1   3140,4060,200,3703,3851,71,5   3210,3910,400,2891,3173,142,5   3210,3980,300,324,468,107,2   3140,3940,1300,2940,3896,462,4   3130,3780,700,1999,2365,249,2   3040,3820,750,951,1417,267,3   2950,4020,1400,2739,3943,498,3   2830,4060,4000,0,1586,1422,5   2790,3990,600,1251,1665,213,2   2710,4010,1000,2450,3152,356,1   2640,4140,500,880,1258,178,3   2770,4390,2500,1953,3601,889,3   2900,4340,1700,1263,2667,605,1   3190,4330,1100,2588,3344,391,2
!----------------------------------------------------------------
!Recharge stations: x,y
2600,3750   2950,4020   2710,4010   2930,4300   2680,4220   3230,4180

g inverse recharge rate 0.31
