!----------------------------------------------------------------
!Stores: (first: depot x,y; then: satellites x,y,maxCap)
1250,1750   1290,2140,22500   1460,2080,22500
!----------------------------------------------------------------
!Trucks: (total#, cap, cost/dist, fixcost)
1,10837,1,128   1,15000,1,150   1,19837,1,172
!----------------------------------------------------------------
!CityFreighters: (max cf/sat, total#, cap, cost/dist, fixcost, maxCharge, energyConsumption)
1,1,4335,1,68,477,1   2,2,6000,1,80,660,1   1,1,7935,1,92,873,1
!----------------------------------------------------------------
!Customers: (x, y, demand, readyTime, dueDate, serviceTime, penalizationCost)
1510,2640,1100,1474,2066,272,2   1590,2610,700,551,921,173,5   1300,2540,800,2137,2535,198,1   1280,2520,1400,2165,2623,347,5   1630,2470,2100,811,1911,520,4   1460,2460,400,2720,2888,99,5   1610,2420,800,1360,1678,198,5   1420,2390,100,955,991,25,1   1630,2360,500,2691,2985,124,5   1480,2320,600,1532,1804,149,1   1280,2310,1200,1095,1857,297,4   1560,2170,1300,511,1521,322,2   1290,2140,1300,1489,2179,322,3   1460,2080,300,687,853,74,1   1640,2080,900,2250,2792,223,4   1410,2060,2100,1671,2619,520,4   1470,1930,1000,1705,2251,248,5   1640,1930,900,449,947,223,2   1290,1890,2500,0,1608,619,4   1550,1850,1800,1973,2831,446,3   1390,1820,700,2778,3154,173,1
!----------------------------------------------------------------
!Recharge stations: x,y
1250,1750   1290,2140   1460,2080   1440,2630

g inverse recharge rate 0.44
