!----------------------------------------------------------------
!Stores: (first: depot x,y; then: satellites x,y,maxCap)
1250,1750   1290,2140,22500   1470,1930,22500
!----------------------------------------------------------------
!Trucks: (total#, cap, cost/dist, fixcost)
1,10837,1,128   1,15000,1,150   1,19837,1,172
!----------------------------------------------------------------
!CityFreighters: (max cf/sat, total#, cap, cost/dist, fixcost, maxCharge, energyConsumption)
1,1,4335,1,68,448,1   2,2,6000,1,80,620,1   1,1,7935,1,92,820,1
!----------------------------------------------------------------
!Customers: (x, y, demand, readyTime, dueDate, serviceTime, penalizationCost)
1510,2640,1100,294,1010,304,4   1590,2610,700,2365,2789,194,3   1300,2540,800,1706,2168,221,2   1280,2520,1400,1081,1697,387,5   1630,2470,2100,1884,3370,581,2   1460,2460,400,723,883,111,5   1610,2420,800,2669,3187,221,3   1420,2390,100,3071,3123,28,1   1630,2360,500,1150,1464,138,3   1480,2320,600,852,1182,166,5   1280,2310,1200,1709,2229,332,4   1560,2170,1300,2167,2851,360,5   1290,2140,1300,0,776,360,2   1460,2080,300,3287,3483,83,2   1640,2080,900,2072,2738,249,1   1410,2060,2100,218,1452,581,5   1470,1930,1000,2110,2642,277,5   1640,1930,900,692,1214,249,3   1290,1890,2500,519,2059,692,3   1550,1850,1800,1411,2499,498,4   1390,1820,700,1600,1894,194,1
!----------------------------------------------------------------
!Recharge stations: x,y
1250,1750   1290,2140   1470,1930   1480,2630

g inverse recharge rate 0.53
