!----------------------------------------------------------------
!Stores: (first: depot x,y; then: satellites x,y,maxCap)
300,0   1258,707,1000   742,378,1000   174,458,1000   1537,247,1000
!----------------------------------------------------------------
!Trucks: (total#, cap, cost/dist, fixcost)
6,250,1,150
!----------------------------------------------------------------
!CityFreighters: (max cf/sat, total#, cap, cost/dist, fixcost, maxCharge, energyConsumption)
10,10,125,1,80,900,1
!----------------------------------------------------------------
!Customers: (x, y, demand, readyTime, dueDate, serviceTime, penalizationCost)
1078,257,15,1812,2836,480,1   918,628,27,4259,6221,865,1   381,345,29,316,2188,929,1   816,329,22,3724,5724,705,4   799,696,8,5261,5729,256,4   423,464,10,3283,3705,320,5   1346,338,25,1097,2141,801,3   844,755,4,2304,2556,128,1   1010,342,6,4750,5130,192,1   825,749,29,2165,3721,929,1   873,553,22,3308,4444,705,2   1364,513,29,1685,3313,929,5   582,247,10,2645,3389,320,4   202,518,18,1157,2031,576,4   919,267,22,2739,4197,705,1   1686,510,4,1880,2114,128,3   1105,394,23,2950,3864,737,3   569,729,20,3361,4601,641,2   660,568,20,4471,5461,641,3   1089,463,7,3335,3651,224,4   489,348,24,1719,3271,769,2   644,327,9,4951,5693,288,4   517,331,4,3468,3730,128,5   420,358,16,5059,5931,512,4   1669,384,22,872,2064,705,1   394,671,10,4232,4764,320,4   1266,371,26,2341,4245,833,2   1260,399,28,1632,3342,897,4   1148,529,24,3091,4639,769,5   1161,311,13,3395,4167,416,4   1216,736,4,5025,5281,128,1   1065,715,5,815,1201,160,3   1540,609,23,203,1627,737,2   543,522,6,4632,5098,192,5   567,444,13,3186,3936,416,4   904,516,22,1129,2189,705,4   1716,406,6,4329,4719,192,1   460,677,18,512,1920,576,5   1277,456,22,4420,5904,705,2   921,466,12,3399,4209,384,2   1801,385,27,4424,6228,865,1   197,438,21,422,1530,673,3   1520,513,12,3294,4168,384,3   866,783,25,588,1822,801,5   939,892,22,4644,5802,705,1   1033,424,29,713,2729,929,2   535,761,10,2261,2959,320,3   1986,442,10,3725,4423,320,3   664,627,3,2052,2246,96,3   1583,153,25,742,2622,801,4
!----------------------------------------------------------------
!Recharge stations: x,y
300,0   1258,707   742,378   174,458   1537,247   934,581   1805,572   524,736   1767,528   1779,612   1046,238   1769,517   1339,698   824,700   762,402   1424,448   996,706   1842,529   555,586   1101,584   787,361   1107,409   1572,359   889,355   1722,382

g inverse recharge rate 0.67
