!----------------------------------------------------------------
!Stores: (first: depot x,y; then: satellites x,y,maxCap)
300,0   1314,650,1000   548,85,1000   70,356,1000   844,731,1000
!----------------------------------------------------------------
!Trucks: (total#, cap, cost/dist, fixcost)
6,250,1,150
!----------------------------------------------------------------
!CityFreighters: (max cf/sat, total#, cap, cost/dist, fixcost, maxCharge, energyConsumption)
10,10,125,1,80,1600,1
!----------------------------------------------------------------
!Customers: (x, y, demand, readyTime, dueDate, serviceTime, penalizationCost)
1140,489,22,2256,4546,844,2   1210,344,10,1503,2137,384,2   283,552,7,2342,2844,269,4   1743,579,11,2187,2965,422,5   660,253,15,5024,5872,575,2   808,679,4,2221,2495,153,2   288,610,3,4496,4732,115,1   1320,570,10,5681,6577,384,1   984,331,29,2968,5102,1112,4   1198,680,17,2884,4500,652,2   1390,344,18,5668,7220,691,3   1427,604,7,4213,4865,269,2   1264,777,19,2617,3827,729,5   1192,450,16,1401,2565,614,5   1350,439,21,5297,6699,806,1   890,676,22,220,2190,844,1   1265,750,17,1737,3099,652,5   1488,311,23,3975,5929,882,3   1676,533,17,3915,5429,652,4   232,547,26,1895,4349,997,3   1548,424,16,4589,5783,614,2   1087,469,19,2212,3662,729,2   577,324,11,1477,2395,422,1   200,500,25,4209,6137,959,4   1621,484,11,3345,3981,422,5   1585,514,27,4314,5516,1036,2   457,347,10,1363,1865,384,5   1507,592,12,576,1458,460,1   316,368,13,981,1855,499,5   512,602,9,1748,2546,345,1   1445,645,28,675,2539,1074,3   805,561,5,5649,5999,192,3   342,511,23,4844,6808,882,3   1639,556,18,1414,2420,691,4   825,343,7,2948,3452,269,1   1751,499,18,5491,6895,691,2   1684,637,18,5244,6764,691,5   1472,666,8,839,1397,307,3   1094,424,11,5634,6316,422,3   1701,426,18,3873,5583,691,5   1345,660,19,2803,4363,729,4   878,16,28,4262,6280,1074,2   216,792,7,6682,7186,269,5   961,798,21,2308,4712,806,1   1184,801,12,1373,2397,460,1   1274,186,22,1993,3611,844,1   928,905,19,2300,4038,729,3   1061,989,25,1088,3222,959,3   474,471,11,4377,5189,422,5   248,292,11,1270,2194,422,5
!----------------------------------------------------------------
!Recharge stations: x,y
300,0   1314,650   548,85   70,356   844,731   273,357   372,710   1529,261   1270,389   655,302   1674,380   1396,767   244,452   1523,709   426,287   921,702   861,575   1356,580   529,269   122,368   690,624   750,182   364,612   1301,231   417,330

g inverse recharge rate 0.42
