!----------------------------------------------------------------
!Stores: (first: depot x,y; then: satellites x,y,maxCap)
300,0   54,456,1000   164,276,1000   1745,570,1000   1076,323,1000
!----------------------------------------------------------------
!Trucks: (total#, cap, cost/dist, fixcost)
6,250,1,150
!----------------------------------------------------------------
!CityFreighters: (max cf/sat, total#, cap, cost/dist, fixcost, maxCharge, energyConsumption)
10,10,125,1,80,1400,1
!----------------------------------------------------------------
!Customers: (x, y, demand, readyTime, dueDate, serviceTime, penalizationCost)
1267,379,15,3634,4694,656,3   588,332,25,5327,7169,1093,5   359,385,20,4915,6693,875,2   1711,446,21,2965,5545,918,2   1748,553,14,2838,4362,612,3   501,610,4,1958,2258,175,2   743,356,4,508,820,175,2   1253,700,20,5539,7503,875,2   212,516,11,4630,5392,481,2   817,431,25,5587,7687,1093,5   473,323,12,7006,8222,525,1   884,530,20,3466,5652,875,1   319,527,29,4430,5538,1268,4   1013,202,12,1153,2363,525,2   666,690,7,1899,2463,306,4   1380,521,10,5226,6244,437,5   1542,585,17,5787,7675,743,1   218,469,18,4250,5394,787,4   1642,509,17,4488,6058,743,5   1370,431,25,3760,5646,1093,4   1398,390,15,6655,7921,656,4   1556,315,11,987,1733,481,1   294,594,4,1826,2220,175,5   350,659,5,7275,7783,219,3   446,593,14,630,1846,612,4   1467,397,23,3062,4882,1006,3   205,524,8,2527,3435,350,3   790,276,27,4038,6654,1181,2   364,353,18,10,1562,787,5   1157,436,21,4834,6876,918,4   254,501,28,923,3061,1224,3   1672,607,20,3431,5607,875,2   1391,587,26,3792,5742,1137,2   1096,593,4,1634,1904,175,2   1335,471,6,7332,7828,262,3   1178,614,23,2082,3992,1006,3   662,563,13,6021,7225,568,4   956,365,21,3263,5707,918,4   1175,619,22,1119,2929,962,5   1492,323,24,3323,5921,1049,1   1622,680,5,4917,5311,219,2   254,287,26,746,2838,1137,3   1860,336,17,4123,5229,743,3   1588,369,10,5799,6509,437,4   1199,247,5,2078,2600,219,4   885,670,11,1499,2745,481,5   108,629,6,3217,3885,262,5   1456,199,9,6486,7406,394,5   599,646,12,3018,3766,525,4   384,157,5,2511,2757,219,5
!----------------------------------------------------------------
!Recharge stations: x,y
300,0   54,456   164,276   1745,570   1076,323   895,312   1052,600   1666,701   1481,567   588,510   226,568   243,479   1265,205   1665,402   160,494   955,546   269,603   1421,693   639,189   1800,542   949,499   336,352   768,838   1590,129   266,356

g inverse recharge rate 0.53
