!----------------------------------------------------------------
!Stores: (first: depot x,y; then: satellites x,y,maxCap)
300,0   202,728,1000   890,151,1000   513,786,1000   1784,582,1000
!----------------------------------------------------------------
!Trucks: (total#, cap, cost/dist, fixcost)
6,250,1,150
!----------------------------------------------------------------
!CityFreighters: (max cf/sat, total#, cap, cost/dist, fixcost, maxCharge, energyConsumption)
10,10,125,1,80,900,1
!----------------------------------------------------------------
!Customers: (x, y, demand, readyTime, dueDate, serviceTime, penalizationCost)
1750,415,9,5377,6077,325,5   841,486,16,6095,7373,577,4   899,411,18,5345,7443,650,1   388,556,12,5003,6273,433,3   393,583,29,4604,6346,1046,4   839,230,24,1281,3195,866,3   643,498,20,3030,4834,722,3   337,493,29,4289,5913,1046,4   999,763,12,2270,3156,433,5   1500,311,15,1158,2306,541,1   963,247,4,3171,3475,144,3   798,280,29,2644,4268,1046,1   577,520,6,6668,7058,217,5   1797,503,9,957,1469,325,1   677,431,16,4028,4904,577,1   824,704,7,901,1259,253,3   459,457,24,2497,4929,866,5   1114,683,29,273,2541,1046,1   619,594,18,4326,5528,650,5   1160,259,7,5779,6223,253,4   1047,255,26,5241,7307,938,2   343,365,6,2357,2615,217,2   441,433,9,3112,3682,325,3   473,433,12,1479,2047,433,1   407,687,26,0,2606,938,2   790,432,16,3932,5264,577,5   1297,414,19,832,1896,686,2   405,375,3,2211,2359,108,2   1439,389,25,3125,4719,902,2   594,417,9,2966,3682,325,5   341,609,23,333,2321,830,3   775,660,11,4883,5693,397,4   352,634,22,5030,6968,794,5   357,638,10,1774,2358,361,4   1159,427,3,4521,4717,108,4   281,607,27,4463,6647,974,1   1068,421,25,5261,7081,902,3   905,634,14,4662,5760,505,4   1419,319,20,4421,6487,722,2   1686,485,28,1993,3405,1010,1   944,857,27,3512,5340,974,3   1666,342,10,3740,4330,361,4   1434,829,9,1299,2091,325,2   1057,640,13,4852,5654,469,3   364,687,25,5018,7412,902,5   409,496,20,3887,5375,722,1   1720,468,29,1473,3157,1046,5   1379,702,24,5557,6957,866,5   1772,212,16,5719,7067,577,5   1585,896,7,2256,2694,253,1
!----------------------------------------------------------------
!Recharge stations: x,y
300,0   202,728   890,151   513,786   1784,582   448,468   986,218   351,644   341,622   717,273   826,244   365,552   746,715   636,773   1015,235   1683,331   143,585   1643,462   660,516   260,418   461,471   450,654   1756,444   260,623   1744,579

g inverse recharge rate 0.75
