!----------------------------------------------------------------
!Stores: (first: depot x,y; then: satellites x,y,maxCap)
300,0   1913,443,1000   1219,926,1000   608,792,1000   1816,280,1000
!----------------------------------------------------------------
!Trucks: (total#, cap, cost/dist, fixcost)
6,250,1,150
!----------------------------------------------------------------
!CityFreighters: (max cf/sat, total#, cap, cost/dist, fixcost, maxCharge, energyConsumption)
10,10,125,1,80,1600,1
!----------------------------------------------------------------
!Customers: (x, y, demand, readyTime, dueDate, serviceTime, penalizationCost)
623,450,10,1470,2366,415,4   281,390,29,614,2482,1203,1   884,287,9,653,1225,373,1   1629,573,29,320,2590,1203,5   974,731,8,3506,4138,332,4   529,469,12,3480,4124,498,4   1551,495,8,1846,2484,332,5   1351,754,3,3214,3412,124,2   602,631,10,4420,5188,415,5   898,367,3,3677,3885,124,5   1699,559,21,1452,3124,871,1   378,609,17,3115,4817,705,5   370,498,3,4987,5185,124,1   469,445,17,3746,5088,705,1   1184,511,12,6200,7076,498,5   495,516,8,6712,7114,332,5   1495,720,6,4469,5081,249,5   530,438,28,1295,3659,1161,1   981,779,7,6207,6801,290,2   510,736,25,416,2246,1037,4   361,612,10,3539,4717,415,1   1250,678,25,1957,3679,1037,4   756,555,10,5172,5944,415,4   800,283,3,7600,7842,124,2   490,577,16,6049,7609,664,1   461,372,20,3298,4522,830,4   654,765,15,6264,7152,622,1   1709,537,25,1944,4510,1037,2   440,471,27,5224,7146,1120,2   571,333,21,738,3006,871,3   1234,454,25,1499,3991,1037,2   1631,401,20,2031,3539,830,4   598,321,13,6447,7519,539,4   1653,656,20,1899,3243,830,1   913,741,8,420,1102,332,3   1356,482,28,1732,4246,1161,2   1699,452,29,1024,3776,1203,4   484,331,9,1863,2361,373,5   1148,231,7,5129,5697,290,4   1454,444,24,1743,3109,996,3   1784,634,11,6122,6926,456,4   1304,192,12,6332,7034,498,4   1100,315,12,5295,6199,498,1   1382,546,17,5425,6699,705,5   1638,743,29,2075,4605,1203,5   633,80,29,2142,4756,1203,1   1600,703,24,1932,4156,996,1   1675,196,3,7446,7806,124,1   1892,642,20,657,2785,830,3   1161,242,23,3099,5815,954,4
!----------------------------------------------------------------
!Recharge stations: x,y
300,0   1913,443   1219,926   608,792   1816,280   1120,355   857,292   1951,593   934,802   1543,499   446,556   1631,279   618,418   876,562   1684,653   179,492   1561,414   220,579   881,173   364,870   1589,151   1300,690   1699,338   1107,831   125,616

g inverse recharge rate 0.46
