!----------------------------------------------------------------
!Stores: (first: depot x,y; then: satellites x,y,maxCap)
300,0   14,516,1000   900,857,1000   226,729,1000   1523,387,1000
!----------------------------------------------------------------
!Trucks: (total#, cap, cost/dist, fixcost)
6,250,1,150
!----------------------------------------------------------------
!CityFreighters: (max cf/sat, total#, cap, cost/dist, fixcost, maxCharge, energyConsumption)
10,10,125,1,80,1300,1
!----------------------------------------------------------------
!Customers: (x, y, demand, readyTime, dueDate, serviceTime, penalizationCost)
1319,462,5,5532,5978,231,2   1081,616,7,4865,5581,324,2   450,560,7,4061,4805,324,2   744,686,25,1926,4710,1156,5   227,439,18,589,2555,833,2   1544,529,20,2208,3954,925,1   1075,473,18,1660,2554,833,2   1297,233,19,935,2809,879,5   904,687,29,3664,6266,1341,1   643,611,27,0,2085,1249,1   1565,665,29,2863,5173,1341,3   1065,333,29,673,4187,1341,4   1500,324,11,2775,3919,509,3   1432,354,22,3748,5770,1018,4   853,713,19,3414,4232,879,1   302,509,13,1689,2945,601,5   1286,463,28,2255,4907,1295,5   981,764,6,7129,7827,278,3   211,508,22,2128,4258,1018,5   1151,357,4,5931,6327,185,2   780,320,5,1318,1848,231,5   1193,762,21,1084,3012,971,2   1067,379,8,5624,6320,370,3   282,420,18,234,2108,833,5   469,601,3,7317,7629,139,1   1506,342,19,5968,6814,879,3   1686,616,7,6350,6982,324,4   1629,594,7,3983,4605,324,4   1703,469,9,1296,1970,416,2   1456,503,7,2896,3496,324,4   1129,307,8,7278,7898,370,5   1160,338,15,4828,6112,694,5   361,615,15,2211,4367,694,2   1119,208,16,6174,7456,740,4   412,308,11,5920,6670,509,3   1528,661,5,5931,6613,231,3   1697,511,18,1238,3060,833,3   1184,516,3,3009,3319,139,3   1284,408,22,3482,4856,1018,5   1645,510,27,2355,4451,1249,2   1502,365,9,7077,7555,416,4   200,285,12,1213,2335,555,1   1168,618,5,5087,5393,231,4   1228,143,27,1746,3886,1249,3   887,54,19,5632,7216,879,1   934,389,18,5712,7776,833,3   118,716,4,4306,4578,185,1   1557,122,26,59,2391,1203,3   1865,539,5,6570,6998,231,2   0,500,7,4569,5213,324,1
!----------------------------------------------------------------
!Recharge stations: x,y
300,0   14,516   900,857   226,729   1523,387   1473,232   516,325   1556,602   321,460   1133,641   162,451   212,453   1307,759   289,677   766,685   600,305   832,269   336,217   247,557   405,277   1381,107   1851,680   1374,251   806,514   199,418

g inverse recharge rate 0.58
