!----------------------------------------------------------------
!Stores: (first: depot x,y; then: satellites x,y,maxCap)
300,0   1258,707,1000   742,378,1000   174,458,1000   1537,247,1000
!----------------------------------------------------------------
!Trucks: (total#, cap, cost/dist, fixcost)
6,250,1,150
!----------------------------------------------------------------
!CityFreighters: (max cf/sat, total#, cap, cost/dist, fixcost, maxCharge, energyConsumption)
10,10,125,1,80,1700,1
!----------------------------------------------------------------
!Customers: (x, y, demand, readyTime, dueDate, serviceTime, penalizationCost)
1078,257,15,3226,4088,480,2   918,628,27,4789,6665,865,3   381,345,29,514,1782,929,1   816,329,22,1179,2817,705,3   799,696,8,717,1151,256,1   423,464,10,5477,6299,320,4   1346,338,25,1727,3189,801,3   844,755,4,4149,4409,128,3   1010,342,6,4039,4503,192,2   825,749,29,2245,4405,929,1   873,553,22,4813,6337,705,1   1364,513,29,4363,6647,929,3   582,247,10,3170,3818,320,4   202,518,18,669,1921,576,3   919,267,22,5024,6706,705,2   1686,510,4,4985,5265,128,2   1105,394,23,1560,3312,737,5   569,729,20,2510,4112,641,3   660,568,20,2379,3465,641,4   1089,463,7,5614,6022,224,1   489,348,24,2374,4568,769,5   644,327,9,1107,1785,288,1   517,331,4,6028,6398,128,1   420,358,16,3462,4428,512,4   1669,384,22,3392,4898,705,5   394,671,10,5087,5593,320,4   1266,371,26,3332,5776,833,4   1260,399,28,1437,3215,897,2   1148,529,24,4163,5531,769,4   1161,311,13,4666,5496,416,3   1216,736,4,3667,3909,128,5   1065,715,5,5749,6123,160,2   1540,609,23,4083,5379,737,1   543,522,6,1656,2054,192,2   567,444,13,4053,4761,416,5   904,516,22,2619,3927,705,2   1716,406,6,1651,2081,192,1   460,677,18,3787,5265,576,3   1277,456,22,2091,3209,705,2   921,466,12,1370,2294,384,4   1801,385,27,811,2859,865,1   197,438,21,1348,3046,673,4   1520,513,12,4372,5098,384,5   866,783,25,324,1982,801,5   939,892,22,4190,5698,705,1   1033,424,29,4400,5978,929,4   535,761,10,2031,2823,320,4   1986,442,10,1307,2143,320,2   664,627,3,1352,1454,96,2   1583,153,25,4415,5989,801,3
!----------------------------------------------------------------
!Recharge stations: x,y
300,0   1258,707   742,378   174,458   1537,247   934,581   1805,572   524,736   1767,528   1779,612   1046,238   1769,517   1339,698   824,700   762,402   1424,448   996,706   1842,529   555,586   1101,584   787,361   1107,409   1572,359   889,355   1722,382

g inverse recharge rate 0.35
