!----------------------------------------------------------------
!Stores: (first: depot x,y; then: satellites x,y,maxCap)
300,0   1301,770,1000   254,805,1000   1042,125,1000   1949,604,1000
!----------------------------------------------------------------
!Trucks: (total#, cap, cost/dist, fixcost)
6,250,1,150
!----------------------------------------------------------------
!CityFreighters: (max cf/sat, total#, cap, cost/dist, fixcost, maxCharge, energyConsumption)
10,10,125,1,80,1100,1
!----------------------------------------------------------------
!Customers: (x, y, demand, readyTime, dueDate, serviceTime, penalizationCost)
629,336,12,4475,5711,496,5   460,387,11,6392,7364,455,3   1688,429,16,4540,5508,662,3   1449,542,25,2624,3996,1034,5   1029,651,18,1973,2981,745,4   747,647,19,702,2674,786,4   944,670,19,5881,7509,786,5   459,321,9,4015,4767,372,5   748,672,13,2776,4062,538,5   1734,562,20,83,1525,827,2   1006,523,10,3657,4029,414,5   1115,344,26,5659,6999,1075,2   525,572,20,2548,4564,827,5   1099,637,15,4467,5835,620,4   1733,426,29,1919,4631,1200,5   1239,422,13,3772,4628,538,4   1582,312,21,1604,3508,869,2   1221,729,21,4337,6233,869,5   649,668,28,0,2766,1158,5   1435,250,6,2679,3185,248,5   371,320,9,2163,2829,372,2   610,490,11,1695,2841,455,3   752,225,18,641,1707,745,1   1763,453,14,524,1570,579,2   865,652,6,1597,2071,248,1   749,601,9,1803,2725,372,4   397,456,7,6190,6704,290,1   716,621,10,5579,6401,414,2   1500,608,12,6717,7487,496,4   851,771,22,2091,4231,910,2   1686,622,13,4796,5656,538,3   1555,455,11,5868,7032,455,2   680,485,6,1726,2224,248,5   1377,463,6,6164,6620,248,3   1630,501,6,6922,7410,248,3   1619,511,20,5885,7451,827,1   1578,620,11,1082,1880,455,5   387,409,15,853,1659,620,5   859,326,16,1356,2762,662,4   586,446,8,2712,3376,331,3   1582,357,9,3829,4571,372,5   814,501,29,5142,6872,1200,4   1113,156,28,2031,3637,1158,1   1276,752,24,4418,6438,993,4   1706,620,19,2081,3705,786,3   1741,645,14,2012,3296,579,5   1451,629,15,3750,5110,620,3   1925,391,14,1938,2840,579,5   1433,513,6,1190,1710,248,2   1047,330,18,1295,3055,745,1
!----------------------------------------------------------------
!Recharge stations: x,y
300,0   1301,770   254,805   1042,125   1949,604   786,558   961,757   592,546   1796,454   1828,482   282,366   306,487   1226,891   1253,280   420,427   1251,482   1168,320   1721,411   990,186   1576,561   495,385   1383,371   615,242   587,320   238,365

g inverse recharge rate 0.63
