!----------------------------------------------------------------
!Stores: (first: depot x,y; then: satellites x,y,maxCap)
300,0   732,403,1000   1811,773,1000   1333,923,1000   292,524,1000
!----------------------------------------------------------------
!Trucks: (total#, cap, cost/dist, fixcost)
6,250,1,150
!----------------------------------------------------------------
!CityFreighters: (max cf/sat, total#, cap, cost/dist, fixcost, maxCharge, energyConsumption)
10,10,125,1,80,900,1
!----------------------------------------------------------------
!Customers: (x, y, demand, readyTime, dueDate, serviceTime, penalizationCost)
272,537,9,3940,4752,351,1   717,464,19,111,1401,741,2   753,610,16,4001,5895,624,5   1518,502,16,5384,6480,624,3   1131,684,12,4068,4950,468,3   276,491,14,3200,4478,546,5   1242,541,20,1759,2939,780,4   1422,645,20,159,1635,780,5   1749,415,25,1220,2740,974,5   841,499,16,3354,4412,624,5   557,543,10,2282,3054,390,3   522,388,24,3279,4995,936,5   1258,718,12,5326,6462,468,3   1072,451,15,1396,2434,585,4   1490,350,18,1690,3224,702,3   1141,314,12,6493,7253,468,2   484,494,10,5053,5713,390,1   428,624,18,711,1835,702,4   342,653,23,5180,7428,897,2   578,526,22,3073,4939,858,4   1372,269,7,6351,6753,273,3   830,523,4,1250,1570,156,1   482,297,5,4337,4797,195,4   1602,373,29,1837,4795,1130,3   1486,588,10,2297,2979,390,1   649,414,25,1245,3677,974,3   1025,382,17,5420,6442,663,2   1065,439,14,5180,6676,546,3   660,685,6,5221,5761,234,2   656,350,16,4412,5660,624,4   989,787,23,3401,5153,897,2   905,667,8,2246,2888,312,4   1641,625,25,0,1712,974,2   438,562,7,3585,4099,273,4   769,310,22,4864,6844,858,5   1748,516,26,3878,5634,1013,2   487,628,16,4923,6053,624,5   572,723,10,791,1579,390,2   216,479,6,669,1095,234,3   798,595,22,2829,5125,858,5   1297,866,28,4536,6774,1091,4   1021,106,11,3450,4140,429,2   1523,174,3,5157,5471,117,2   31,431,20,1719,3341,780,4   1776,656,3,5416,5768,117,5   1660,243,24,160,1976,936,1   1965,617,14,3590,4480,546,2   284,442,8,5696,6066,312,3   312,522,25,1485,3569,974,3   467,589,20,2378,4308,780,4
!----------------------------------------------------------------
!Recharge stations: x,y
300,0   732,403   1811,773   1333,923   292,524   532,607   1579,633   1365,729   1029,248   1581,368   930,657   1714,335   1549,605   1569,637   1008,253   1149,587   1442,744   1062,156   706,456   516,322   530,356   365,282   798,423   721,382   1015,299

g inverse recharge rate 0.76
