!----------------------------------------------------------------
!Stores: (first: depot x,y; then: satellites x,y,maxCap)
300,0   202,728,1000   890,151,1000   513,786,1000   1784,582,1000
!----------------------------------------------------------------
!Trucks: (total#, cap, cost/dist, fixcost)
6,250,1,150
!----------------------------------------------------------------
!CityFreighters: (max cf/sat, total#, cap, cost/dist, fixcost, maxCharge, energyConsumption)
10,10,125,1,80,1300,1
!----------------------------------------------------------------
!Customers: (x, y, demand, readyTime, dueDate, serviceTime, penalizationCost)
1750,415,9,2143,2951,325,2   841,486,16,584,1432,577,2   899,411,18,3611,5003,650,1   388,556,12,2577,3487,433,2   393,583,29,4624,6570,1046,5   839,230,24,2093,3573,866,1   643,498,20,1153,2069,722,1   337,493,29,3555,4337,1046,4   999,763,12,2365,2713,433,1   1500,311,15,3112,4038,541,5   963,247,4,5785,6071,144,1   798,280,29,3035,4947,1046,3   577,520,6,1826,2286,217,5   1797,503,9,3714,4440,325,4   677,431,16,148,1520,577,2   824,704,7,1927,2341,253,4   459,457,24,1167,2557,866,3   1114,683,29,5483,6617,1046,4   619,594,18,366,1298,650,4   1160,259,7,1600,2128,253,3   1047,255,26,3151,5705,938,2   343,365,6,6779,7161,217,5   441,433,9,2023,2891,325,1   473,433,12,4849,5505,433,2   407,687,26,1048,3190,938,2   790,432,16,2273,3245,577,3   1297,414,19,5388,6744,686,3   405,375,3,4016,4196,108,3   1439,389,25,3007,4727,902,1   594,417,9,1966,2420,325,4   341,609,23,5186,6938,830,3   775,660,11,2931,3865,397,4   352,634,22,2716,4028,794,1   357,638,10,488,1222,361,4   1159,427,3,5857,6047,108,1   281,607,27,2084,3590,974,1   1068,421,25,2542,4160,902,2   905,634,14,3498,4474,505,1   1419,319,20,1352,3158,722,1   1686,485,28,4433,5627,1010,1   944,857,27,679,3351,974,3   1666,342,10,2006,2564,361,5   1434,829,9,1327,2235,325,4   1057,640,13,1708,2556,469,1   364,687,25,2147,3959,902,5   409,496,20,1523,3005,722,2   1720,468,29,3156,5776,1046,2   1379,702,24,4449,5765,866,5   1772,212,16,5107,6333,577,2   1585,896,7,3970,4500,253,1
!----------------------------------------------------------------
!Recharge stations: x,y
300,0   202,728   890,151   513,786   1784,582   448,468   986,218   351,644   341,622   717,273   826,244   365,552   746,715   636,773   1015,235   1683,331   143,585   1643,462   660,516   260,418   461,471   450,654   1756,444   260,623   1744,579

g inverse recharge rate 0.52
