!----------------------------------------------------------------
!Stores: (first: depot x,y; then: satellites x,y,maxCap)
300,0   1982,476,1000   985,805,1000   1474,624,1000   1117,188,1000
!----------------------------------------------------------------
!Trucks: (total#, cap, cost/dist, fixcost)
6,250,1,150
!----------------------------------------------------------------
!CityFreighters: (max cf/sat, total#, cap, cost/dist, fixcost, maxCharge, energyConsumption)
10,10,125,1,80,800,1
!----------------------------------------------------------------
!Customers: (x, y, demand, readyTime, dueDate, serviceTime, penalizationCost)
615,600,27,2167,4223,1042,2   1511,329,23,5760,7288,888,1   1782,526,8,328,1084,309,4   509,649,9,6345,7023,347,5   450,391,4,1329,1673,154,4   1103,297,6,6071,6577,232,3   1090,759,8,5559,6183,309,5   1777,471,16,3182,4300,617,3   503,585,9,1384,2394,347,2   991,253,27,0,1641,1042,4   236,534,13,1009,1655,502,4   1027,793,24,5432,6798,926,3   1206,221,6,4743,5205,232,4   1774,556,7,3137,3601,270,5   500,471,22,1143,2787,849,1   220,533,17,4747,6151,656,4   270,402,22,2851,5021,849,1   370,540,17,1728,3172,656,2   248,532,7,1247,1757,270,2   1473,452,19,3226,4852,733,1   1005,700,6,6946,7494,232,3   1218,251,4,6395,6695,154,5   1461,480,29,4337,6783,1119,5   729,658,4,624,1008,154,5   1377,537,25,3012,5780,965,1   1747,396,8,4881,5529,309,4   524,662,7,920,1384,270,4   490,273,19,1584,2634,733,5   217,544,6,5100,5486,232,4   445,318,24,2053,3889,926,2   1401,748,23,5715,6941,888,3   858,647,16,5751,6997,617,4   1700,356,25,3495,5299,965,5   1207,342,12,2556,3544,463,2   924,339,5,824,1160,193,1   1074,619,25,4767,6613,965,5   1391,295,26,1613,3561,1003,4   789,284,18,2850,4448,695,4   884,539,16,1790,2912,617,2   277,552,23,3480,5244,888,4   1234,712,29,0,1695,1119,3   1048,910,5,6101,6577,193,2   1718,576,27,56,1958,1042,1   629,161,16,2642,3722,617,2   363,216,5,1207,1631,193,2   1205,170,29,0,1791,1119,5   993,642,8,4156,4980,309,3   1381,476,7,5518,6126,270,5   1648,835,20,724,2026,772,2   1243,138,19,1979,3535,733,2
!----------------------------------------------------------------
!Recharge stations: x,y
300,0   1982,476   985,805   1474,624   1117,188   470,426   1269,663   687,469   521,365   1752,431   808,433   718,386   674,489   539,450   698,349   1401,422   1427,512   467,422   1207,579   91,480   1482,486   1531,472   1263,685   1496,216   586,610

g inverse recharge rate 0.83
