!----------------------------------------------------------------
!Stores: (first: depot x,y; then: satellites x,y,maxCap)
300,0   1002,917,1000   103,601,1000   426,696,1000   614,98,1000
!----------------------------------------------------------------
!Trucks: (total#, cap, cost/dist, fixcost)
6,250,1,150
!----------------------------------------------------------------
!CityFreighters: (max cf/sat, total#, cap, cost/dist, fixcost, maxCharge, energyConsumption)
10,10,125,1,80,1100,1
!----------------------------------------------------------------
!Customers: (x, y, demand, readyTime, dueDate, serviceTime, penalizationCost)
1347,608,18,5680,7612,772,1   411,612,7,3354,3932,300,5   852,558,4,4645,5031,172,5   953,749,6,3029,3605,257,1   1328,600,27,0,2524,1159,4   1203,628,12,3345,4655,515,1   1401,354,21,4658,6044,901,4   1587,324,13,2659,3561,558,4   1522,633,5,5537,5905,215,5   1253,424,10,4344,5154,429,4   1024,672,8,3668,4308,343,1   1337,743,13,6573,8299,558,3   940,357,5,645,935,215,3   1311,642,16,6794,7664,687,2   1695,558,28,2416,5070,1202,5   585,586,19,1316,3274,815,3   1061,582,14,6540,7652,601,5   940,546,5,4502,4774,215,5   1386,509,26,3529,5967,1116,2   510,434,26,6344,7644,1116,4   1343,701,4,1491,1779,172,4   1721,609,23,5253,7119,987,2   1493,580,10,5601,6527,429,5   918,642,29,441,3279,1244,4   320,576,23,2698,5158,987,5   851,720,19,3667,4887,815,2   437,347,18,3364,5082,772,4   1773,549,8,1919,2639,343,4   587,656,18,5727,7443,772,1   1318,469,25,0,2690,1073,2   1086,232,6,5606,6158,257,4   959,214,19,6336,7432,815,4   359,442,5,6537,6971,215,5   702,558,21,2665,4435,901,3   1732,412,22,5880,7908,944,4   809,732,25,4564,6236,1073,4   1590,695,8,5458,6068,343,5   649,476,11,2662,3846,472,3   1725,509,24,2182,3912,1030,2   552,397,18,2472,4282,772,3   1414,63,24,4792,7346,1030,2   1994,533,3,1881,2143,129,4   453,407,9,6576,7102,386,1   1327,714,27,3016,5404,1159,4   1354,537,18,2783,4569,772,3   1919,563,3,2193,2495,129,3   416,212,17,6973,8243,729,5   1372,201,23,5772,7380,987,3   1665,798,28,4166,6160,1202,3   1051,387,24,0,1914,1030,3
!----------------------------------------------------------------
!Recharge stations: x,y
300,0   1002,917   103,601   426,696   614,98   1498,536   1333,640   1301,579   1751,599   1842,499   1007,805   1591,542   917,770   1495,365   101,677   925,760   1295,746   499,651   511,538   1266,703   804,818   170,509   979,253   171,427   253,647

g inverse recharge rate 0.69
