!----------------------------------------------------------------
!Stores: (first: depot x,y; then: satellites x,y,maxCap)
300,0   1301,770,1000   254,805,1000   1042,125,1000   1949,604,1000
!----------------------------------------------------------------
!Trucks: (total#, cap, cost/dist, fixcost)
6,250,1,150
!----------------------------------------------------------------
!CityFreighters: (max cf/sat, total#, cap, cost/dist, fixcost, maxCharge, energyConsumption)
10,10,125,1,80,1200,1
!----------------------------------------------------------------
!Customers: (x, y, demand, readyTime, dueDate, serviceTime, penalizationCost)
629,336,12,1683,2885,496,2   460,387,11,6421,7403,455,5   1688,429,16,5254,6682,662,3   1449,542,25,676,2546,1034,1   1029,651,18,6454,7232,745,3   747,647,19,5740,6886,786,1   944,670,19,0,1916,786,5   459,321,9,2781,3715,372,3   748,672,13,5472,6536,538,5   1734,562,20,966,1974,827,5   1006,523,10,3799,4435,414,2   1115,344,26,0,2148,1075,5   525,572,20,3166,4920,827,1   1099,637,15,5422,6398,620,2   1733,426,29,2255,4601,1200,4   1239,422,13,1365,2407,538,4   1582,312,21,4047,5839,869,2   1221,729,21,0,1673,869,1   649,668,28,4173,6141,1158,4   1435,250,6,4454,4828,248,4   371,320,9,2616,3402,372,5   610,490,11,6125,6789,455,3   752,225,18,145,1683,745,5   1763,453,14,2602,3672,579,1   865,652,6,1896,2442,248,4   749,601,9,4556,5572,372,4   397,456,7,6502,6954,290,1   716,621,10,6385,7275,414,4   1500,608,12,2919,3765,496,3   851,771,22,1331,3509,910,1   1686,622,13,2401,3287,538,2   1555,455,11,3951,4697,455,3   680,485,6,6673,7137,248,2   1377,463,6,3405,3863,248,3   1630,501,6,3680,4266,248,5   1619,511,20,1915,3491,827,4   1578,620,11,1605,2271,455,5   387,409,15,1798,2872,620,2   859,326,16,4283,5483,662,5   586,446,8,5959,6697,331,4   1582,357,9,3738,4372,372,3   814,501,29,0,2679,1200,1   1113,156,28,3519,5511,1158,2   1276,752,24,5779,7487,993,2   1706,620,19,3704,5422,786,1   1741,645,14,850,1632,579,3   1451,629,15,3615,5277,620,3   1925,391,14,5488,6486,579,3   1433,513,6,2988,3522,248,2   1047,330,18,1121,2029,745,3
!----------------------------------------------------------------
!Recharge stations: x,y
300,0   1301,770   254,805   1042,125   1949,604   786,558   961,757   592,546   1796,454   1828,482   282,366   306,487   1226,891   1253,280   420,427   1251,482   1168,320   1721,411   990,186   1576,561   495,385   1383,371   615,242   587,320   238,365

g inverse recharge rate 0.58
