!----------------------------------------------------------------
!Stores: (first: depot x,y; then: satellites x,y,maxCap)
300,0   1056,693,1000   103,661,1000   114,485,1000   1304,808,1000
!----------------------------------------------------------------
!Trucks: (total#, cap, cost/dist, fixcost)
6,250,1,150
!----------------------------------------------------------------
!CityFreighters: (max cf/sat, total#, cap, cost/dist, fixcost, maxCharge, energyConsumption)
10,10,125,1,80,1000,1
!----------------------------------------------------------------
!Customers: (x, y, demand, readyTime, dueDate, serviceTime, penalizationCost)
1163,500,29,468,2604,1042,5   1367,493,17,5698,6612,611,1   1485,607,26,4776,7192,934,2   1714,389,16,3152,4538,575,1   1141,670,10,4807,5417,359,2   342,564,29,3400,6078,1042,1   881,394,10,2029,2793,359,4   363,652,13,1124,2210,467,1   1144,739,20,5179,7111,719,4   262,395,5,6743,7063,180,5   1289,387,5,712,970,180,4   1060,256,28,1303,3301,1006,3   1137,712,4,4618,4800,144,1   877,554,6,1142,1622,216,5   387,602,17,4496,5658,611,1   499,280,28,446,1596,1006,2   735,489,9,3914,4516,323,3   1138,223,5,1495,1829,180,2   1773,517,24,4810,6630,862,2   463,646,22,4177,5471,791,5   225,513,28,2153,4607,1006,2   987,328,14,4439,5519,503,3   1718,618,10,3497,4345,359,5   527,297,15,4560,5754,539,1   1653,580,26,2858,4846,934,4   847,769,3,2868,3080,108,1   429,548,20,3643,5053,719,1   745,448,19,831,2167,683,2   1593,500,3,5085,5255,108,3   469,718,18,3016,4524,647,1   1343,759,21,3895,5689,755,1   1460,507,4,1852,2246,144,5   1261,735,24,3909,5813,862,2   722,686,29,549,2457,1042,5   1404,478,14,1250,2300,503,5   677,632,22,2869,4357,791,1   1007,383,4,2775,3131,144,3   461,675,26,2438,5026,934,4   1362,527,13,2141,3105,467,4   980,486,3,5800,5956,108,1   644,679,20,3402,4976,719,1   406,154,21,1963,3975,755,5   1111,292,15,2588,3500,539,3   367,807,6,4420,4894,216,5   285,608,27,3702,5504,970,1   849,557,29,5387,6585,1042,5   394,411,29,3136,4972,1042,3   637,836,17,3379,4301,611,4   462,155,6,1511,1895,216,3   334,751,11,5889,6561,395,5
!----------------------------------------------------------------
!Recharge stations: x,y
300,0   1056,693   103,661   114,485   1304,808   1615,737   1344,598   1012,905   103,417   1523,354   1299,814   158,541   567,722   1701,635   976,253   845,391   1608,700   459,496   1691,557   973,187   558,529   701,686   1708,812   514,389   271,327

g inverse recharge rate 0.65
