!----------------------------------------------------------------
!Stores: (first: depot x,y; then: satellites x,y,maxCap)
300,0   1258,707,1000   742,378,1000   174,458,1000   1537,247,1000
!----------------------------------------------------------------
!Trucks: (total#, cap, cost/dist, fixcost)
6,250,1,150
!----------------------------------------------------------------
!CityFreighters: (max cf/sat, total#, cap, cost/dist, fixcost, maxCharge, energyConsumption)
10,10,125,1,80,1300,1
!----------------------------------------------------------------
!Customers: (x, y, demand, readyTime, dueDate, serviceTime, penalizationCost)
1078,257,15,1099,2043,480,2   918,628,27,1620,3670,865,4   381,345,29,3722,5758,929,1   816,329,22,1625,2813,705,4   799,696,8,2713,3319,256,1   423,464,10,2808,3428,320,2   1346,338,25,4471,5959,801,5   844,755,4,1087,1301,128,5   1010,342,6,4919,5319,192,4   825,749,29,2562,4058,929,3   873,553,22,0,1532,705,3   1364,513,29,4061,5189,929,1   582,247,10,645,1285,320,4   202,518,18,2052,3314,576,5   919,267,22,1556,3088,705,1   1686,510,4,2508,2854,128,5   1105,394,23,0,1257,737,2   569,729,20,2817,3989,641,4   660,568,20,3560,4386,641,4   1089,463,7,5476,5982,224,1   489,348,24,376,2240,769,4   644,327,9,4002,4682,288,5   517,331,4,3057,3377,128,4   420,358,16,4195,5429,512,1   1669,384,22,3809,5495,705,2   394,671,10,4232,4784,320,3   1266,371,26,1499,3569,833,5   1260,399,28,2923,4023,897,4   1148,529,24,0,1512,769,4   1161,311,13,3992,4982,416,4   1216,736,4,3981,4243,128,1   1065,715,5,6111,6441,160,2   1540,609,23,2586,4096,737,1   543,522,6,1023,1489,192,2   567,444,13,1929,2669,416,1   904,516,22,4723,6173,705,3   1716,406,6,811,1215,192,5   460,677,18,4369,5739,576,2   1277,456,22,4126,5462,705,5   921,466,12,465,1297,384,2   1801,385,27,3336,5292,865,1   197,438,21,1680,3172,673,1   1520,513,12,1251,2133,384,4   866,783,25,2267,4355,801,5   939,892,22,1668,3096,705,4   1033,424,29,1533,2971,929,5   535,761,10,3542,3962,320,1   1986,442,10,5252,5956,320,2   664,627,3,3537,3727,96,3   1583,153,25,2698,4476,801,1
!----------------------------------------------------------------
!Recharge stations: x,y
300,0   1258,707   742,378   174,458   1537,247   934,581   1805,572   524,736   1767,528   1779,612   1046,238   1769,517   1339,698   824,700   762,402   1424,448   996,706   1842,529   555,586   1101,584   787,361   1107,409   1572,359   889,355   1722,382

g inverse recharge rate 0.46
