!----------------------------------------------------------------
!Stores: (first: depot x,y; then: satellites x,y,maxCap)
300,0   732,403,1000   1811,773,1000   1333,923,1000   292,524,1000
!----------------------------------------------------------------
!Trucks: (total#, cap, cost/dist, fixcost)
6,250,1,150
!----------------------------------------------------------------
!CityFreighters: (max cf/sat, total#, cap, cost/dist, fixcost, maxCharge, energyConsumption)
10,10,125,1,80,1600,1
!----------------------------------------------------------------
!Customers: (x, y, demand, readyTime, dueDate, serviceTime, penalizationCost)
272,537,9,3299,4179,351,2   717,464,19,1358,3016,741,4   753,610,16,5137,6519,624,4   1518,502,16,2764,4134,624,1   1131,684,12,2112,3138,468,2   276,491,14,230,1514,546,5   1242,541,20,5280,7534,780,2   1422,645,20,2635,4277,780,4   1749,415,25,3011,4749,974,2   841,499,16,4146,5168,624,5   557,543,10,6498,7188,390,2   522,388,24,5437,7155,936,2   1258,718,12,3468,4304,468,3   1072,451,15,2643,4005,585,2   1490,350,18,470,2116,702,1   1141,314,12,2499,3549,468,2   484,494,10,5914,6516,390,4   428,624,18,1454,2740,702,1   342,653,23,1628,3510,897,3   578,526,22,4153,5677,858,1   1372,269,7,4333,4899,273,3   830,523,4,6865,7233,156,1   482,297,5,1435,1945,195,5   1602,373,29,2393,4225,1130,4   1486,588,10,1342,2290,390,1   649,414,25,0,1550,974,2   1025,382,17,4193,5555,663,4   1065,439,14,5359,6451,546,4   660,685,6,562,1082,234,5   656,350,16,1052,2178,624,3   989,787,23,5167,6319,897,3   905,667,8,4470,5134,312,5   1641,625,25,3091,4913,974,3   438,562,7,5295,6013,273,4   769,310,22,5480,7698,858,5   1748,516,26,990,3134,1013,5   487,628,16,3435,4937,624,4   572,723,10,3918,4802,390,3   216,479,6,6617,7105,234,4   798,595,22,1974,3964,858,1   1297,866,28,1997,4659,1091,5   1021,106,11,4592,5320,429,2   1523,174,3,944,1210,117,2   31,431,20,801,2145,780,1   1776,656,3,4292,4496,117,2   1660,243,24,1681,3483,936,3   1965,617,14,1068,2476,546,5   284,442,8,2264,2792,312,5   312,522,25,3866,5552,974,2   467,589,20,2860,4516,780,1
!----------------------------------------------------------------
!Recharge stations: x,y
300,0   732,403   1811,773   1333,923   292,524   532,607   1579,633   1365,729   1029,248   1581,368   930,657   1714,335   1549,605   1569,637   1008,253   1149,587   1442,744   1062,156   706,456   516,322   530,356   365,282   798,423   721,382   1015,299

g inverse recharge rate 0.43
