!----------------------------------------------------------------
!Stores: (first: depot x,y; then: satellites x,y,maxCap)
300,0   1056,693,1000   103,661,1000   114,485,1000   1304,808,1000
!----------------------------------------------------------------
!Trucks: (total#, cap, cost/dist, fixcost)
6,250,1,150
!----------------------------------------------------------------
!CityFreighters: (max cf/sat, total#, cap, cost/dist, fixcost, maxCharge, energyConsumption)
10,10,125,1,80,1700,1
!----------------------------------------------------------------
!Customers: (x, y, demand, readyTime, dueDate, serviceTime, penalizationCost)
1163,500,29,4047,6353,1042,4   1367,493,17,5312,6542,611,2   1485,607,26,5151,6917,934,1   1714,389,16,1080,2494,575,5   1141,670,10,1207,2167,359,2   342,564,29,5332,6906,1042,2   881,394,10,2577,3639,359,3   363,652,13,243,1107,467,3   1144,739,20,1494,3020,719,5   262,395,5,4382,4698,180,4   1289,387,5,5456,5816,180,2   1060,256,28,852,3770,1006,1   1137,712,4,873,1103,144,3   877,554,6,698,1194,216,5   387,602,17,4273,5625,611,1   499,280,28,4371,6099,1006,2   735,489,9,529,993,323,3   1138,223,5,2640,3016,180,5   1773,517,24,1417,2723,862,3   463,646,22,5062,6532,791,2   225,513,28,0,2382,1006,1   987,328,14,2066,2730,503,4   1718,618,10,4016,5004,359,4   527,297,15,3094,4048,539,4   1653,580,26,4578,5800,934,5   847,769,3,5195,5491,108,1   429,548,20,3721,4767,719,5   745,448,19,2950,4382,683,1   1593,500,3,1920,2192,108,5   469,718,18,3377,4899,647,4   1343,759,21,4365,5529,755,2   1460,507,4,1318,1580,144,1   1261,735,24,475,2169,862,4   722,686,29,3458,5746,1042,2   1404,478,14,835,2093,503,5   677,632,22,5318,6774,791,1   1007,383,4,1703,2083,144,4   461,675,26,4249,5823,934,1   1362,527,13,2615,3491,467,5   980,486,3,705,919,108,1   644,679,20,3686,5410,719,5   406,154,21,1936,3516,755,2   1111,292,15,3483,4645,539,4   367,807,6,4972,5228,216,5   285,608,27,3067,4807,970,2   849,557,29,3588,5342,1042,1   394,411,29,4263,5593,1042,5   637,836,17,5769,6621,611,3   462,155,6,3853,4275,216,4   334,751,11,2513,3519,395,4
!----------------------------------------------------------------
!Recharge stations: x,y
300,0   1056,693   103,661   114,485   1304,808   1615,737   1344,598   1012,905   103,417   1523,354   1299,814   158,541   567,722   1701,635   976,253   845,391   1608,700   459,496   1691,557   973,187   558,529   701,686   1708,812   514,389   271,327

g inverse recharge rate 0.39
