!----------------------------------------------------------------
!Stores: (first: depot x,y; then: satellites x,y,maxCap)
300,0   1680,198,1000   1105,702,1000   1469,679,1000   967,345,1000
!----------------------------------------------------------------
!Trucks: (total#, cap, cost/dist, fixcost)
6,250,1,150
!----------------------------------------------------------------
!CityFreighters: (max cf/sat, total#, cap, cost/dist, fixcost, maxCharge, energyConsumption)
10,10,125,1,80,1300,1
!----------------------------------------------------------------
!Customers: (x, y, demand, readyTime, dueDate, serviceTime, penalizationCost)
802,540,20,0,1346,591,3   1641,343,5,5237,5549,148,3   1184,667,26,3865,5669,769,3   942,312,28,619,1845,828,4   1136,426,11,3088,3930,325,3   1212,394,11,1215,1757,325,5   962,605,16,2840,3932,473,2   463,582,13,4289,5165,384,5   491,462,25,905,2435,739,1   675,621,26,3767,5001,769,1   1505,436,12,4979,5813,355,5   1719,382,10,2927,3319,296,5   378,359,25,875,2459,739,4   843,452,14,3780,4574,414,1   625,721,19,1676,2482,562,3   1634,400,25,1336,2526,739,1   1057,607,29,1612,3310,857,5   768,507,10,4676,5212,296,4   1543,611,14,5206,5868,414,4   685,382,10,4195,4685,296,4   1027,322,17,455,1413,503,3   816,578,7,1266,1602,207,3   727,698,8,2002,2558,237,1   1301,421,18,1396,2544,532,2   358,485,13,1917,2563,384,5   1767,538,18,2324,3450,532,4   310,555,15,1230,2608,443,5   693,574,18,2903,4233,532,3   878,305,18,5074,6240,532,5   976,524,23,3720,4942,680,3   920,554,13,903,1667,384,3   1291,546,23,0,1284,680,2   799,506,10,3564,4224,296,2   890,602,24,2129,3605,710,1   1746,558,19,995,1883,562,2   1331,642,25,1198,2792,739,1   1567,456,27,3305,4953,798,4   1295,261,18,1928,3022,532,3   1304,310,5,3586,3748,148,3   681,714,14,744,1918,414,5   809,607,16,1750,2666,473,3   725,388,8,1633,2147,237,5   103,632,4,3773,4027,118,1   1090,56,29,3067,5345,857,4   1906,663,25,1560,3322,739,1   408,559,23,1467,2409,680,3   387,541,25,1197,2539,739,2   138,358,12,3367,4145,355,1   1414,489,25,881,2055,739,5   1645,614,3,1277,1527,89,4
!----------------------------------------------------------------
!Recharge stations: x,y
300,0   1680,198   1105,702   1469,679   967,345   326,462   761,296   1152,234   351,436   675,802   1276,477   613,572   1479,418   544,246   1956,463   1135,317   504,633   604,809   1822,438   1035,378   916,153   270,616   1055,810   195,555   944,722

g inverse recharge rate 0.43
