!----------------------------------------------------------------
!Stores: (first: depot x,y; then: satellites x,y,maxCap)
300,0   1659,775,1000   808,901,1000   1591,509,1000   392,464,1000
!----------------------------------------------------------------
!Trucks: (total#, cap, cost/dist, fixcost)
6,250,1,150
!----------------------------------------------------------------
!CityFreighters: (max cf/sat, total#, cap, cost/dist, fixcost, maxCharge, energyConsumption)
10,10,125,1,80,1600,1
!----------------------------------------------------------------
!Customers: (x, y, demand, readyTime, dueDate, serviceTime, penalizationCost)
792,282,11,436,1154,383,5   1380,598,3,552,722,104,2   618,441,29,0,1939,1009,5   1553,584,13,4389,5319,452,2   998,533,4,4950,5262,139,1   1244,774,6,2921,3353,209,4   884,770,19,3653,4839,661,5   1080,404,6,389,887,209,3   481,409,16,5251,6001,557,3   664,358,29,3504,5138,1009,2   1498,576,26,1082,3210,905,1   1652,651,22,838,2798,765,3   622,687,23,2455,4439,800,1   900,495,19,4681,5669,661,2   719,221,10,5192,5922,348,4   579,264,11,4621,5373,383,1   1361,307,10,3371,3797,348,3   365,366,21,1079,2405,731,2   1258,562,20,5557,6985,696,3   1600,540,13,5915,6779,452,5   560,562,15,5996,7082,522,4   382,682,14,4221,5081,487,5   1757,481,28,3414,5592,974,5   1129,555,13,1403,2371,452,3   1358,384,14,257,1135,487,1   1222,388,22,489,1255,765,2   447,529,25,1,1653,870,2   986,327,10,6062,6828,348,3   1488,332,16,3632,4160,557,4   303,614,7,2025,2555,244,4   322,547,6,779,1057,209,3   1167,396,19,4663,5635,661,1   1210,425,22,3716,5706,765,3   1031,395,23,1317,2255,800,1   829,439,14,1980,2860,487,1   1062,223,29,358,2332,1009,5   1714,373,20,3965,4969,696,1   1083,289,6,3544,4106,209,4   675,307,9,5481,6199,313,5   985,532,12,291,1309,418,5   1507,186,27,2093,4047,939,2   1645,498,21,2603,3917,731,5   560,830,29,0,2059,1009,5   46,552,28,4190,6416,974,4   98,507,12,1091,1995,418,3   1372,399,23,3806,5268,800,1   202,283,18,901,2203,626,4   1186,634,22,960,2310,765,4   764,580,6,4700,4950,209,5   1628,760,25,2381,3845,870,1
!----------------------------------------------------------------
!Recharge stations: x,y
300,0   1659,775   808,901   1591,509   392,464   1757,423   1107,6   1049,303   1705,574   1363,190   1397,760   456,754   119,636   897,432   1297,408   289,574   617,747   1580,499   1489,401   328,706   1562,584   1735,269   1433,279   1597,283   189,504

g inverse recharge rate 0.41
