!----------------------------------------------------------------
!Stores: (first: depot x,y; then: satellites x,y,maxCap)
300,0   202,728,1000   890,151,1000   513,786,1000   1784,582,1000
!----------------------------------------------------------------
!Trucks: (total#, cap, cost/dist, fixcost)
6,250,1,150
!----------------------------------------------------------------
!CityFreighters: (max cf/sat, total#, cap, cost/dist, fixcost, maxCharge, energyConsumption)
10,10,125,1,80,1600,1
!----------------------------------------------------------------
!Customers: (x, y, demand, readyTime, dueDate, serviceTime, penalizationCost)
1750,415,9,4458,5300,325,1   841,486,16,6313,7079,577,2   899,411,18,1241,2853,650,1   388,556,12,3711,4631,433,3   393,583,29,5374,7554,1046,2   839,230,24,5136,7398,866,5   643,498,20,5569,7009,722,4   337,493,29,2691,4715,1046,5   999,763,12,3223,4031,433,5   1500,311,15,1008,2016,541,2   963,247,4,4979,5233,144,5   798,280,29,25,2325,1046,2   577,520,6,3433,3887,217,5   1797,503,9,1350,1956,325,1   677,431,16,1846,2954,577,4   824,704,7,2445,2897,253,5   459,457,24,2232,3772,866,3   1114,683,29,3036,5580,1046,2   619,594,18,4758,5800,650,3   1160,259,7,1891,2229,253,2   1047,255,26,3209,4855,938,2   343,365,6,4215,4633,217,4   441,433,9,695,1411,325,2   473,433,12,4749,5473,433,3   407,687,26,1802,3356,938,4   790,432,16,1513,2615,577,5   1297,414,19,4589,6133,686,5   405,375,3,4939,5115,108,5   1439,389,25,4663,6375,902,5   594,417,9,6334,7200,325,4   341,609,23,4563,6393,830,5   775,660,11,5961,6647,397,2   352,634,22,5230,6716,794,1   357,638,10,2469,3073,361,1   1159,427,3,1501,1647,108,3   281,607,27,1060,2706,974,1   1068,421,25,1153,2795,902,5   905,634,14,3003,4221,505,2   1419,319,20,6031,7155,722,4   1686,485,28,2247,4465,1010,4   944,857,27,3821,5745,974,5   1666,342,10,1418,2124,361,3   1434,829,9,5794,6524,325,3   1057,640,13,4452,5368,469,2   364,687,25,5181,6833,902,5   409,496,20,5416,6820,722,4   1720,468,29,1538,3026,1046,5   1379,702,24,1771,3669,866,1   1772,212,16,2683,3831,577,1   1585,896,7,4498,5020,253,1
!----------------------------------------------------------------
!Recharge stations: x,y
300,0   202,728   890,151   513,786   1784,582   448,468   986,218   351,644   341,622   717,273   826,244   365,552   746,715   636,773   1015,235   1683,331   143,585   1643,462   660,516   260,418   461,471   450,654   1756,444   260,623   1744,579

g inverse recharge rate 0.42
