!----------------------------------------------------------------
!Stores: (first: depot x,y; then: satellites x,y,maxCap)
300,0   1982,476,1000   985,805,1000   1474,624,1000   1117,188,1000
!----------------------------------------------------------------
!Trucks: (total#, cap, cost/dist, fixcost)
6,250,1,150
!----------------------------------------------------------------
!CityFreighters: (max cf/sat, total#, cap, cost/dist, fixcost, maxCharge, energyConsumption)
10,10,125,1,80,1500,1
!----------------------------------------------------------------
!Customers: (x, y, demand, readyTime, dueDate, serviceTime, penalizationCost)
615,600,27,841,2719,1042,4   1511,329,23,1040,2648,888,5   1782,526,8,2415,3113,309,5   509,649,9,1595,2519,347,3   450,391,4,4943,5297,154,4   1103,297,6,6152,6670,232,4   1090,759,8,475,901,309,2   1777,471,16,2894,3902,617,2   503,585,9,5728,6316,347,5   991,253,27,2394,4050,1042,2   236,534,13,2773,3751,502,4   1027,793,24,262,1148,926,1   1206,221,6,6600,7116,232,1   1774,556,7,2152,2606,270,1   500,471,22,1802,3606,849,4   220,533,17,2094,3572,656,3   270,402,22,2359,3513,849,1   370,540,17,1957,3097,656,2   248,532,7,1589,2113,270,2   1473,452,19,2222,3628,733,2   1005,700,6,4518,4950,232,5   1218,251,4,4080,4440,154,3   1461,480,29,1892,4368,1119,2   729,658,4,2438,2860,154,2   1377,537,25,1273,3307,965,5   1747,396,8,4308,4804,309,4   524,662,7,3264,3676,270,2   490,273,19,2154,3150,733,5   217,544,6,3608,3998,232,2   445,318,24,3434,4908,926,5   1401,748,23,5494,7284,888,5   858,647,16,3070,4142,617,1   1700,356,25,1023,2289,965,1   1207,342,12,44,1144,463,5   924,339,5,4974,5234,193,2   1074,619,25,716,1972,965,1   1391,295,26,1426,4048,1003,5   789,284,18,5707,6995,695,3   884,539,16,4330,5590,617,5   277,552,23,795,2401,888,5   1234,712,29,0,1594,1119,5   1048,910,5,4479,4815,193,1   1718,576,27,1191,3415,1042,5   629,161,16,5519,6625,617,4   363,216,5,6089,6413,193,1   1205,170,29,3580,5514,1119,4   993,642,8,876,1356,309,3   1381,476,7,818,1320,270,1   1648,835,20,5360,7364,772,2   1243,138,19,5621,6843,733,2
!----------------------------------------------------------------
!Recharge stations: x,y
300,0   1982,476   985,805   1474,624   1117,188   470,426   1269,663   687,469   521,365   1752,431   808,433   718,386   674,489   539,450   698,349   1401,422   1427,512   467,422   1207,579   91,480   1482,486   1531,472   1263,685   1496,216   586,610

g inverse recharge rate 0.44
