!----------------------------------------------------------------
!Stores: (first: depot x,y; then: satellites x,y,maxCap)
300,0   674,747,1000   1212,82,1000   1820,396,1000   146,610,1000
!----------------------------------------------------------------
!Trucks: (total#, cap, cost/dist, fixcost)
6,250,1,150
!----------------------------------------------------------------
!CityFreighters: (max cf/sat, total#, cap, cost/dist, fixcost, maxCharge, energyConsumption)
10,10,125,1,80,1600,1
!----------------------------------------------------------------
!Customers: (x, y, demand, readyTime, dueDate, serviceTime, penalizationCost)
780,646,22,1616,3280,802,1   711,230,24,105,1565,874,1   573,491,16,5652,7222,583,5   466,713,9,350,1122,328,2   580,515,15,1328,2372,547,4   785,684,29,65,2215,1057,1   1798,482,16,753,1915,583,5   1254,401,11,424,1028,401,2   1267,503,24,4286,6198,874,2   1692,387,19,2578,3860,692,1   1346,517,24,5509,7027,874,3   1640,434,7,1691,2207,255,3   952,712,29,362,2560,1057,3   300,610,19,513,1723,692,4   735,309,5,6461,6775,182,4   1201,417,19,3420,5148,692,3   912,561,22,1884,3858,802,1   682,725,16,2564,3572,583,4   556,373,21,2024,3170,765,4   437,502,15,3109,4281,547,3   1244,258,8,3108,3818,291,3   346,373,24,4020,5042,874,2   1686,512,24,131,2059,874,3   1612,372,12,4716,6054,437,1   1369,252,28,5475,8081,1020,5   869,647,3,5037,5223,109,5   1517,668,12,2933,3785,437,5   875,666,6,3851,4425,219,2   421,332,19,5337,6363,692,3   1487,492,10,6390,6914,364,2   734,421,8,5974,6492,291,4   555,624,25,5651,7197,911,5   1791,481,20,2876,4070,729,1   1089,427,3,4796,5016,109,1   1529,435,24,3450,5778,874,3   320,416,21,4740,6892,765,3   1670,625,8,2976,3394,291,3   512,609,22,4986,6934,802,1   1644,378,28,5803,7547,1020,3   1538,497,23,3929,5881,838,2   1697,615,20,657,1785,729,1   106,330,22,6062,7528,802,1   1565,227,18,3929,4963,656,4   607,835,17,2540,3816,619,4   1837,538,13,4141,4939,474,4   1511,654,22,2921,4835,802,1   988,57,7,1989,2493,255,5   1437,655,29,3606,5906,1057,5   833,230,18,2910,4342,656,4   741,20,25,5263,6995,911,2
!----------------------------------------------------------------
!Recharge stations: x,y
300,0   674,747   1212,82   1820,396   146,610   594,208   900,186   1024,417   1145,426   1792,477   576,776   239,630   1713,323   1471,501   1667,668   355,687   236,202   588,459   1324,526   153,521   239,502   1273,594   965,466   350,401   1270,734

g inverse recharge rate 0.45
