!----------------------------------------------------------------
!Stores: (first: depot x,y; then: satellites x,y,maxCap)
300,0   1258,707,1000   742,378,1000   174,458,1000   1537,247,1000
!----------------------------------------------------------------
!Trucks: (total#, cap, cost/dist, fixcost)
6,250,1,150
!----------------------------------------------------------------
!CityFreighters: (max cf/sat, total#, cap, cost/dist, fixcost, maxCharge, energyConsumption)
10,10,125,1,80,800,1
!----------------------------------------------------------------
!Customers: (x, y, demand, readyTime, dueDate, serviceTime, penalizationCost)
1078,257,15,1983,2849,480,4   918,628,27,2952,5350,865,2   381,345,29,644,2726,929,4   816,329,22,4804,5738,705,3   799,696,8,965,1739,256,5   423,464,10,2778,3470,320,1   1346,338,25,2311,3625,801,3   844,755,4,1616,1798,128,5   1010,342,6,1242,1576,192,4   825,749,29,919,3183,929,4   873,553,22,1965,3641,705,4   1364,513,29,4535,6103,929,3   582,247,10,3542,4198,320,2   202,518,18,4821,6021,576,2   919,267,22,5067,6525,705,3   1686,510,4,2007,2303,128,2   1105,394,23,1584,2844,737,3   569,729,20,338,1562,641,5   660,568,20,2449,3375,641,1   1089,463,7,4668,4982,224,3   489,348,24,4856,6012,769,4   644,327,9,4490,5130,288,5   517,331,4,1877,2071,128,4   420,358,16,2001,3097,512,4   1669,384,22,4640,6126,705,1   394,671,10,5829,6391,320,4   1266,371,26,437,1723,833,1   1260,399,28,1752,4072,897,4   1148,529,24,2762,4498,769,5   1161,311,13,4982,5770,416,3   1216,736,4,3261,3403,128,5   1065,715,5,4416,4680,160,4   1540,609,23,4384,6088,737,4   543,522,6,5533,5987,192,4   567,444,13,3487,4481,416,4   904,516,22,4268,5204,705,4   1716,406,6,5803,6173,192,3   460,677,18,1743,2959,576,2   1277,456,22,832,2194,705,4   921,466,12,2941,3655,384,2   1801,385,27,3503,5929,865,4   197,438,21,940,2548,673,3   1520,513,12,1548,2374,384,3   866,783,25,2509,3907,801,4   939,892,22,3903,5299,705,3   1033,424,29,3393,5035,929,2   535,761,10,3143,3771,320,4   1986,442,10,1491,2353,320,5   664,627,3,2285,2437,96,4   1583,153,25,4539,5885,801,1
!----------------------------------------------------------------
!Recharge stations: x,y
300,0   1258,707   742,378   174,458   1537,247   934,581   1805,572   524,736   1767,528   1779,612   1046,238   1769,517   1339,698   824,700   762,402   1424,448   996,706   1842,529   555,586   1101,584   787,361   1107,409   1572,359   889,355   1722,382

g inverse recharge rate 0.75
