!----------------------------------------------------------------
!Stores: (first: depot x,y; then: satellites x,y,maxCap)
300,0   1002,917,1000   103,601,1000   426,696,1000   614,98,1000
!----------------------------------------------------------------
!Trucks: (total#, cap, cost/dist, fixcost)
6,250,1,150
!----------------------------------------------------------------
!CityFreighters: (max cf/sat, total#, cap, cost/dist, fixcost, maxCharge, energyConsumption)
10,10,125,1,80,1000,1
!----------------------------------------------------------------
!Customers: (x, y, demand, readyTime, dueDate, serviceTime, penalizationCost)
1347,608,18,3838,5100,772,4   411,612,7,1873,2373,300,3   852,558,4,1163,1471,172,4   953,749,6,5099,5699,257,1   1328,600,27,577,2739,1159,2   1203,628,12,2600,4082,515,2   1401,354,21,1827,3813,901,1   1587,324,13,747,1827,558,4   1522,633,5,1929,2277,215,4   1253,424,10,5880,7000,429,3   1024,672,8,5792,6662,343,3   1337,743,13,2740,3592,558,1   940,357,5,4755,5127,215,1   1311,642,16,2799,4351,687,2   1695,558,28,1731,4179,1202,1   585,586,19,249,1539,815,2   1061,582,14,6279,7635,601,2   940,546,5,4409,4649,215,2   1386,509,26,2986,5036,1116,3   510,434,26,368,2156,1116,5   1343,701,4,7230,7542,172,4   1721,609,23,2872,4976,987,3   1493,580,10,526,1680,429,4   918,642,29,3297,5941,1244,4   320,576,23,6363,6995,987,1   851,720,19,265,2189,815,3   437,347,18,1294,2762,772,3   1773,549,8,2609,3475,343,4   587,656,18,1074,2552,772,3   1318,469,25,1907,4305,1073,3   1086,232,6,6695,7341,257,1   959,214,19,4320,5154,815,1   359,442,5,6584,6958,215,4   702,558,21,5052,6996,901,4   1732,412,22,2840,5464,944,3   809,732,25,4783,7893,1073,3   1590,695,8,6686,7288,343,4   649,476,11,4545,5461,472,5   1725,509,24,2438,4666,1030,5   552,397,18,3608,5316,772,5   1414,63,24,1084,2634,1030,5   1994,533,3,5430,5670,129,1   453,407,9,7289,7997,386,5   1327,714,27,4774,6860,1159,3   1354,537,18,2148,3794,772,2   1919,563,3,6772,7028,129,5   416,212,17,6682,7836,729,5   1372,201,23,912,3244,987,4   1665,798,28,953,2927,1202,2   1051,387,24,3241,5473,1030,1
!----------------------------------------------------------------
!Recharge stations: x,y
300,0   1002,917   103,601   426,696   614,98   1498,536   1333,640   1301,579   1751,599   1842,499   1007,805   1591,542   917,770   1495,365   101,677   925,760   1295,746   499,651   511,538   1266,703   804,818   170,509   979,253   171,427   253,647

g inverse recharge rate 0.76
