!----------------------------------------------------------------
!Stores: (first: depot x,y; then: satellites x,y,maxCap)
300,0   737,750,1000   1403,735,1000   1207,746,1000   214,536,1000
!----------------------------------------------------------------
!Trucks: (total#, cap, cost/dist, fixcost)
6,250,1,150
!----------------------------------------------------------------
!CityFreighters: (max cf/sat, total#, cap, cost/dist, fixcost, maxCharge, energyConsumption)
10,10,125,1,80,1700,1
!----------------------------------------------------------------
!Customers: (x, y, demand, readyTime, dueDate, serviceTime, penalizationCost)
381,672,25,3467,4983,848,5   235,448,15,2842,3776,509,4   1527,689,11,1382,2334,373,2   991,692,10,365,795,339,5   1381,463,24,2820,4646,815,3   1331,325,10,5814,6432,339,3   280,463,3,1608,1818,102,1   1649,482,20,4384,5384,679,3   1251,279,18,2766,4266,611,5   772,424,19,388,1640,645,1   601,399,5,3911,4277,170,5   826,529,15,5108,5960,509,1   530,700,4,1405,1609,136,4   1347,369,20,2384,3594,679,5   358,653,26,2199,3703,882,4   1456,310,20,2077,3553,679,1   432,545,11,1296,1998,373,4   308,637,10,4780,5616,339,3   715,262,27,1291,2639,916,2   870,441,5,3514,3904,170,4   1624,425,17,3734,5176,577,3   253,551,5,5565,5915,170,5   630,527,19,3323,4463,645,3   1106,459,12,2483,3211,407,2   968,772,26,3013,4837,882,3   993,689,13,2149,3041,441,2   242,444,28,3263,4927,950,3   1479,590,20,4075,5177,679,2   1436,406,20,2874,4136,679,2   516,737,26,310,1346,882,2   1581,667,26,848,2632,882,3   1019,358,16,384,1146,543,2   1616,672,13,681,1453,441,3   557,378,18,3371,4603,611,2   1394,537,22,325,1733,747,2   1601,345,21,4789,5883,713,2   769,350,14,5391,6481,475,2   1790,485,17,4935,6219,577,5   814,743,26,1876,4036,882,3   399,364,29,4031,6553,984,5   835,490,8,3647,4259,272,1   533,911,20,815,2089,679,1   630,548,10,4642,5334,339,2   1296,446,14,790,2060,475,3   1428,556,6,4422,4958,204,2   278,269,6,2733,3075,204,4   646,530,3,1893,2141,102,3   1658,532,14,760,1654,475,2   470,622,19,4410,5972,645,5   1838,751,9,3988,4462,305,2
!----------------------------------------------------------------
!Recharge stations: x,y
300,0   737,750   1403,735   1207,746   214,536   1130,505   1578,314   1186,382   970,162   665,917   1713,789   37,542   1171,701   275,335   1325,207   585,786   855,801   517,331   1820,216   1356,325   756,278   383,615   1193,217   485,339   559,431

g inverse recharge rate 0.35
