!----------------------------------------------------------------
!Stores: (first: depot x,y; then: satellites x,y,maxCap)
300,0   1301,770,1000   254,805,1000   1042,125,1000   1949,604,1000
!----------------------------------------------------------------
!Trucks: (total#, cap, cost/dist, fixcost)
6,250,1,150
!----------------------------------------------------------------
!CityFreighters: (max cf/sat, total#, cap, cost/dist, fixcost, maxCharge, energyConsumption)
10,10,125,1,80,1000,1
!----------------------------------------------------------------
!Customers: (x, y, demand, readyTime, dueDate, serviceTime, penalizationCost)
629,336,12,1783,2975,496,1   460,387,11,1540,2596,455,4   1688,429,16,2625,3779,662,4   1449,542,25,2928,5048,1034,3   1029,651,18,1010,3106,745,5   747,647,19,1246,2768,786,3   944,670,19,3098,4764,786,2   459,321,9,4754,5516,372,3   748,672,13,1888,3258,538,2   1734,562,20,5530,6806,827,2   1006,523,10,6095,6911,414,5   1115,344,26,69,2301,1075,5   525,572,20,4379,5557,827,2   1099,637,15,4951,6107,620,1   1733,426,29,785,2841,1200,1   1239,422,13,1097,2131,538,2   1582,312,21,2819,5103,869,2   1221,729,21,2741,4645,869,2   649,668,28,4202,6348,1158,5   1435,250,6,5713,6057,248,4   371,320,9,1912,2916,372,3   610,490,11,1378,2140,455,1   752,225,18,2249,3815,745,3   1763,453,14,1696,2834,579,3   865,652,6,4648,5090,248,3   749,601,9,2307,3155,372,4   397,456,7,5754,6310,290,1   716,621,10,6760,7472,414,5   1500,608,12,4281,5211,496,4   851,771,22,3125,4557,910,3   1686,622,13,3566,4990,538,1   1555,455,11,5817,7167,455,4   680,485,6,3300,3830,248,1   1377,463,6,1295,1893,248,4   1630,501,6,3289,3959,248,4   1619,511,20,862,2806,827,5   1578,620,11,524,1792,455,5   387,409,15,4079,5153,620,3   859,326,16,5159,6773,662,4   586,446,8,2358,3124,331,5   1582,357,9,857,1525,372,4   814,501,29,2835,5965,1200,5   1113,156,28,2203,4555,1158,2   1276,752,24,3571,6395,993,1   1706,620,19,4962,6778,786,1   1741,645,14,5411,6675,579,1   1451,629,15,3909,4947,620,2   1925,391,14,2878,4236,579,2   1433,513,6,4518,4890,248,4   1047,330,18,2343,4107,745,3
!----------------------------------------------------------------
!Recharge stations: x,y
300,0   1301,770   254,805   1042,125   1949,604   786,558   961,757   592,546   1796,454   1828,482   282,366   306,487   1226,891   1253,280   420,427   1251,482   1168,320   1721,411   990,186   1576,561   495,385   1383,371   615,242   587,320   238,365

g inverse recharge rate 0.7
