!----------------------------------------------------------------
!Stores: (first: depot x,y; then: satellites x,y,maxCap)
300,0   1653,568,1000   1871,320,1000   1234,686,1000   279,699,1000
!----------------------------------------------------------------
!Trucks: (total#, cap, cost/dist, fixcost)
6,250,1,150
!----------------------------------------------------------------
!CityFreighters: (max cf/sat, total#, cap, cost/dist, fixcost, maxCharge, energyConsumption)
10,10,125,1,80,1000,1
!----------------------------------------------------------------
!Customers: (x, y, demand, readyTime, dueDate, serviceTime, penalizationCost)
1227,755,3,2706,3028,111,4   1781,476,27,2090,4196,996,5   1051,385,9,2232,2944,332,2   366,540,25,925,2861,922,5   801,289,7,1693,2211,258,1   1193,317,10,1999,2685,369,2   1060,468,29,3607,6375,1070,5   982,744,6,6822,7314,221,4   590,349,21,2212,3678,775,4   679,272,25,2718,4000,922,4   810,399,7,3949,4555,258,1   977,713,16,62,1392,590,5   934,265,11,3005,3591,406,1   458,492,21,791,2111,775,3   1554,663,27,2149,4313,996,3   460,405,13,3256,4126,480,5   1375,264,19,5347,6737,701,2   784,295,7,1705,2131,258,5   1185,262,17,3408,4460,627,5   852,774,19,2691,4311,701,4   205,510,9,1652,2344,332,4   917,244,5,6983,7313,184,4   1339,726,18,1102,2250,664,5   1557,371,24,447,1373,885,2   1252,738,16,942,2212,590,3   1173,621,29,5115,7105,1070,3   1636,352,28,44,1684,1033,5   1435,523,26,6273,7559,959,4   441,334,8,739,1401,295,1   237,572,3,6343,6507,111,1   321,577,12,5744,6400,443,2   1428,570,29,3277,5477,1070,3   1536,287,20,958,2924,738,5   794,332,27,4855,6451,996,1   1623,523,29,1433,3125,1070,5   203,497,12,4398,5350,443,1   461,697,25,1279,3065,922,1   439,477,10,2182,2826,369,1   1354,714,20,1974,3338,738,4   1710,494,14,5732,6654,516,4   638,433,11,6564,7082,406,4   1594,622,25,0,1889,922,3   1350,165,5,2302,2756,184,2   1664,507,10,3918,4782,369,4   695,739,14,2912,3612,516,3   1215,830,24,2972,4724,885,4   1584,213,27,4732,6608,996,2   318,339,20,2596,4400,738,5   1588,508,22,3260,4886,812,5   138,336,19,5789,6719,701,1
!----------------------------------------------------------------
!Recharge stations: x,y
300,0   1653,568   1871,320   1234,686   279,699   661,466   1714,350   994,513   564,385   1804,498   949,186   1456,213   1683,691   740,798   1284,621   107,487   185,487   1486,215   1524,745   856,617   1515,676   1355,275   1007,173   1143,935   1282,788

g inverse recharge rate 0.7
