!----------------------------------------------------------------
!Stores: (first: depot x,y; then: satellites x,y,maxCap)
300,0   341,811,1000   468,469,1000   1903,681,1000   1739,317,1000
!----------------------------------------------------------------
!Trucks: (total#, cap, cost/dist, fixcost)
6,250,1,150
!----------------------------------------------------------------
!CityFreighters: (max cf/sat, total#, cap, cost/dist, fixcost, maxCharge, energyConsumption)
10,10,125,1,80,1100,1
!----------------------------------------------------------------
!Customers: (x, y, demand, readyTime, dueDate, serviceTime, penalizationCost)
1457,621,29,1606,4646,1354,2   1369,514,15,268,1796,701,4   450,294,18,3782,5388,841,2   1201,625,4,6692,7096,187,5   303,393,10,3891,4817,467,5   626,373,9,4781,6017,420,5   986,751,21,3184,5640,981,4   1687,572,6,4028,4686,280,2   807,535,17,6019,7491,794,5   957,602,7,3084,3676,327,5   1341,466,14,1112,1964,654,4   868,335,19,3347,4929,887,4   1477,427,3,6112,6388,140,2   1710,513,7,3056,3638,327,2   297,516,18,3812,6076,841,2   1566,595,15,4928,6654,701,4   982,373,19,5333,6321,887,4   602,560,12,6889,8121,560,3   1018,575,17,2661,4135,794,5   681,511,19,3125,5411,887,5   390,389,12,5590,6690,560,1   1717,407,3,2837,3141,140,2   812,728,4,2518,2834,187,5   1482,411,11,4785,5985,514,1   1121,230,9,5340,6150,420,4   724,609,5,2786,3234,234,5   732,543,7,2804,3476,327,5   1701,427,5,4217,4841,234,4   1429,411,26,0,2768,1214,5   1580,334,6,4968,5574,280,2   1542,363,4,1881,2271,187,4   446,356,26,1118,3522,1214,4   1325,511,28,0,2472,1308,3   1040,543,14,4174,4974,654,4   839,762,10,3491,4709,467,5   826,427,25,4528,6862,1168,3   1622,535,18,1222,2836,841,4   1205,493,22,1547,3155,1027,5   1756,487,13,5567,6761,607,1   1757,458,13,4654,5872,607,2   1205,634,26,0,1795,1214,2   968,82,17,432,2368,794,4   552,907,29,5587,6839,1354,5   933,725,11,4714,5802,514,1   1702,535,16,1139,2555,747,2   1374,356,9,2630,3580,420,3   1225,149,10,5585,6481,467,1   1029,837,20,756,2588,934,3   894,84,23,1197,3837,1074,3   210,630,15,6183,7477,701,3
!----------------------------------------------------------------
!Recharge stations: x,y
300,0   341,811   468,469   1903,681   1739,317   848,592   1099,507   911,413   213,615   548,783   383,254   565,713   1717,496   1501,750   472,394   835,532   1065,724   1063,755   378,567   1418,245   1695,575   395,552   357,294   1675,329   1330,785

g inverse recharge rate 0.68
