!----------------------------------------------------------------
!Stores: (first: depot x,y; then: satellites x,y,maxCap)
300,0   941,202,1000   764,856,1000   989,385,1000   706,294,1000
!----------------------------------------------------------------
!Trucks: (total#, cap, cost/dist, fixcost)
6,250,1,150
!----------------------------------------------------------------
!CityFreighters: (max cf/sat, total#, cap, cost/dist, fixcost, maxCharge, energyConsumption)
10,10,125,1,80,1600,1
!----------------------------------------------------------------
!Customers: (x, y, demand, readyTime, dueDate, serviceTime, penalizationCost)
395,389,21,3353,4695,568,2   1351,406,17,938,1958,459,5   811,620,26,2074,3474,703,2   1558,318,7,2949,3245,189,4   1093,597,25,134,1388,676,3   1670,525,9,3170,3646,243,4   1364,741,27,670,1544,730,2   1108,353,6,1801,2161,162,3   811,277,23,2821,4591,622,3   570,613,13,592,1410,351,1   695,289,23,4036,5498,622,1   617,241,8,1251,1713,216,5   1471,373,12,3649,4431,324,5   846,746,4,4499,4763,108,1   486,281,19,3921,4691,513,5   1423,306,24,1050,2520,649,3   1317,658,22,1780,2766,595,5   1613,640,25,3112,4520,676,1   1043,609,14,1726,2510,378,2   482,401,15,2048,2624,405,2   1375,313,14,412,1094,378,5   1698,587,27,1005,2769,730,4   1425,250,7,1556,2012,189,5   1435,294,7,3205,3459,189,2   910,429,16,2375,3221,432,2   726,695,9,1064,1628,243,2   467,338,3,4400,4576,81,2   277,487,18,2072,2974,486,3   1079,513,15,4753,5501,405,4   341,514,12,480,1198,324,4   875,338,16,2274,3030,432,4   331,498,15,659,1507,405,5   314,395,15,304,1232,405,5   616,561,23,3797,4801,622,3   907,722,27,3450,4922,730,4   855,247,21,1964,3198,568,4   1116,540,27,2845,4109,730,3   1531,429,10,3119,3751,270,4   582,522,10,2287,2847,270,3   628,409,11,405,1099,297,2   1717,715,8,3216,3670,216,4   336,142,27,105,1899,730,3   1495,602,12,2370,3034,324,5   1059,62,13,3439,4149,351,4   1114,692,21,3080,4126,568,2   673,414,26,3616,5138,703,1   527,885,11,1903,2545,297,3   1841,629,20,3017,4009,540,4   1315,472,23,278,1618,622,3   465,222,19,3926,4908,513,2
!----------------------------------------------------------------
!Recharge stations: x,y
300,0   941,202   764,856   989,385   706,294   1527,333   1472,253   261,554   532,279   384,280   947,742   1506,457   263,387   511,644   238,352   662,615   188,567   1827,519   1644,482   905,333   725,649   566,473   1323,721   725,650   116,684

g inverse recharge rate 0.31
