!----------------------------------------------------------------
!Stores: (first: depot x,y; then: satellites x,y,maxCap)
300,0   1258,707,1000   742,378,1000   174,458,1000   1537,247,1000
!----------------------------------------------------------------
!Trucks: (total#, cap, cost/dist, fixcost)
6,250,1,150
!----------------------------------------------------------------
!CityFreighters: (max cf/sat, total#, cap, cost/dist, fixcost, maxCharge, energyConsumption)
10,10,125,1,80,1200,1
!----------------------------------------------------------------
!Customers: (x, y, demand, readyTime, dueDate, serviceTime, penalizationCost)
1078,257,15,563,1721,480,1   918,628,27,4493,6479,865,2   381,345,29,967,3141,929,2   816,329,22,2554,3870,705,5   799,696,8,2005,2701,256,5   423,464,10,5302,5884,320,1   1346,338,25,518,2298,801,5   844,755,4,4874,5142,128,4   1010,342,6,6235,6651,192,1   825,749,29,0,1791,929,4   873,553,22,713,2105,705,3   1364,513,29,2503,4937,929,3   582,247,10,340,1114,320,3   202,518,18,4493,5743,576,2   919,267,22,1323,2507,705,1   1686,510,4,3522,3850,128,1   1105,394,23,785,2027,737,5   569,729,20,921,1753,641,1   660,568,20,342,2070,641,5   1089,463,7,1273,1775,224,3   489,348,24,4862,6494,769,1   644,327,9,5899,6485,288,5   517,331,4,4915,5115,128,5   420,358,16,4639,5749,512,3   1669,384,22,2986,4636,705,2   394,671,10,5286,6102,320,4   1266,371,26,253,2341,833,5   1260,399,28,1635,4279,897,4   1148,529,24,3906,6226,769,3   1161,311,13,3057,4153,416,3   1216,736,4,5455,5727,128,4   1065,715,5,2827,3145,160,4   1540,609,23,3491,5027,737,2   543,522,6,1057,1415,192,3   567,444,13,1786,2660,416,5   904,516,22,2159,3745,705,2   1716,406,6,4227,4569,192,4   460,677,18,3657,5235,576,4   1277,456,22,1752,3016,705,1   921,466,12,2440,3272,384,5   1801,385,27,3327,5507,865,4   197,438,21,1175,2223,673,3   1520,513,12,3278,4382,384,1   866,783,25,1224,2818,801,1   939,892,22,2230,3588,705,3   1033,424,29,750,2168,929,2   535,761,10,1781,2395,320,3   1986,442,10,2725,3251,320,3   664,627,3,1380,1672,96,3   1583,153,25,1762,3304,801,1
!----------------------------------------------------------------
!Recharge stations: x,y
300,0   1258,707   742,378   174,458   1537,247   934,581   1805,572   524,736   1767,528   1779,612   1046,238   1769,517   1339,698   824,700   762,402   1424,448   996,706   1842,529   555,586   1101,584   787,361   1107,409   1572,359   889,355   1722,382

g inverse recharge rate 0.5
