!----------------------------------------------------------------
!Stores: (first: depot x,y; then: satellites x,y,maxCap)
300,0   1982,476,1000   985,805,1000   1474,624,1000   1117,188,1000
!----------------------------------------------------------------
!Trucks: (total#, cap, cost/dist, fixcost)
6,250,1,150
!----------------------------------------------------------------
!CityFreighters: (max cf/sat, total#, cap, cost/dist, fixcost, maxCharge, energyConsumption)
10,10,125,1,80,1100,1
!----------------------------------------------------------------
!Customers: (x, y, demand, readyTime, dueDate, serviceTime, penalizationCost)
615,600,27,1981,3647,1042,5   1511,329,23,4913,6617,888,3   1782,526,8,3196,3872,309,1   509,649,9,5460,5886,347,3   450,391,4,5579,5909,154,4   1103,297,6,952,1400,232,3   1090,759,8,3388,4088,309,4   1777,471,16,533,2063,617,2   503,585,9,5216,5976,347,4   991,253,27,1507,3779,1042,4   236,534,13,3324,4686,502,4   1027,793,24,561,2145,926,2   1206,221,6,2456,2970,232,1   1774,556,7,3641,4217,270,1   500,471,22,2062,3512,849,1   220,533,17,965,2415,656,5   270,402,22,1892,3216,849,3   370,540,17,4505,5697,656,4   248,532,7,3413,3773,270,2   1473,452,19,3432,4768,733,2   1005,700,6,6507,6953,232,2   1218,251,4,4321,4597,154,3   1461,480,29,652,2806,1119,3   729,658,4,985,1277,154,3   1377,537,25,1552,3046,965,4   1747,396,8,4705,5467,309,4   524,662,7,2268,2886,270,3   490,273,19,4211,5499,733,1   217,544,6,1858,2380,232,2   445,318,24,1926,3368,926,5   1401,748,23,1247,3673,888,3   858,647,16,843,2329,617,4   1700,356,25,5442,7524,965,1   1207,342,12,4769,6099,463,5   924,339,5,5452,5808,193,5   1074,619,25,5542,7252,965,4   1391,295,26,1963,3629,1003,1   789,284,18,5315,6823,695,4   884,539,16,4387,5219,617,1   277,552,23,3762,4702,888,4   1234,712,29,0,1809,1119,5   1048,910,5,3711,4169,193,3   1718,576,27,4281,6265,1042,5   629,161,16,1676,3160,617,2   363,216,5,2364,2796,193,5   1205,170,29,4290,6758,1119,4   993,642,8,4765,5403,309,5   1381,476,7,1161,1691,270,5   1648,835,20,4392,5892,772,1   1243,138,19,0,1187,733,2
!----------------------------------------------------------------
!Recharge stations: x,y
300,0   1982,476   985,805   1474,624   1117,188   470,426   1269,663   687,469   521,365   1752,431   808,433   718,386   674,489   539,450   698,349   1401,422   1427,512   467,422   1207,579   91,480   1482,486   1531,472   1263,685   1496,216   586,610

g inverse recharge rate 0.61
