!----------------------------------------------------------------
!Stores: (first: depot x,y; then: satellites x,y,maxCap)
300,0   1680,198,1000   1105,702,1000   1469,679,1000   967,345,1000
!----------------------------------------------------------------
!Trucks: (total#, cap, cost/dist, fixcost)
6,250,1,150
!----------------------------------------------------------------
!CityFreighters: (max cf/sat, total#, cap, cost/dist, fixcost, maxCharge, energyConsumption)
10,10,125,1,80,1700,1
!----------------------------------------------------------------
!Customers: (x, y, demand, readyTime, dueDate, serviceTime, penalizationCost)
802,540,20,3653,5159,591,5   1641,343,5,4602,4902,148,4   1184,667,26,3203,4169,769,1   942,312,28,1532,3172,828,2   1136,426,11,5575,6079,325,2   1212,394,11,3718,4400,325,4   962,605,16,64,878,473,2   463,582,13,4879,5581,384,5   491,462,25,2842,3820,739,3   675,621,26,3304,4836,769,1   1505,436,12,2938,3510,355,4   1719,382,10,278,914,296,1   378,359,25,936,1976,739,3   843,452,14,5400,5932,414,3   625,721,19,1642,2964,562,4   1634,400,25,2133,3623,739,4   1057,607,29,3825,5577,857,2   768,507,10,521,1067,296,2   1543,611,14,2532,3172,414,2   685,382,10,3178,3488,296,4   1027,322,17,1831,3155,503,3   816,578,7,5278,5688,207,1   727,698,8,4042,4546,237,1   1301,421,18,513,1689,532,1   358,485,13,2910,3668,384,5   1767,538,18,3010,3992,532,2   310,555,15,2015,2947,443,5   693,574,18,2157,3151,532,4   878,305,18,2587,3769,532,1   976,524,23,3478,5340,680,3   920,554,13,3334,4288,384,1   1291,546,23,2666,3736,680,5   799,506,10,2733,3347,296,3   890,602,24,881,2253,710,4   1746,558,19,3473,4113,562,4   1331,642,25,2155,3881,739,4   1567,456,27,4167,6141,798,5   1295,261,18,4111,5113,532,1   1304,310,5,2187,2491,148,5   681,714,14,2391,3137,414,3   809,607,16,4742,5830,473,2   725,388,8,1641,2027,237,1   103,632,4,2062,2246,118,2   1090,56,29,0,1666,857,3   1906,663,25,802,2450,739,2   408,559,23,2799,4271,680,1   387,541,25,532,1616,739,5   138,358,12,2464,3096,355,1   1414,489,25,4504,6112,739,5   1645,614,3,5006,5226,89,4
!----------------------------------------------------------------
!Recharge stations: x,y
300,0   1680,198   1105,702   1469,679   967,345   326,462   761,296   1152,234   351,436   675,802   1276,477   613,572   1479,418   544,246   1956,463   1135,317   504,633   604,809   1822,438   1035,378   916,153   270,616   1055,810   195,555   944,722

g inverse recharge rate 0.33
