!----------------------------------------------------------------
!Stores: (first: depot x,y; then: satellites x,y,maxCap)
300,0   1104,923,1000   265,570,1000   1281,290,1000   997,241,1000
!----------------------------------------------------------------
!Trucks: (total#, cap, cost/dist, fixcost)
6,250,1,150
!----------------------------------------------------------------
!CityFreighters: (max cf/sat, total#, cap, cost/dist, fixcost, maxCharge, energyConsumption)
10,10,125,1,80,1300,1
!----------------------------------------------------------------
!Customers: (x, y, demand, readyTime, dueDate, serviceTime, penalizationCost)
1080,593,8,1734,2244,272,1   1753,528,17,2317,3331,578,3   445,400,22,716,2322,748,1   812,373,17,220,1586,578,3   1472,533,8,3855,4333,272,4   533,449,11,5385,6373,374,1   1500,396,28,2046,3458,951,1   783,520,8,4636,5144,272,5   447,670,25,4499,6123,849,5   1673,643,11,3090,4182,374,3   295,397,24,888,2970,815,2   674,443,18,4056,5612,612,3   293,545,25,2067,2889,849,4   941,487,4,2714,2998,136,4   1501,317,16,2238,3288,544,1   1263,474,8,4299,4909,272,5   1796,478,13,2049,3007,442,3   219,495,6,3864,4214,204,4   352,509,19,5064,6024,646,3   1628,651,7,3235,3707,238,3   1419,708,29,4304,6448,985,4   1547,410,3,1540,1720,102,5   688,719,13,3979,4849,442,2   244,550,27,1300,3500,917,1   1548,575,8,4186,4842,272,3   1494,578,22,3578,5182,748,4   1582,371,13,3687,4679,442,5   1183,560,28,410,2382,951,5   1142,241,24,0,1442,815,4   1203,670,19,335,1775,646,2   1177,440,12,1901,2931,408,4   549,720,22,2655,4209,748,1   1499,389,22,325,2059,748,4   1019,209,10,5083,5845,340,2   1299,607,28,968,3092,951,5   1198,224,16,5682,6510,544,4   1770,470,19,3133,3673,646,2   1127,515,22,996,2742,748,4   603,584,8,460,932,272,1   1027,603,15,5643,6419,510,2   1772,355,3,2535,2781,102,2   744,204,11,4094,4812,374,2   1723,488,5,2068,2366,170,1   933,674,23,4371,5409,781,4   1154,645,17,5880,6408,578,1   1093,727,27,1260,2896,917,3   1683,195,24,2737,4225,815,4   220,563,6,491,1055,204,4   1524,784,22,3319,4423,748,4   1407,661,7,4132,4610,238,3
!----------------------------------------------------------------
!Recharge stations: x,y
300,0   1104,923   265,570   1281,290   997,241   1508,355   1486,550   368,875   1766,541   1717,671   1244,246   1438,333   1269,613   1833,520   535,532   1338,766   189,400   1131,503   554,230   374,386   1411,747   282,613   789,370   457,537   1796,516

g inverse recharge rate 0.46
