!----------------------------------------------------------------
!Stores: (first: depot x,y; then: satellites x,y,maxCap)
300,0   1104,923,1000   265,570,1000   1281,290,1000   997,241,1000
!----------------------------------------------------------------
!Trucks: (total#, cap, cost/dist, fixcost)
6,250,1,150
!----------------------------------------------------------------
!CityFreighters: (max cf/sat, total#, cap, cost/dist, fixcost, maxCharge, energyConsumption)
10,10,125,1,80,1700,1
!----------------------------------------------------------------
!Customers: (x, y, demand, readyTime, dueDate, serviceTime, penalizationCost)
1080,593,8,4795,5391,272,1   1753,528,17,3538,4658,578,3   445,400,22,1525,3261,748,3   812,373,17,98,1042,578,5   1472,533,8,3029,3611,272,1   533,449,11,5508,6526,374,4   1500,396,28,3862,5916,951,1   783,520,8,2573,3079,272,5   447,670,25,3740,5502,849,2   1673,643,11,3348,4208,374,5   295,397,24,192,1816,815,1   674,443,18,4715,6341,612,3   293,545,25,3948,5880,849,5   941,487,4,3545,3843,136,4   1501,317,16,2372,3314,544,1   1263,474,8,642,1278,272,2   1796,478,13,1483,2847,442,2   219,495,6,4175,4577,204,5   352,509,19,4228,5584,646,2   1628,651,7,897,1243,238,1   1419,708,29,3101,4441,985,5   1547,410,3,5842,5972,102,1   688,719,13,1991,3093,442,1   244,550,27,714,2958,917,2   1548,575,8,3094,3626,272,3   1494,578,22,3183,4545,748,4   1582,371,13,1810,2744,442,4   1183,560,28,741,2783,951,5   1142,241,24,2417,4385,815,2   1203,670,19,4650,6076,646,4   1177,440,12,1263,1915,408,4   549,720,22,4663,6121,748,3   1499,389,22,1725,3049,748,4   1019,209,10,1081,1947,340,1   1299,607,28,3727,5619,951,5   1198,224,16,2618,3944,544,4   1770,470,19,693,2321,646,5   1127,515,22,4633,5669,748,3   603,584,8,2186,2636,272,5   1027,603,15,886,2052,510,2   1772,355,3,2255,2509,102,5   744,204,11,861,1783,374,1   1723,488,5,5828,6222,170,1   933,674,23,3108,4360,781,4   1154,645,17,1465,2477,578,5   1093,727,27,983,2927,917,1   1683,195,24,2691,4431,815,2   220,563,6,2767,3077,204,2   1524,784,22,2011,3707,748,4   1407,661,7,2635,3087,238,1
!----------------------------------------------------------------
!Recharge stations: x,y
300,0   1104,923   265,570   1281,290   997,241   1508,355   1486,550   368,875   1766,541   1717,671   1244,246   1438,333   1269,613   1833,520   535,532   1338,766   189,400   1131,503   554,230   374,386   1411,747   282,613   789,370   457,537   1796,516

g inverse recharge rate 0.36
