!----------------------------------------------------------------
!Stores: (first: depot x,y; then: satellites x,y,maxCap)
300,0   1314,650,1000   548,85,1000   70,356,1000   844,731,1000
!----------------------------------------------------------------
!Trucks: (total#, cap, cost/dist, fixcost)
6,250,1,150
!----------------------------------------------------------------
!CityFreighters: (max cf/sat, total#, cap, cost/dist, fixcost, maxCharge, energyConsumption)
10,10,125,1,80,1400,1
!----------------------------------------------------------------
!Customers: (x, y, demand, readyTime, dueDate, serviceTime, penalizationCost)
1140,489,22,4438,6106,844,4   1210,344,10,1974,2698,384,5   283,552,7,4302,4554,269,1   1743,579,11,1833,2717,422,4   660,253,15,5803,6657,575,1   808,679,4,6137,6411,153,2   288,610,3,4529,4791,115,5   1320,570,10,512,1548,384,4   984,331,29,2536,5228,1112,3   1198,680,17,1023,2267,652,3   1390,344,18,2055,3151,691,1   1427,604,7,2778,3230,269,5   1264,777,19,5280,6792,729,4   1192,450,16,3969,4987,614,4   1350,439,21,4253,5541,806,1   890,676,22,3756,5312,844,3   1265,750,17,5787,6837,652,4   1488,311,23,971,2921,882,2   1676,533,17,4940,6448,652,2   232,547,26,758,2448,997,1   1548,424,16,3892,5134,614,4   1087,469,19,4346,6066,729,4   577,324,11,1719,2497,422,5   200,500,25,5534,7394,959,3   1621,484,11,832,1820,422,3   1585,514,27,3020,4568,1036,2   457,347,10,2761,3391,384,2   1507,592,12,2235,2783,460,2   316,368,13,6286,7018,499,3   512,602,9,1844,2560,345,1   1445,645,28,3769,5677,1074,5   805,561,5,6742,7120,192,1   342,511,23,2279,4707,882,4   1639,556,18,5603,7291,691,4   825,343,7,3749,4233,269,1   1751,499,18,1804,3484,691,3   1684,637,18,3187,4683,691,1   1472,666,8,3189,3843,307,4   1094,424,11,1152,1990,422,5   1701,426,18,2201,3739,691,2   1345,660,19,4044,6104,729,4   878,16,28,3330,5840,1074,3   216,792,7,1631,2259,269,3   961,798,21,694,2334,806,4   1184,801,12,4042,5202,460,5   1274,186,22,2231,3315,844,5   928,905,19,2305,3605,729,4   1061,989,25,920,2974,959,5   474,471,11,1504,2130,422,4   248,292,11,5750,6620,422,5
!----------------------------------------------------------------
!Recharge stations: x,y
300,0   1314,650   548,85   70,356   844,731   273,357   372,710   1529,261   1270,389   655,302   1674,380   1396,767   244,452   1523,709   426,287   921,702   861,575   1356,580   529,269   122,368   690,624   750,182   364,612   1301,231   417,330

g inverse recharge rate 0.48
