!----------------------------------------------------------------
!Stores: (first: depot x,y; then: satellites x,y,maxCap)
300,0   1258,707,1000   742,378,1000   174,458,1000   1537,247,1000
!----------------------------------------------------------------
!Trucks: (total#, cap, cost/dist, fixcost)
6,250,1,150
!----------------------------------------------------------------
!CityFreighters: (max cf/sat, total#, cap, cost/dist, fixcost, maxCharge, energyConsumption)
10,10,125,1,80,1400,1
!----------------------------------------------------------------
!Customers: (x, y, demand, readyTime, dueDate, serviceTime, penalizationCost)
1078,257,15,5472,6678,480,2   918,628,27,1489,3367,865,1   381,345,29,255,2775,929,4   816,329,22,1629,2857,705,2   799,696,8,2964,3404,256,2   423,464,10,791,1485,320,4   1346,338,25,3847,5641,801,5   844,755,4,5836,6066,128,1   1010,342,6,2264,2690,192,5   825,749,29,0,2014,929,4   873,553,22,4895,5905,705,3   1364,513,29,2246,3920,929,5   582,247,10,5508,6150,320,3   202,518,18,4454,5504,576,3   919,267,22,183,1439,705,1   1686,510,4,1654,1850,128,5   1105,394,23,452,1854,737,2   569,729,20,1339,2621,641,5   660,568,20,3958,5566,641,1   1089,463,7,2933,3253,224,5   489,348,24,3527,4757,769,5   644,327,9,1760,2426,288,1   517,331,4,793,967,128,3   420,358,16,2690,3916,512,1   1669,384,22,3799,5437,705,5   394,671,10,4565,5119,320,2   1266,371,26,2424,4062,833,5   1260,399,28,4760,6576,897,5   1148,529,24,1754,3356,769,5   1161,311,13,2068,2524,416,2   1216,736,4,2978,3164,128,2   1065,715,5,6158,6494,160,4   1540,609,23,3135,4925,737,2   543,522,6,599,917,192,5   567,444,13,242,1020,416,1   904,516,22,3064,4462,705,2   1716,406,6,2052,2486,192,3   460,677,18,2678,4048,576,3   1277,456,22,327,2079,705,4   921,466,12,4234,4832,384,2   1801,385,27,2530,3926,865,5   197,438,21,5037,6107,673,3   1520,513,12,1384,2454,384,5   866,783,25,4725,6657,801,2   939,892,22,1816,3306,705,1   1033,424,29,4648,6578,929,5   535,761,10,587,1303,320,4   1986,442,10,1138,1814,320,1   664,627,3,6375,6573,96,2   1583,153,25,3223,5041,801,5
!----------------------------------------------------------------
!Recharge stations: x,y
300,0   1258,707   742,378   174,458   1537,247   934,581   1805,572   524,736   1767,528   1779,612   1046,238   1769,517   1339,698   824,700   762,402   1424,448   996,706   1842,529   555,586   1101,584   787,361   1107,409   1572,359   889,355   1722,382

g inverse recharge rate 0.43
