!----------------------------------------------------------------
!Stores: (first: depot x,y; then: satellites x,y,maxCap)
300,0   1982,476,1000   985,805,1000   1474,624,1000   1117,188,1000
!----------------------------------------------------------------
!Trucks: (total#, cap, cost/dist, fixcost)
6,250,1,150
!----------------------------------------------------------------
!CityFreighters: (max cf/sat, total#, cap, cost/dist, fixcost, maxCharge, energyConsumption)
10,10,125,1,80,900,1
!----------------------------------------------------------------
!Customers: (x, y, demand, readyTime, dueDate, serviceTime, penalizationCost)
615,600,27,1963,3575,1042,4   1511,329,23,5236,7020,888,4   1782,526,8,2396,3194,309,5   509,649,9,1043,1751,347,4   450,391,4,5857,6103,154,5   1103,297,6,1095,1711,232,1   1090,759,8,4967,5655,309,3   1777,471,16,1409,2641,617,1   503,585,9,2245,2725,347,4   991,253,27,2827,4539,1042,1   236,534,13,846,1766,502,4   1027,793,24,3928,6034,926,5   1206,221,6,5763,6075,232,3   1774,556,7,558,1180,270,4   500,471,22,1259,2231,849,3   220,533,17,4238,5370,656,1   270,402,22,4963,6643,849,4   370,540,17,3556,4818,656,3   248,532,7,3080,3614,270,3   1473,452,19,3307,4625,733,3   1005,700,6,4070,4628,232,2   1218,251,4,1265,1611,154,2   1461,480,29,2357,4069,1119,1   729,658,4,2741,3143,154,3   1377,537,25,3306,5466,965,3   1747,396,8,1182,1846,309,2   524,662,7,5190,5760,270,1   490,273,19,435,2317,733,1   217,544,6,1225,1559,232,4   445,318,24,5131,6723,926,4   1401,748,23,1685,3653,888,3   858,647,16,3357,4591,617,1   1700,356,25,3455,5401,965,5   1207,342,12,3282,4168,463,4   924,339,5,5187,5553,193,4   1074,619,25,4142,6684,965,3   1391,295,26,4071,5539,1003,5   789,284,18,3226,4574,695,1   884,539,16,3845,5305,617,4   277,552,23,4782,5844,888,2   1234,712,29,14,2758,1119,2   1048,910,5,6808,7260,193,2   1718,576,27,2369,4521,1042,1   629,161,16,230,1816,617,4   363,216,5,1099,1447,193,1   1205,170,29,4715,6037,1119,4   993,642,8,6295,6943,309,5   1381,476,7,2660,3172,270,3   1648,835,20,3838,5512,772,4   1243,138,19,159,1437,733,5
!----------------------------------------------------------------
!Recharge stations: x,y
300,0   1982,476   985,805   1474,624   1117,188   470,426   1269,663   687,469   521,365   1752,431   808,433   718,386   674,489   539,450   698,349   1401,422   1427,512   467,422   1207,579   91,480   1482,486   1531,472   1263,685   1496,216   586,610

g inverse recharge rate 0.74
