!----------------------------------------------------------------
!Stores: (first: depot x,y; then: satellites x,y,maxCap)
300,0   341,811,1000   468,469,1000   1903,681,1000   1739,317,1000
!----------------------------------------------------------------
!Trucks: (total#, cap, cost/dist, fixcost)
6,250,1,150
!----------------------------------------------------------------
!CityFreighters: (max cf/sat, total#, cap, cost/dist, fixcost, maxCharge, energyConsumption)
10,10,125,1,80,800,1
!----------------------------------------------------------------
!Customers: (x, y, demand, readyTime, dueDate, serviceTime, penalizationCost)
1457,621,29,3281,5749,1354,4   1369,514,15,6524,7920,701,3   450,294,18,4052,5824,841,3   1201,625,4,4083,4417,187,1   303,393,10,6432,7456,467,3   626,373,9,5867,6857,420,4   986,751,21,5731,7737,981,5   1687,572,6,6364,6712,280,2   807,535,17,3828,5682,794,5   957,602,7,1321,2029,327,2   1341,466,14,5888,7078,654,1   868,335,19,1359,3519,887,5   1477,427,3,836,1042,140,2   1710,513,7,1682,2228,327,4   297,516,18,5409,7363,841,3   1566,595,15,2573,4367,701,3   982,373,19,2137,3503,887,1   602,560,12,519,1423,560,1   1018,575,17,1308,2530,794,4   681,511,19,2615,4765,887,4   390,389,12,4613,5879,560,2   1717,407,3,5130,5398,140,3   812,728,4,5358,5640,187,4   1482,411,11,5837,6987,514,3   1121,230,9,4165,4877,420,4   724,609,5,995,1641,234,3   732,543,7,1310,2142,327,1   1701,427,5,7179,7783,234,2   1429,411,26,553,3683,1214,4   1580,334,6,7365,8007,280,5   1542,363,4,2118,2474,187,2   446,356,26,2357,5539,1214,4   1325,511,28,2276,4574,1308,3   1040,543,14,5702,6834,654,4   839,762,10,6837,7563,467,1   826,427,25,4285,6977,1168,1   1622,535,18,3977,5879,841,5   1205,493,22,1377,3281,1027,3   1756,487,13,3824,5502,607,3   1757,458,13,6677,8005,607,3   1205,634,26,3683,6395,1214,5   968,82,17,5202,6970,794,4   552,907,29,1518,4288,1354,2   933,725,11,6312,7690,514,3   1702,535,16,974,3100,747,2   1374,356,9,4417,5323,420,3   1225,149,10,3683,4523,467,3   1029,837,20,5686,7068,934,4   894,84,23,1816,3650,1074,5   210,630,15,4619,5713,701,3
!----------------------------------------------------------------
!Recharge stations: x,y
300,0   341,811   468,469   1903,681   1739,317   848,592   1099,507   911,413   213,615   548,783   383,254   565,713   1717,496   1501,750   472,394   835,532   1065,724   1063,755   378,567   1418,245   1695,575   395,552   357,294   1675,329   1330,785

g inverse recharge rate 0.93
