!----------------------------------------------------------------
!Stores: (first: depot x,y; then: satellites x,y,maxCap)
300,0   1056,693,1000   103,661,1000   114,485,1000   1304,808,1000
!----------------------------------------------------------------
!Trucks: (total#, cap, cost/dist, fixcost)
6,250,1,150
!----------------------------------------------------------------
!CityFreighters: (max cf/sat, total#, cap, cost/dist, fixcost, maxCharge, energyConsumption)
10,10,125,1,80,1200,1
!----------------------------------------------------------------
!Customers: (x, y, demand, readyTime, dueDate, serviceTime, penalizationCost)
1163,500,29,4626,6684,1042,2   1367,493,17,1140,2424,611,2   1485,607,26,3424,5044,934,1   1714,389,16,5094,6162,575,2   1141,670,10,5040,5766,359,1   342,564,29,4540,6270,1042,2   881,394,10,5420,6084,359,4   363,652,13,6405,7271,467,4   1144,739,20,1989,3565,719,3   262,395,5,6345,6755,180,4   1289,387,5,4215,4579,180,1   1060,256,28,14,2564,1006,1   1137,712,4,4213,4533,144,2   877,554,6,1500,1944,216,2   387,602,17,1674,2518,611,4   499,280,28,0,2009,1006,5   735,489,9,5246,5792,323,5   1138,223,5,6092,6262,180,4   1773,517,24,1437,3485,862,1   463,646,22,2420,4092,791,1   225,513,28,1218,3708,1006,4   987,328,14,199,1261,503,2   1718,618,10,3302,3884,359,2   527,297,15,4280,5040,539,1   1653,580,26,3477,5607,934,4   847,769,3,4349,4515,108,3   429,548,20,3427,4799,719,3   745,448,19,3874,5332,683,2   1593,500,3,3407,3653,108,4   469,718,18,3997,5371,647,3   1343,759,21,1547,2847,755,4   1460,507,4,2891,3165,144,1   1261,735,24,1714,3116,862,2   722,686,29,100,2476,1042,4   1404,478,14,1694,2896,503,2   677,632,22,2171,4215,791,4   1007,383,4,984,1246,144,2   461,675,26,1888,3516,934,3   1362,527,13,4269,5321,467,1   980,486,3,4349,4531,108,3   644,679,20,2822,4216,719,4   406,154,21,3075,4655,755,5   1111,292,15,2856,3892,539,2   367,807,6,2381,2677,216,5   285,608,27,336,3174,970,2   849,557,29,1672,3664,1042,2   394,411,29,4136,7152,1042,5   637,836,17,3966,4902,611,1   462,155,6,5211,5709,216,2   334,751,11,4156,4808,395,5
!----------------------------------------------------------------
!Recharge stations: x,y
300,0   1056,693   103,661   114,485   1304,808   1615,737   1344,598   1012,905   103,417   1523,354   1299,814   158,541   567,722   1701,635   976,253   845,391   1608,700   459,496   1691,557   973,187   558,529   701,686   1708,812   514,389   271,327

g inverse recharge rate 0.55
