!----------------------------------------------------------------
!Stores: (first: depot x,y; then: satellites x,y,maxCap)
300,0   674,747,1000   1212,82,1000   1820,396,1000   146,610,1000
!----------------------------------------------------------------
!Trucks: (total#, cap, cost/dist, fixcost)
6,250,1,150
!----------------------------------------------------------------
!CityFreighters: (max cf/sat, total#, cap, cost/dist, fixcost, maxCharge, energyConsumption)
10,10,125,1,80,1700,1
!----------------------------------------------------------------
!Customers: (x, y, demand, readyTime, dueDate, serviceTime, penalizationCost)
780,646,22,4254,6180,802,1   711,230,24,2963,5027,874,2   573,491,16,5373,6427,583,3   466,713,9,6310,6928,328,2   580,515,15,778,2480,547,5   785,684,29,1688,3962,1057,4   1798,482,16,3422,4380,583,4   1254,401,11,687,1647,401,4   1267,503,24,1709,3441,874,5   1692,387,19,3695,5457,692,5   1346,517,24,4871,6773,874,5   1640,434,7,5302,5946,255,2   952,712,29,1613,4217,1057,3   300,610,19,4236,5868,692,3   735,309,5,7098,7552,182,4   1201,417,19,5160,6024,692,5   912,561,22,4569,6295,802,5   682,725,16,1320,2104,583,4   556,373,21,1584,3186,765,2   437,502,15,4058,5372,547,1   1244,258,8,5377,6011,291,3   346,373,24,2691,4687,874,2   1686,512,24,5542,7258,874,1   1612,372,12,3950,4850,437,3   1369,252,28,730,2866,1020,5   869,647,3,7023,7281,109,3   1517,668,12,2899,3679,437,4   875,666,6,2448,2886,219,3   421,332,19,767,1571,692,4   1487,492,10,6561,7327,364,2   734,421,8,5344,6074,291,4   555,624,25,0,1678,911,5   1791,481,20,633,2131,729,1   1089,427,3,6092,6350,109,5   1529,435,24,3112,5304,874,4   320,416,21,104,1868,765,3   1670,625,8,2145,2669,291,3   512,609,22,3429,4657,802,3   1644,378,28,2250,3860,1020,3   1538,497,23,1774,3522,838,2   1697,615,20,569,1299,729,3   106,330,22,966,3266,802,1   1565,227,18,1272,2324,656,1   607,835,17,4013,5375,619,4   1837,538,13,4569,5765,474,5   1511,654,22,457,1581,802,1   988,57,7,6911,7243,255,1   1437,655,29,2869,4523,1057,5   833,230,18,778,2302,656,2   741,20,25,1899,3481,911,3
!----------------------------------------------------------------
!Recharge stations: x,y
300,0   674,747   1212,82   1820,396   146,610   594,208   900,186   1024,417   1145,426   1792,477   576,776   239,630   1713,323   1471,501   1667,668   355,687   236,202   588,459   1324,526   153,521   239,502   1273,594   965,466   350,401   1270,734

g inverse recharge rate 0.42
