!----------------------------------------------------------------
!Stores: (first: depot x,y; then: satellites x,y,maxCap)
300,0   674,747,1000   1212,82,1000   1820,396,1000   146,610,1000
!----------------------------------------------------------------
!Trucks: (total#, cap, cost/dist, fixcost)
6,250,1,150
!----------------------------------------------------------------
!CityFreighters: (max cf/sat, total#, cap, cost/dist, fixcost, maxCharge, energyConsumption)
10,10,125,1,80,1400,1
!----------------------------------------------------------------
!Customers: (x, y, demand, readyTime, dueDate, serviceTime, penalizationCost)
780,646,22,4121,5611,802,4   711,230,24,4787,6091,874,3   573,491,16,5559,6565,583,2   466,713,9,7132,7874,328,5   580,515,15,435,1231,547,3   785,684,29,4904,6764,1057,3   1798,482,16,4901,6215,583,2   1254,401,11,3113,3591,401,4   1267,503,24,1898,3614,874,2   1692,387,19,4941,5543,692,2   1346,517,24,3261,5025,874,5   1640,434,7,4098,4424,255,3   952,712,29,213,2257,1057,3   300,610,19,478,1342,692,4   735,309,5,3778,4172,182,3   1201,417,19,3739,4791,692,1   912,561,22,4643,6105,802,3   682,725,16,6660,7692,583,3   556,373,21,5622,6814,765,5   437,502,15,513,1711,547,5   1244,258,8,497,935,291,1   346,373,24,6025,7507,874,2   1686,512,24,4358,5908,874,1   1612,372,12,2047,3021,437,5   1369,252,28,493,2323,1020,3   869,647,3,2738,2986,109,5   1517,668,12,4690,5474,437,3   875,666,6,1912,2416,219,4   421,332,19,5804,7592,692,2   1487,492,10,3960,4630,364,5   734,421,8,7110,7704,291,5   555,624,25,2309,4419,911,3   1791,481,20,573,1995,729,1   1089,427,3,6636,6782,109,5   1529,435,24,3405,5257,874,5   320,416,21,3357,4953,765,3   1670,625,8,726,1200,291,1   512,609,22,5612,6924,802,1   1644,378,28,0,2472,1020,1   1538,497,23,1976,3340,838,2   1697,615,20,945,2485,729,3   106,330,22,501,2319,802,4   1565,227,18,6051,7411,656,1   607,835,17,3170,4590,619,1   1837,538,13,4164,5110,474,4   1511,654,22,1974,3102,802,4   988,57,7,2746,3156,255,1   1437,655,29,2430,5004,1057,4   833,230,18,2207,2957,656,2   741,20,25,947,3619,911,1
!----------------------------------------------------------------
!Recharge stations: x,y
300,0   674,747   1212,82   1820,396   146,610   594,208   900,186   1024,417   1145,426   1792,477   576,776   239,630   1713,323   1471,501   1667,668   355,687   236,202   588,459   1324,526   153,521   239,502   1273,594   965,466   350,401   1270,734

g inverse recharge rate 0.51
