!----------------------------------------------------------------
!Stores: (first: depot x,y; then: satellites x,y,maxCap)
300,0   1659,775,1000   808,901,1000   1591,509,1000   392,464,1000
!----------------------------------------------------------------
!Trucks: (total#, cap, cost/dist, fixcost)
6,250,1,150
!----------------------------------------------------------------
!CityFreighters: (max cf/sat, total#, cap, cost/dist, fixcost, maxCharge, energyConsumption)
10,10,125,1,80,900,1
!----------------------------------------------------------------
!Customers: (x, y, demand, readyTime, dueDate, serviceTime, penalizationCost)
792,282,11,5026,5244,383,5   1380,598,3,2514,2748,104,1   618,441,29,732,2144,1009,1   1553,584,13,3613,4593,452,5   998,533,4,4504,4866,139,4   1244,774,6,5191,5657,209,1   884,770,19,3584,4572,661,4   1080,404,6,2061,2491,209,4   481,409,16,283,1289,557,4   664,358,29,2482,4544,1009,3   1498,576,26,2525,4625,905,2   1652,651,22,449,1877,765,5   622,687,23,2482,4342,800,1   900,495,19,2883,3857,661,2   719,221,10,3882,4582,348,3   579,264,11,5083,5909,383,3   1361,307,10,2163,2811,348,4   365,366,21,2161,4011,731,1   1258,562,20,790,2154,696,1   1600,540,13,792,1744,452,1   560,562,15,2956,4256,522,2   382,682,14,1380,2170,487,5   1757,481,28,2754,5336,974,5   1129,555,13,4188,5050,452,4   1358,384,14,5118,6048,487,1   1222,388,22,1512,2536,765,4   447,529,25,874,2202,870,5   986,327,10,4196,4968,348,5   1488,332,16,4120,5330,557,2   303,614,7,4989,5409,244,2   322,547,6,2864,3306,209,3   1167,396,19,5015,6697,661,5   1210,425,22,315,1513,765,4   1031,395,23,67,1579,800,4   829,439,14,2670,3654,487,1   1062,223,29,4357,6053,1009,1   1714,373,20,4664,6534,696,1   1083,289,6,3038,3406,209,4   675,307,9,4434,5332,313,5   985,532,12,592,1348,418,5   1507,186,27,103,2125,939,2   1645,498,21,1293,2625,731,5   560,830,29,2414,4668,1009,5   46,552,28,3659,5325,974,3   98,507,12,3864,4470,418,1   1372,399,23,0,1697,800,2   202,283,18,2462,3688,626,2   1186,634,22,750,2696,765,2   764,580,6,1822,2242,209,2   1628,760,25,2685,4421,870,1
!----------------------------------------------------------------
!Recharge stations: x,y
300,0   1659,775   808,901   1591,509   392,464   1757,423   1107,6   1049,303   1705,574   1363,190   1397,760   456,754   119,636   897,432   1297,408   289,574   617,747   1580,499   1489,401   328,706   1562,584   1735,269   1433,279   1597,283   189,504

g inverse recharge rate 0.73
