!----------------------------------------------------------------
!Stores: (first: depot x,y; then: satellites x,y,maxCap)
300,0   1056,693,1000   103,661,1000   114,485,1000   1304,808,1000
!----------------------------------------------------------------
!Trucks: (total#, cap, cost/dist, fixcost)
6,250,1,150
!----------------------------------------------------------------
!CityFreighters: (max cf/sat, total#, cap, cost/dist, fixcost, maxCharge, energyConsumption)
10,10,125,1,80,800,1
!----------------------------------------------------------------
!Customers: (x, y, demand, readyTime, dueDate, serviceTime, penalizationCost)
1163,500,29,1860,3586,1042,4   1367,493,17,503,2311,611,4   1485,607,26,2892,4390,934,3   1714,389,16,4524,5830,575,5   1141,670,10,3128,4034,359,1   342,564,29,0,1591,1042,2   881,394,10,5543,6337,359,4   363,652,13,3317,4365,467,1   1144,739,20,2098,3026,719,5   262,395,5,3390,3688,180,2   1289,387,5,2330,2754,180,1   1060,256,28,618,2486,1006,5   1137,712,4,6639,6857,144,1   877,554,6,5335,5923,216,4   387,602,17,4542,5646,611,2   499,280,28,472,2618,1006,5   735,489,9,5091,5781,323,1   1138,223,5,6257,6679,180,5   1773,517,24,3496,5594,862,5   463,646,22,5234,6586,791,3   225,513,28,0,2053,1006,4   987,328,14,5023,6171,503,3   1718,618,10,4684,5198,359,5   527,297,15,5823,6673,539,5   1653,580,26,3509,5623,934,1   847,769,3,5840,5984,108,1   429,548,20,878,2364,719,5   745,448,19,142,1398,683,1   1593,500,3,2066,2224,108,4   469,718,18,2633,4451,647,2   1343,759,21,4193,5445,755,4   1460,507,4,3564,3988,144,5   1261,735,24,2181,4183,862,4   722,686,29,0,1425,1042,2   1404,478,14,3329,4605,503,3   677,632,22,0,1335,791,4   1007,383,4,1804,2100,144,3   461,675,26,438,2096,934,4   1362,527,13,3041,3825,467,1   980,486,3,5893,6119,108,2   644,679,20,4878,6320,719,3   406,154,21,3881,4589,755,3   1111,292,15,1223,2415,539,3   367,807,6,2821,3303,216,1   285,608,27,2367,4635,970,1   849,557,29,3109,4727,1042,2   394,411,29,3466,5778,1042,2   637,836,17,3862,4876,611,5   462,155,6,1513,1807,216,5   334,751,11,1376,2286,395,3
!----------------------------------------------------------------
!Recharge stations: x,y
300,0   1056,693   103,661   114,485   1304,808   1615,737   1344,598   1012,905   103,417   1523,354   1299,814   158,541   567,722   1701,635   976,253   845,391   1608,700   459,496   1691,557   973,187   558,529   701,686   1708,812   514,389   271,327

g inverse recharge rate 0.82
