!----------------------------------------------------------------
!Stores: (first: depot x,y; then: satellites x,y,maxCap)
300,0   1002,917,1000   103,601,1000   426,696,1000   614,98,1000
!----------------------------------------------------------------
!Trucks: (total#, cap, cost/dist, fixcost)
6,250,1,150
!----------------------------------------------------------------
!CityFreighters: (max cf/sat, total#, cap, cost/dist, fixcost, maxCharge, energyConsumption)
10,10,125,1,80,1700,1
!----------------------------------------------------------------
!Customers: (x, y, demand, readyTime, dueDate, serviceTime, penalizationCost)
1347,608,18,4043,5323,772,4   411,612,7,1233,1821,300,2   852,558,4,1208,1552,172,3   953,749,6,5900,6318,257,4   1328,600,27,4172,6692,1159,2   1203,628,12,3973,4649,515,1   1401,354,21,1426,3176,901,1   1587,324,13,4798,6018,558,4   1522,633,5,1409,1797,215,2   1253,424,10,5689,6429,429,4   1024,672,8,6154,6968,343,5   1337,743,13,1020,2136,558,3   940,357,5,3722,4306,215,4   1311,642,16,6607,7887,687,5   1695,558,28,141,2845,1202,1   585,586,19,503,2035,815,3   1061,582,14,1077,2057,601,3   940,546,5,2548,2804,215,2   1386,509,26,2446,5444,1116,2   510,434,26,0,2056,1116,5   1343,701,4,2781,3153,172,5   1721,609,23,4110,5860,987,1   1493,580,10,6258,7094,429,4   918,642,29,2584,5686,1244,2   320,576,23,6495,8661,987,5   851,720,19,5862,7236,815,5   437,347,18,3208,4688,772,4   1773,549,8,2897,3935,343,3   587,656,18,2663,4409,772,3   1318,469,25,5827,8171,1073,5   1086,232,6,590,1022,257,1   959,214,19,3966,5460,815,5   359,442,5,968,1406,215,5   702,558,21,1531,3175,901,5   1732,412,22,2101,4321,944,3   809,732,25,5809,7759,1073,3   1590,695,8,6138,6964,343,5   649,476,11,706,1686,472,5   1725,509,24,4108,6704,1030,4   552,397,18,6540,8342,772,2   1414,63,24,5980,7912,1030,1   1994,533,3,5095,5333,129,1   453,407,9,4268,5268,386,4   1327,714,27,3028,5272,1159,4   1354,537,18,5154,6956,772,4   1919,563,3,4855,5041,129,2   416,212,17,5106,7030,729,2   1372,201,23,50,2284,987,5   1665,798,28,2333,4595,1202,1   1051,387,24,1715,3421,1030,2
!----------------------------------------------------------------
!Recharge stations: x,y
300,0   1002,917   103,601   426,696   614,98   1498,536   1333,640   1301,579   1751,599   1842,499   1007,805   1591,542   917,770   1495,365   101,677   925,760   1295,746   499,651   511,538   1266,703   804,818   170,509   979,253   171,427   253,647

g inverse recharge rate 0.45
