!----------------------------------------------------------------
!Stores: (first: depot x,y; then: satellites x,y,maxCap)
300,0   1653,568,1000   1871,320,1000   1234,686,1000   279,699,1000
!----------------------------------------------------------------
!Trucks: (total#, cap, cost/dist, fixcost)
6,250,1,150
!----------------------------------------------------------------
!CityFreighters: (max cf/sat, total#, cap, cost/dist, fixcost, maxCharge, energyConsumption)
10,10,125,1,80,1300,1
!----------------------------------------------------------------
!Customers: (x, y, demand, readyTime, dueDate, serviceTime, penalizationCost)
1227,755,3,7262,7450,111,1   1781,476,27,1454,3218,996,4   1051,385,9,4929,5579,332,5   366,540,25,1037,2479,922,3   801,289,7,2121,2561,258,1   1193,317,10,751,1693,369,5   1060,468,29,1171,2703,1070,4   982,744,6,3514,3970,221,3   590,349,21,2561,3825,775,3   679,272,25,957,1985,922,5   810,399,7,6439,6829,258,2   977,713,16,2291,3333,590,5   934,265,11,1300,2244,406,5   458,492,21,4563,6067,775,4   1554,663,27,1022,3176,996,5   460,405,13,2603,3707,480,2   1375,264,19,3005,4371,701,1   784,295,7,1171,1671,258,4   1185,262,17,2281,3447,627,2   852,774,19,1353,2693,701,4   205,510,9,3106,3706,332,2   917,244,5,7041,7415,184,2   1339,726,18,2391,4183,664,1   1557,371,24,487,1883,885,5   1252,738,16,2054,3036,590,2   1173,621,29,3579,5675,1070,4   1636,352,28,1324,3688,1033,4   1435,523,26,3989,5907,959,5   441,334,8,731,1365,295,2   237,572,3,6623,6837,111,3   321,577,12,5507,6497,443,4   1428,570,29,928,2748,1070,1   1536,287,20,2777,4413,738,2   794,332,27,3884,6514,996,2   1623,523,29,2160,4442,1070,5   203,497,12,3540,4634,443,5   461,697,25,5425,7137,922,3   439,477,10,4085,4765,369,2   1354,714,20,4394,6166,738,3   1710,494,14,6569,7477,516,1   638,433,11,6457,7277,406,2   1594,622,25,5040,6738,922,4   1350,165,5,1064,1404,184,5   1664,507,10,5860,6666,369,4   695,739,14,2697,3695,516,4   1215,830,24,3163,4641,885,5   1584,213,27,263,2267,996,1   318,339,20,3823,5561,738,4   1588,508,22,3318,4726,812,1   138,336,19,2661,4443,701,2
!----------------------------------------------------------------
!Recharge stations: x,y
300,0   1653,568   1871,320   1234,686   279,699   661,466   1714,350   994,513   564,385   1804,498   949,186   1456,213   1683,691   740,798   1284,621   107,487   185,487   1486,215   1524,745   856,617   1515,676   1355,275   1007,173   1143,935   1282,788

g inverse recharge rate 0.54
