!----------------------------------------------------------------
!Stores: (first: depot x,y; then: satellites x,y,maxCap)
300,0   1314,650,1000   548,85,1000   70,356,1000   844,731,1000
!----------------------------------------------------------------
!Trucks: (total#, cap, cost/dist, fixcost)
6,250,1,150
!----------------------------------------------------------------
!CityFreighters: (max cf/sat, total#, cap, cost/dist, fixcost, maxCharge, energyConsumption)
10,10,125,1,80,1500,1
!----------------------------------------------------------------
!Customers: (x, y, demand, readyTime, dueDate, serviceTime, penalizationCost)
1140,489,22,1002,3116,844,1   1210,344,10,3655,4491,384,3   283,552,7,3912,4346,269,2   1743,579,11,2996,3970,422,5   660,253,15,944,1528,575,3   808,679,4,6731,7039,153,1   288,610,3,3494,3674,115,3   1320,570,10,3766,4586,384,3   984,331,29,3557,6075,1112,1   1198,680,17,506,2126,652,1   1390,344,18,406,1502,691,4   1427,604,7,3453,3927,269,4   1264,777,19,2458,4048,729,1   1192,450,16,2596,3812,614,4   1350,439,21,4240,5914,806,1   890,676,22,4807,6401,844,4   1265,750,17,3687,5075,652,3   1488,311,23,1111,3361,882,2   1676,533,17,3066,4778,652,5   232,547,26,4033,6609,997,4   1548,424,16,4174,5258,614,3   1087,469,19,5561,7161,729,3   577,324,11,765,1747,422,2   200,500,25,445,3175,959,5   1621,484,11,5223,6051,422,2   1585,514,27,1082,3192,1036,1   457,347,10,3218,4176,384,4   1507,592,12,3618,4856,460,3   316,368,13,5812,6646,499,4   512,602,9,3442,4202,345,5   1445,645,28,0,2366,1074,2   805,561,5,1990,2396,192,4   342,511,23,3271,4913,882,4   1639,556,18,4292,5336,691,2   825,343,7,3408,3722,269,2   1751,499,18,4106,5610,691,5   1684,637,18,874,2372,691,4   1472,666,8,3499,4055,307,3   1094,424,11,3096,3730,422,1   1701,426,18,2017,3515,691,4   1345,660,19,4951,6457,729,5   878,16,28,1498,3414,1074,1   216,792,7,3460,4156,269,1   961,798,21,727,2015,806,5   1184,801,12,2182,3302,460,1   1274,186,22,2551,4119,844,4   928,905,19,0,1502,729,5   1061,989,25,1011,2845,959,2   474,471,11,530,1432,422,2   248,292,11,2588,3442,422,2
!----------------------------------------------------------------
!Recharge stations: x,y
300,0   1314,650   548,85   70,356   844,731   273,357   372,710   1529,261   1270,389   655,302   1674,380   1396,767   244,452   1523,709   426,287   921,702   861,575   1356,580   529,269   122,368   690,624   750,182   364,612   1301,231   417,330

g inverse recharge rate 0.45
