!----------------------------------------------------------------
!Stores: (first: depot x,y; then: satellites x,y,maxCap)
300,0   1002,917,1000   103,601,1000   426,696,1000   614,98,1000
!----------------------------------------------------------------
!Trucks: (total#, cap, cost/dist, fixcost)
6,250,1,150
!----------------------------------------------------------------
!CityFreighters: (max cf/sat, total#, cap, cost/dist, fixcost, maxCharge, energyConsumption)
10,10,125,1,80,1300,1
!----------------------------------------------------------------
!Customers: (x, y, demand, readyTime, dueDate, serviceTime, penalizationCost)
1347,608,18,3756,5008,772,1   411,612,7,3989,4499,300,3   852,558,4,7397,7783,172,2   953,749,6,6541,7001,257,5   1328,600,27,5611,7763,1159,3   1203,628,12,4993,6051,515,3   1401,354,21,5863,7559,901,3   1587,324,13,3701,4675,558,3   1522,633,5,1547,1841,215,4   1253,424,10,3398,4346,429,2   1024,672,8,1716,2490,343,5   1337,743,13,6451,7903,558,5   940,357,5,2182,2624,215,3   1311,642,16,6810,8168,687,4   1695,558,28,4227,6131,1202,5   585,586,19,0,1218,815,3   1061,582,14,4929,5925,601,5   940,546,5,5533,5897,215,5   1386,509,26,2001,4285,1116,1   510,434,26,0,1347,1116,1   1343,701,4,4867,5199,172,2   1721,609,23,2556,4732,987,1   1493,580,10,4921,5683,429,3   918,642,29,0,2657,1244,5   320,576,23,6699,8529,987,4   851,720,19,6921,8555,815,5   437,347,18,5652,7690,772,1   1773,549,8,1375,2135,343,2   587,656,18,1129,3085,772,1   1318,469,25,195,2571,1073,2   1086,232,6,2131,2691,257,5   959,214,19,5845,7441,815,5   359,442,5,1100,1610,215,3   702,558,21,3085,4737,901,2   1732,412,22,4848,6684,944,3   809,732,25,135,1639,1073,4   1590,695,8,2304,3134,343,4   649,476,11,899,1721,472,5   1725,509,24,2404,4214,1030,4   552,397,18,5275,6773,772,3   1414,63,24,1253,3165,1030,3   1994,533,3,4355,4561,129,3   453,407,9,7174,8162,386,1   1327,714,27,1882,3828,1159,4   1354,537,18,6753,7839,772,4   1919,563,3,4792,5066,129,5   416,212,17,5644,7402,729,2   1372,201,23,6031,7487,987,1   1665,798,28,5074,7040,1202,1   1051,387,24,4431,6201,1030,5
!----------------------------------------------------------------
!Recharge stations: x,y
300,0   1002,917   103,601   426,696   614,98   1498,536   1333,640   1301,579   1751,599   1842,499   1007,805   1591,542   917,770   1495,365   101,677   925,760   1295,746   499,651   511,538   1266,703   804,818   170,509   979,253   171,427   253,647

g inverse recharge rate 0.58
