!----------------------------------------------------------------
!Stores: (first: depot x,y; then: satellites x,y,maxCap)
300,0   941,202,1000   764,856,1000   989,385,1000   706,294,1000
!----------------------------------------------------------------
!Trucks: (total#, cap, cost/dist, fixcost)
6,250,1,150
!----------------------------------------------------------------
!CityFreighters: (max cf/sat, total#, cap, cost/dist, fixcost, maxCharge, energyConsumption)
10,10,125,1,80,1400,1
!----------------------------------------------------------------
!Customers: (x, y, demand, readyTime, dueDate, serviceTime, penalizationCost)
395,389,21,3898,5362,568,5   1351,406,17,3641,4627,459,2   811,620,26,1920,3082,703,4   1558,318,7,3644,3902,189,1   1093,597,25,1284,2162,676,1   1670,525,9,1014,1754,243,2   1364,741,27,2876,4680,730,5   1108,353,6,3943,4195,162,3   811,277,23,2465,3987,622,3   570,613,13,858,1810,351,2   695,289,23,165,1647,622,1   617,241,8,4177,4663,216,5   1471,373,12,2173,2727,324,3   846,746,4,1679,1939,108,2   486,281,19,951,1921,513,5   1423,306,24,213,1761,649,2   1317,658,22,2547,4325,595,1   1613,640,25,3079,4393,676,3   1043,609,14,3340,4222,378,1   482,401,15,3740,4614,405,4   1375,313,14,3014,3754,378,4   1698,587,27,3340,4732,730,3   1425,250,7,4108,4410,189,3   1435,294,7,1372,1714,189,1   910,429,16,1967,2885,432,2   726,695,9,3763,4285,243,3   467,338,3,2071,2201,81,3   277,487,18,1821,2609,486,5   1079,513,15,4162,4866,405,1   341,514,12,4532,5308,324,3   875,338,16,4852,5518,432,5   331,498,15,1684,2708,405,3   314,395,15,2272,3196,405,2   616,561,23,3804,4878,622,1   907,722,27,1619,3089,730,3   855,247,21,652,1760,568,1   1116,540,27,4064,5062,730,3   1531,429,10,1617,1977,270,4   582,522,10,374,1004,270,4   628,409,11,1737,2157,297,4   1717,715,8,2229,2603,216,5   336,142,27,1086,1868,730,2   1495,602,12,4215,5117,324,2   1059,62,13,3346,4110,351,3   1114,692,21,4038,5322,568,4   673,414,26,0,1544,703,4   527,885,11,1517,2211,297,3   1841,629,20,3811,4283,540,1   1315,472,23,3963,5391,622,2   465,222,19,265,1281,513,2
!----------------------------------------------------------------
!Recharge stations: x,y
300,0   941,202   764,856   989,385   706,294   1527,333   1472,253   261,554   532,279   384,280   947,742   1506,457   263,387   511,644   238,352   662,615   188,567   1827,519   1644,482   905,333   725,649   566,473   1323,721   725,650   116,684

g inverse recharge rate 0.35
