!----------------------------------------------------------------
!Stores: (first: depot x,y; then: satellites x,y,maxCap)
300,0   732,403,1000   1811,773,1000   1333,923,1000   292,524,1000
!----------------------------------------------------------------
!Trucks: (total#, cap, cost/dist, fixcost)
6,250,1,150
!----------------------------------------------------------------
!CityFreighters: (max cf/sat, total#, cap, cost/dist, fixcost, maxCharge, energyConsumption)
10,10,125,1,80,1400,1
!----------------------------------------------------------------
!Customers: (x, y, demand, readyTime, dueDate, serviceTime, penalizationCost)
272,537,9,2381,2867,351,3   717,464,19,5544,7126,741,3   753,610,16,6058,7436,624,4   1518,502,16,3612,4944,624,5   1131,684,12,6530,7562,468,5   276,491,14,5899,6869,546,3   1242,541,20,4992,6480,780,3   1422,645,20,5255,6799,780,5   1749,415,25,2105,4313,974,4   841,499,16,3509,4387,624,3   557,543,10,6231,6957,390,3   522,388,24,4869,7021,936,4   1258,718,12,5194,6094,468,3   1072,451,15,52,1382,585,3   1490,350,18,5420,7044,702,3   1141,314,12,4129,4909,468,4   484,494,10,5616,6172,390,1   428,624,18,4490,6252,702,1   342,653,23,3074,4464,897,2   578,526,22,2325,3909,858,1   1372,269,7,2357,2947,273,3   830,523,4,5886,6242,156,4   482,297,5,2297,2623,195,4   1602,373,29,3841,6869,1130,2   1486,588,10,1699,2417,390,5   649,414,25,2459,5337,974,4   1025,382,17,1491,2609,663,4   1065,439,14,1985,2701,546,1   660,685,6,6268,6908,234,3   656,350,16,5767,7175,624,1   989,787,23,4090,5246,897,1   905,667,8,4992,5540,312,2   1641,625,25,2724,4524,974,3   438,562,7,4850,5284,273,2   769,310,22,3610,5680,858,2   1748,516,26,2580,4024,1013,1   487,628,16,484,1738,624,4   572,723,10,1560,2608,390,4   216,479,6,1692,2234,234,1   798,595,22,4188,5810,858,5   1297,866,28,4726,6328,1091,1   1021,106,11,4940,5842,429,5   1523,174,3,5570,5838,117,3   31,431,20,3400,4534,780,3   1776,656,3,3005,3259,117,1   1660,243,24,2727,5459,936,3   1965,617,14,5181,6205,546,5   284,442,8,5584,6214,312,2   312,522,25,4521,6085,974,2   467,589,20,1100,3104,780,4
!----------------------------------------------------------------
!Recharge stations: x,y
300,0   732,403   1811,773   1333,923   292,524   532,607   1579,633   1365,729   1029,248   1581,368   930,657   1714,335   1549,605   1569,637   1008,253   1149,587   1442,744   1062,156   706,456   516,322   530,356   365,282   798,423   721,382   1015,299

g inverse recharge rate 0.49
