!----------------------------------------------------------------
!Stores: (first: depot x,y; then: satellites x,y,maxCap)
300,0   941,202,1000   764,856,1000   989,385,1000   706,294,1000
!----------------------------------------------------------------
!Trucks: (total#, cap, cost/dist, fixcost)
6,250,1,150
!----------------------------------------------------------------
!CityFreighters: (max cf/sat, total#, cap, cost/dist, fixcost, maxCharge, energyConsumption)
10,10,125,1,80,1200,1
!----------------------------------------------------------------
!Customers: (x, y, demand, readyTime, dueDate, serviceTime, penalizationCost)
395,389,21,1480,2756,568,1   1351,406,17,3163,3883,459,3   811,620,26,0,1721,703,1   1558,318,7,682,1068,189,2   1093,597,25,991,2271,676,3   1670,525,9,2219,2641,243,4   1364,741,27,0,1593,730,4   1108,353,6,1005,1325,162,5   811,277,23,2015,3601,622,5   570,613,13,142,912,351,2   695,289,23,3665,4347,622,5   617,241,8,4922,5248,216,1   1471,373,12,3562,4216,324,2   846,746,4,4438,4612,108,3   486,281,19,3726,4998,513,2   1423,306,24,1808,3218,649,1   1317,658,22,3403,4439,595,3   1613,640,25,1308,2494,676,1   1043,609,14,3475,3985,378,1   482,401,15,1744,2754,405,1   1375,313,14,867,1723,378,5   1698,587,27,3622,4848,730,5   1425,250,7,3592,3996,189,3   1435,294,7,2744,3134,189,3   910,429,16,3775,4505,432,5   726,695,9,2577,3081,243,2   467,338,3,1280,1430,81,1   277,487,18,3782,4710,486,3   1079,513,15,4000,4730,405,1   341,514,12,362,1108,324,4   875,338,16,4284,5160,432,4   331,498,15,1127,1653,405,4   314,395,15,3303,4047,405,3   616,561,23,2049,3409,622,4   907,722,27,3887,5199,730,4   855,247,21,2383,3397,568,5   1116,540,27,2162,3742,730,3   1531,429,10,2099,2569,270,5   582,522,10,4118,4620,270,4   628,409,11,1939,2397,297,5   1717,715,8,2472,2902,216,2   336,142,27,1790,3452,730,2   1495,602,12,3027,3693,324,1   1059,62,13,411,1185,351,3   1114,692,21,1521,2579,568,5   673,414,26,3244,4614,703,1   527,885,11,2983,3343,297,5   1841,629,20,3747,4931,540,1   1315,472,23,1080,2132,622,2   465,222,19,1813,2595,513,2
!----------------------------------------------------------------
!Recharge stations: x,y
300,0   941,202   764,856   989,385   706,294   1527,333   1472,253   261,554   532,279   384,280   947,742   1506,457   263,387   511,644   238,352   662,615   188,567   1827,519   1644,482   905,333   725,649   566,473   1323,721   725,650   116,684

g inverse recharge rate 0.41
