!----------------------------------------------------------------
!Stores: (first: depot x,y; then: satellites x,y,maxCap)
300,0   1913,443,1000   1219,926,1000   608,792,1000   1816,280,1000
!----------------------------------------------------------------
!Trucks: (total#, cap, cost/dist, fixcost)
6,250,1,150
!----------------------------------------------------------------
!CityFreighters: (max cf/sat, total#, cap, cost/dist, fixcost, maxCharge, energyConsumption)
10,10,125,1,80,1400,1
!----------------------------------------------------------------
!Customers: (x, y, demand, readyTime, dueDate, serviceTime, penalizationCost)
623,450,10,2927,3783,415,3   281,390,29,2879,5315,1203,2   884,287,9,1571,2311,373,4   1629,573,29,702,3056,1203,1   974,731,8,6377,7113,332,3   529,469,12,3230,4194,498,2   1551,495,8,5422,6144,332,2   1351,754,3,2612,2878,124,2   602,631,10,5089,5921,415,4   898,367,3,2296,2516,124,4   1699,559,21,6222,8122,871,2   378,609,17,3552,5308,705,3   370,498,3,7452,7738,124,4   469,445,17,5673,7169,705,5   1184,511,12,1016,2012,498,2   495,516,8,3330,4078,332,3   1495,720,6,6346,6790,249,4   530,438,28,2049,4233,1161,1   981,779,7,796,1334,290,1   510,736,25,1296,3052,1037,3   361,612,10,1662,2608,415,5   1250,678,25,2090,4192,1037,3   756,555,10,2996,4142,415,4   800,283,3,6070,6316,124,1   490,577,16,5533,7079,664,2   461,372,20,4866,6766,830,5   654,765,15,5258,6270,622,5   1709,537,25,1373,2989,1037,1   440,471,27,2462,4858,1120,1   571,333,21,1557,3681,871,5   1234,454,25,5697,7529,1037,5   1631,401,20,69,2225,830,4   598,321,13,4691,5357,539,1   1653,656,20,6469,8391,830,5   913,741,8,2269,2951,332,4   1356,482,28,2864,4940,1161,3   1699,452,29,5208,8062,1203,3   484,331,9,5468,6184,373,3   1148,231,7,5742,6414,290,3   1454,444,24,2443,4923,996,3   1784,634,11,6823,7719,456,2   1304,192,12,4275,5115,498,2   1100,315,12,2674,3780,498,3   1382,546,17,1674,3260,705,2   1638,743,29,5798,7598,1203,5   633,80,29,4589,6909,1203,4   1600,703,24,5520,7300,996,5   1675,196,3,2238,2498,124,3   1892,642,20,3962,6146,830,4   1161,242,23,777,2757,954,5
!----------------------------------------------------------------
!Recharge stations: x,y
300,0   1913,443   1219,926   608,792   1816,280   1120,355   857,292   1951,593   934,802   1543,499   446,556   1631,279   618,418   876,562   1684,653   179,492   1561,414   220,579   881,173   364,870   1589,151   1300,690   1699,338   1107,831   125,616

g inverse recharge rate 0.53
