!----------------------------------------------------------------
!Stores: (first: depot x,y; then: satellites x,y,maxCap)
300,0   1653,568,1000   1871,320,1000   1234,686,1000   279,699,1000
!----------------------------------------------------------------
!Trucks: (total#, cap, cost/dist, fixcost)
6,250,1,150
!----------------------------------------------------------------
!CityFreighters: (max cf/sat, total#, cap, cost/dist, fixcost, maxCharge, energyConsumption)
10,10,125,1,80,1500,1
!----------------------------------------------------------------
!Customers: (x, y, demand, readyTime, dueDate, serviceTime, penalizationCost)
1227,755,3,6102,6384,111,1   1781,476,27,586,2910,996,1   1051,385,9,6750,7480,332,2   366,540,25,0,2036,922,5   801,289,7,3536,4172,258,1   1193,317,10,1449,2295,369,4   1060,468,29,5383,7431,1070,1   982,744,6,1491,1881,221,4   590,349,21,1693,3285,775,5   679,272,25,1157,2681,922,3   810,399,7,4597,5127,258,1   977,713,16,2832,3684,590,3   934,265,11,4762,5348,406,5   458,492,21,4593,5841,775,3   1554,663,27,1199,2955,996,1   460,405,13,2673,3853,480,1   1375,264,19,3617,4637,701,2   784,295,7,3346,3786,258,4   1185,262,17,5480,6732,627,3   852,774,19,1693,3073,701,2   205,510,9,1428,2252,332,1   917,244,5,2047,2295,184,4   1339,726,18,4527,5541,664,1   1557,371,24,3416,4538,885,5   1252,738,16,1748,2822,590,2   1173,621,29,0,2026,1070,5   1636,352,28,4776,7080,1033,4   1435,523,26,4063,6367,959,1   441,334,8,3108,3766,295,1   237,572,3,6147,6347,111,2   321,577,12,4050,4496,443,4   1428,570,29,3693,5931,1070,5   1536,287,20,322,1384,738,3   794,332,27,4053,5735,996,4   1623,523,29,2824,4884,1070,5   203,497,12,5195,6117,443,1   461,697,25,5435,6721,922,5   439,477,10,3589,4423,369,1   1354,714,20,1924,3566,738,3   1710,494,14,2811,3851,516,2   638,433,11,5429,6429,406,1   1594,622,25,4442,6712,922,2   1350,165,5,3349,3639,184,1   1664,507,10,2225,2619,369,4   695,739,14,1732,2904,516,1   1215,830,24,559,2121,885,2   1584,213,27,2914,4796,996,2   318,339,20,3498,5172,738,5   1588,508,22,1557,2783,812,3   138,336,19,4450,6230,701,5
!----------------------------------------------------------------
!Recharge stations: x,y
300,0   1653,568   1871,320   1234,686   279,699   661,466   1714,350   994,513   564,385   1804,498   949,186   1456,213   1683,691   740,798   1284,621   107,487   185,487   1486,215   1524,745   856,617   1515,676   1355,275   1007,173   1143,935   1282,788

g inverse recharge rate 0.47
