!----------------------------------------------------------------
!Stores: (first: depot x,y; then: satellites x,y,maxCap)
300,0   1982,476,1000   985,805,1000   1474,624,1000   1117,188,1000
!----------------------------------------------------------------
!Trucks: (total#, cap, cost/dist, fixcost)
6,250,1,150
!----------------------------------------------------------------
!CityFreighters: (max cf/sat, total#, cap, cost/dist, fixcost, maxCharge, energyConsumption)
10,10,125,1,80,1400,1
!----------------------------------------------------------------
!Customers: (x, y, demand, readyTime, dueDate, serviceTime, penalizationCost)
615,600,27,882,2212,1042,4   1511,329,23,2,1856,888,5   1782,526,8,6106,6808,309,4   509,649,9,792,1786,347,1   450,391,4,2732,2992,154,4   1103,297,6,1303,1773,232,3   1090,759,8,2235,2863,309,1   1777,471,16,3761,4981,617,5   503,585,9,4454,5134,347,2   991,253,27,5165,7481,1042,1   236,534,13,4626,5996,502,1   1027,793,24,5618,7416,926,4   1206,221,6,5423,5937,232,4   1774,556,7,5060,5580,270,5   500,471,22,2071,3961,849,4   220,533,17,2977,3771,656,4   270,402,22,180,2444,849,1   370,540,17,438,1722,656,4   248,532,7,2402,2896,270,4   1473,452,19,4184,5800,733,3   1005,700,6,2792,3270,232,1   1218,251,4,5375,5719,154,5   1461,480,29,3064,5236,1119,1   729,658,4,1382,1724,154,2   1377,537,25,981,2271,965,2   1747,396,8,3435,3995,309,1   524,662,7,1786,2312,270,1   490,273,19,1383,2913,733,2   217,544,6,1707,2045,232,3   445,318,24,3844,5650,926,4   1401,748,23,4222,6652,888,5   858,647,16,5208,6444,617,2   1700,356,25,0,1954,965,5   1207,342,12,3251,4283,463,5   924,339,5,4383,4583,193,5   1074,619,25,528,2288,965,5   1391,295,26,849,2773,1003,5   789,284,18,4155,5769,695,3   884,539,16,4975,6437,617,2   277,552,23,3548,4844,888,5   1234,712,29,4841,7007,1119,4   1048,910,5,6725,7169,193,5   1718,576,27,4988,7168,1042,3   629,161,16,2495,3897,617,2   363,216,5,6000,6328,193,1   1205,170,29,0,2046,1119,1   993,642,8,4802,5588,309,2   1381,476,7,6343,6745,270,4   1648,835,20,1923,3889,772,3   1243,138,19,5238,6806,733,5
!----------------------------------------------------------------
!Recharge stations: x,y
300,0   1982,476   985,805   1474,624   1117,188   470,426   1269,663   687,469   521,365   1752,431   808,433   718,386   674,489   539,450   698,349   1401,422   1427,512   467,422   1207,579   91,480   1482,486   1531,472   1263,685   1496,216   586,610

g inverse recharge rate 0.48
