!----------------------------------------------------------------
!Stores: (first: depot x,y; then: satellites x,y,maxCap)
300,0   674,747,1000   1212,82,1000   1820,396,1000   146,610,1000
!----------------------------------------------------------------
!Trucks: (total#, cap, cost/dist, fixcost)
6,250,1,150
!----------------------------------------------------------------
!CityFreighters: (max cf/sat, total#, cap, cost/dist, fixcost, maxCharge, energyConsumption)
10,10,125,1,80,1500,1
!----------------------------------------------------------------
!Customers: (x, y, demand, readyTime, dueDate, serviceTime, penalizationCost)
780,646,22,423,2193,802,4   711,230,24,2309,3587,874,4   573,491,16,3477,5077,583,3   466,713,9,7002,7542,328,2   580,515,15,6160,7362,547,4   785,684,29,772,3194,1057,2   1798,482,16,1107,2399,583,1   1254,401,11,6346,7010,401,1   1267,503,24,5327,7177,874,2   1692,387,19,1762,3114,692,4   1346,517,24,4622,6650,874,3   1640,434,7,6567,6885,255,4   952,712,29,5799,7605,1057,4   300,610,19,407,1799,692,2   735,309,5,1096,1518,182,2   1201,417,19,3504,4540,692,4   912,561,22,4699,6351,802,5   682,725,16,3512,4930,583,2   556,373,21,3421,5243,765,3   437,502,15,4937,5987,547,5   1244,258,8,3045,3603,291,2   346,373,24,67,2447,874,1   1686,512,24,2425,4611,874,5   1612,372,12,819,1651,437,5   1369,252,28,5787,6943,1020,5   869,647,3,6528,6732,109,3   1517,668,12,5854,6422,437,1   875,666,6,2246,2640,219,4   421,332,19,2877,4639,692,4   1487,492,10,6329,6995,364,1   734,421,8,4236,4844,291,5   555,624,25,5190,6758,911,3   1791,481,20,2693,4389,729,2   1089,427,3,4686,4890,109,2   1529,435,24,2499,3859,874,5   320,416,21,621,2397,765,5   1670,625,8,1427,1971,291,3   512,609,22,4278,5984,802,4   1644,378,28,1489,3473,1020,3   1538,497,23,3104,4372,838,2   1697,615,20,2147,3491,729,3   106,330,22,6017,7389,802,1   1565,227,18,4847,5879,656,5   607,835,17,485,1733,619,5   1837,538,13,4144,5152,474,1   1511,654,22,5746,7102,802,5   988,57,7,809,1413,255,2   1437,655,29,947,3571,1057,3   833,230,18,4016,5506,656,5   741,20,25,101,2473,911,3
!----------------------------------------------------------------
!Recharge stations: x,y
300,0   674,747   1212,82   1820,396   146,610   594,208   900,186   1024,417   1145,426   1792,477   576,776   239,630   1713,323   1471,501   1667,668   355,687   236,202   588,459   1324,526   153,521   239,502   1273,594   965,466   350,401   1270,734

g inverse recharge rate 0.48
