!----------------------------------------------------------------
!Stores: (first: depot x,y; then: satellites x,y,maxCap)
300,0   1982,476,1000   985,805,1000   1474,624,1000   1117,188,1000
!----------------------------------------------------------------
!Trucks: (total#, cap, cost/dist, fixcost)
6,250,1,150
!----------------------------------------------------------------
!CityFreighters: (max cf/sat, total#, cap, cost/dist, fixcost, maxCharge, energyConsumption)
10,10,125,1,80,1300,1
!----------------------------------------------------------------
!Customers: (x, y, demand, readyTime, dueDate, serviceTime, penalizationCost)
615,600,27,4466,6106,1042,2   1511,329,23,1416,2680,888,1   1782,526,8,5790,6462,309,1   509,649,9,1899,2629,347,5   450,391,4,5057,5363,154,4   1103,297,6,2247,2857,232,2   1090,759,8,2478,2772,309,3   1777,471,16,3977,5253,617,2   503,585,9,1002,1792,347,1   991,253,27,110,1944,1042,2   236,534,13,3622,4654,502,5   1027,793,24,5688,7230,926,2   1206,221,6,4191,4623,232,2   1774,556,7,2146,2720,270,4   500,471,22,4653,5775,849,2   220,533,17,1988,2480,656,3   270,402,22,4820,6400,849,1   370,540,17,4774,6022,656,1   248,532,7,5945,6633,270,4   1473,452,19,2622,4228,733,4   1005,700,6,1966,2440,232,5   1218,251,4,5714,5980,154,1   1461,480,29,1777,3521,1119,1   729,658,4,6725,7067,154,1   1377,537,25,1009,3403,965,5   1747,396,8,5994,6402,309,3   524,662,7,2804,3294,270,3   490,273,19,741,2769,733,2   217,544,6,1841,2451,232,3   445,318,24,1263,3259,926,1   1401,748,23,1178,2908,888,4   858,647,16,5931,7237,617,2   1700,356,25,1574,2752,965,3   1207,342,12,5946,6838,463,2   924,339,5,3783,4231,193,4   1074,619,25,1596,4134,965,2   1391,295,26,4615,6867,1003,1   789,284,18,1232,2326,695,3   884,539,16,474,1812,617,4   277,552,23,2320,4000,888,1   1234,712,29,2815,5709,1119,5   1048,910,5,5183,5623,193,2   1718,576,27,1621,3603,1042,2   629,161,16,3141,4689,617,1   363,216,5,1556,1982,193,3   1205,170,29,588,2222,1119,3   993,642,8,5045,5549,309,5   1381,476,7,4681,5285,270,3   1648,835,20,0,1521,772,1   1243,138,19,4664,6426,733,1
!----------------------------------------------------------------
!Recharge stations: x,y
300,0   1982,476   985,805   1474,624   1117,188   470,426   1269,663   687,469   521,365   1752,431   808,433   718,386   674,489   539,450   698,349   1401,422   1427,512   467,422   1207,579   91,480   1482,486   1531,472   1263,685   1496,216   586,610

g inverse recharge rate 0.51
