!----------------------------------------------------------------
!Stores: (first: depot x,y; then: satellites x,y,maxCap)
300,0   1104,923,1000   265,570,1000   1281,290,1000   997,241,1000
!----------------------------------------------------------------
!Trucks: (total#, cap, cost/dist, fixcost)
6,250,1,150
!----------------------------------------------------------------
!CityFreighters: (max cf/sat, total#, cap, cost/dist, fixcost, maxCharge, energyConsumption)
10,10,125,1,80,1200,1
!----------------------------------------------------------------
!Customers: (x, y, demand, readyTime, dueDate, serviceTime, penalizationCost)
1080,593,8,703,1483,272,2   1753,528,17,3701,4915,578,1   445,400,22,1209,2383,748,1   812,373,17,1009,2043,578,5   1472,533,8,5063,5643,272,2   533,449,11,1446,2016,374,1   1500,396,28,0,1655,951,2   783,520,8,271,815,272,2   447,670,25,1089,2773,849,4   1673,643,11,505,1269,374,3   295,397,24,706,2058,815,1   674,443,18,5182,6596,612,2   293,545,25,5029,6179,849,5   941,487,4,702,996,136,3   1501,317,16,4817,5967,544,3   1263,474,8,5348,5752,272,5   1796,478,13,3475,4391,442,2   219,495,6,4096,4442,204,2   352,509,19,4479,5983,646,2   1628,651,7,3564,4100,238,4   1419,708,29,706,2540,985,4   1547,410,3,5320,5526,102,5   688,719,13,397,1177,442,2   244,550,27,1902,3566,917,2   1548,575,8,2227,2551,272,5   1494,578,22,4171,5689,748,5   1582,371,13,4602,5204,442,5   1183,560,28,317,1625,951,3   1142,241,24,3411,4721,815,2   1203,670,19,4722,6174,646,2   1177,440,12,1436,2292,408,2   549,720,22,303,2257,748,1   1499,389,22,2404,3626,748,1   1019,209,10,5204,5634,340,1   1299,607,28,2359,4063,951,4   1198,224,16,505,1619,544,4   1770,470,19,2444,3718,646,5   1127,515,22,2334,4048,748,3   603,584,8,4275,4745,272,3   1027,603,15,5817,6733,510,2   1772,355,3,4477,4691,102,2   744,204,11,2824,3622,374,1   1723,488,5,1292,1704,170,2   933,674,23,1734,3222,781,4   1154,645,17,889,2065,578,1   1093,727,27,4604,6442,917,5   1683,195,24,2824,4376,815,1   220,563,6,1610,2090,204,5   1524,784,22,1886,3300,748,1   1407,661,7,4682,5192,238,1
!----------------------------------------------------------------
!Recharge stations: x,y
300,0   1104,923   265,570   1281,290   997,241   1508,355   1486,550   368,875   1766,541   1717,671   1244,246   1438,333   1269,613   1833,520   535,532   1338,766   189,400   1131,503   554,230   374,386   1411,747   282,613   789,370   457,537   1796,516

g inverse recharge rate 0.5
