!----------------------------------------------------------------
!Stores: (first: depot x,y; then: satellites x,y,maxCap)
300,0   19,412,1000   1569,459,1000   942,291,1000   915,886,1000
!----------------------------------------------------------------
!Trucks: (total#, cap, cost/dist, fixcost)
6,250,1,150
!----------------------------------------------------------------
!CityFreighters: (max cf/sat, total#, cap, cost/dist, fixcost, maxCharge, energyConsumption)
10,10,125,1,80,1100,1
!----------------------------------------------------------------
!Customers: (x, y, demand, readyTime, dueDate, serviceTime, penalizationCost)
351,600,3,6348,6536,99,5   1478,561,13,2031,2893,429,2   343,526,13,4818,5476,429,3   1430,715,15,2024,3144,495,1   1180,363,24,4891,6629,793,2   1694,455,24,191,1981,793,4   729,716,24,3371,5141,793,2   1431,751,7,5445,5917,231,3   1121,679,13,3527,4465,429,3   1730,487,7,3541,3743,231,3   1011,611,13,3733,4773,429,2   936,759,3,3807,4017,99,5   566,574,25,2274,3388,826,4   1375,345,29,1729,3483,958,3   1404,295,8,1970,2358,264,1   1157,552,18,4452,5582,594,5   1088,740,15,6278,7064,495,3   1156,345,28,4057,6243,925,5   297,560,11,5125,6031,363,4   335,368,23,4114,6266,760,3   455,416,20,4257,5957,661,3   1569,399,25,3985,5609,826,1   1106,454,25,3177,4685,826,1   1026,309,25,4796,6746,826,2   1712,607,26,1786,3408,859,5   1667,468,18,1734,2934,594,3   1326,541,21,2003,3333,694,1   446,474,16,1807,2999,528,2   1027,276,15,6237,7021,495,3   601,343,28,5150,6668,925,1   1234,725,12,6019,6701,396,4   577,344,24,721,2449,793,2   997,505,28,1951,3527,925,2   689,655,11,1809,2499,363,4   820,475,7,4183,4767,231,3   1386,363,12,2113,2935,396,4   1374,619,28,1089,2965,925,5   634,766,17,650,1384,561,3   1069,762,11,154,1048,363,3   1463,514,9,3601,4303,297,3   380,752,20,831,2067,661,2   267,433,22,4250,5666,727,1   697,595,6,3594,3958,198,1   367,732,27,3582,5100,892,4   757,20,16,1041,2067,528,3   289,398,16,1008,2208,528,3   1696,780,24,1266,3152,793,2   1568,507,9,4395,5021,297,3   728,52,28,370,2490,925,4   708,701,21,414,2112,694,2
!----------------------------------------------------------------
!Recharge stations: x,y
300,0   19,412   1569,459   942,291   915,886   472,502   1451,479   700,699   1437,418   1166,164   1531,323   568,226   1411,440   1451,451   320,860   1059,540   864,669   1521,408   1604,357   1541,246   1630,431   1036,722   761,47   868,333   249,687

g inverse recharge rate 0.59
