!----------------------------------------------------------------
!Stores: (first: depot x,y; then: satellites x,y,maxCap)
300,0   54,456,1000   164,276,1000   1745,570,1000   1076,323,1000
!----------------------------------------------------------------
!Trucks: (total#, cap, cost/dist, fixcost)
6,250,1,150
!----------------------------------------------------------------
!CityFreighters: (max cf/sat, total#, cap, cost/dist, fixcost, maxCharge, energyConsumption)
10,10,125,1,80,1200,1
!----------------------------------------------------------------
!Customers: (x, y, demand, readyTime, dueDate, serviceTime, penalizationCost)
1267,379,15,3075,4157,656,5   588,332,25,3165,5695,1093,1   359,385,20,3757,5311,875,3   1711,446,21,5149,7269,918,5   1748,553,14,1758,2524,612,1   501,610,4,2633,2925,175,2   743,356,4,3768,4202,175,5   1253,700,20,990,2848,875,4   212,516,11,3186,4398,481,5   817,431,25,2623,5467,1093,4   473,323,12,4774,5460,525,3   884,530,20,1641,3591,875,2   319,527,29,1994,5012,1268,3   1013,202,12,5214,6168,525,2   666,690,7,5204,5706,306,2   1380,521,10,6237,6799,437,4   1542,585,17,414,2108,743,5   218,469,18,2627,4355,787,4   1642,509,17,2371,3691,743,1   1370,431,25,3809,6093,1093,4   1398,390,15,362,1532,656,4   1556,315,11,2108,2478,481,2   294,594,4,7518,7856,175,4   350,659,5,6873,7195,219,4   446,593,14,2835,3721,612,5   1467,397,23,5314,8346,1006,3   205,524,8,3702,4368,350,5   790,276,27,3622,5818,1181,5   364,353,18,1863,3669,787,1   1157,436,21,1428,2802,918,4   254,501,28,6140,7794,1224,5   1672,607,20,1219,2943,875,5   1391,587,26,5241,6277,1137,2   1096,593,4,5361,5765,175,1   1335,471,6,4794,5344,262,5   1178,614,23,2500,3958,1006,3   662,563,13,6406,8026,568,1   956,365,21,0,1488,918,3   1175,619,22,6124,7830,962,1   1492,323,24,1358,3582,1049,3   1622,680,5,7286,7916,219,2   254,287,26,5491,7403,1137,1   1860,336,17,3258,4568,743,5   1588,369,10,5987,6855,437,2   1199,247,5,4665,5141,219,4   885,670,11,2192,3386,481,5   108,629,6,4538,5090,262,3   1456,199,9,5313,5973,394,5   599,646,12,3271,4773,525,3   384,157,5,5414,5688,219,3
!----------------------------------------------------------------
!Recharge stations: x,y
300,0   54,456   164,276   1745,570   1076,323   895,312   1052,600   1666,701   1481,567   588,510   226,568   243,479   1265,205   1665,402   160,494   955,546   269,603   1421,693   639,189   1800,542   949,499   336,352   768,838   1590,129   266,356

g inverse recharge rate 0.62
