!----------------------------------------------------------------
!Stores: (first: depot x,y; then: satellites x,y,maxCap)
300,0   1913,443,1000   1219,926,1000   608,792,1000   1816,280,1000
!----------------------------------------------------------------
!Trucks: (total#, cap, cost/dist, fixcost)
6,250,1,150
!----------------------------------------------------------------
!CityFreighters: (max cf/sat, total#, cap, cost/dist, fixcost, maxCharge, energyConsumption)
10,10,125,1,80,1200,1
!----------------------------------------------------------------
!Customers: (x, y, demand, readyTime, dueDate, serviceTime, penalizationCost)
623,450,10,5103,6205,415,5   281,390,29,2859,5961,1203,5   884,287,9,3456,3988,373,4   1629,573,29,3807,6335,1203,2   974,731,8,4845,5293,332,5   529,469,12,5523,6455,498,4   1551,495,8,3618,4418,332,2   1351,754,3,2339,2625,124,4   602,631,10,5384,6300,415,4   898,367,3,4667,4937,124,1   1699,559,21,76,1992,871,2   378,609,17,4375,5763,705,3   370,498,3,1086,1284,124,3   469,445,17,4229,5473,705,3   1184,511,12,379,1301,498,5   495,516,8,4856,5376,332,5   1495,720,6,6584,7140,249,5   530,438,28,2797,5555,1161,3   981,779,7,784,1390,290,3   510,736,25,3364,5236,1037,4   361,612,10,2681,3533,415,1   1250,678,25,2180,4280,1037,1   756,555,10,5410,6246,415,3   800,283,3,2934,3160,124,5   490,577,16,3699,5217,664,2   461,372,20,4241,6123,830,5   654,765,15,6031,7515,622,3   1709,537,25,3885,5277,1037,1   440,471,27,3332,5168,1120,1   571,333,21,5368,7126,871,1   1234,454,25,5842,8294,1037,5   1631,401,20,0,1803,830,1   598,321,13,3587,4717,539,5   1653,656,20,457,1763,830,5   913,741,8,1108,1662,332,3   1356,482,28,897,2897,1161,2   1699,452,29,3787,6151,1203,1   484,331,9,2004,2786,373,4   1148,231,7,7036,7642,290,5   1454,444,24,5513,7337,996,2   1784,634,11,1431,2319,456,2   1304,192,12,945,2197,498,3   1100,315,12,1226,2542,498,3   1382,546,17,694,1808,705,4   1638,743,29,1729,3253,1203,3   633,80,29,3494,6818,1203,5   1600,703,24,166,2170,996,3   1675,196,3,7007,7261,124,1   1892,642,20,3583,5107,830,4   1161,242,23,2835,5397,954,4
!----------------------------------------------------------------
!Recharge stations: x,y
300,0   1913,443   1219,926   608,792   1816,280   1120,355   857,292   1951,593   934,802   1543,499   446,556   1631,279   618,418   876,562   1684,653   179,492   1561,414   220,579   881,173   364,870   1589,151   1300,690   1699,338   1107,831   125,616

g inverse recharge rate 0.61
