!----------------------------------------------------------------
!Stores: (first: depot x,y; then: satellites x,y,maxCap)
300,0   1314,650,1000   548,85,1000   70,356,1000   844,731,1000
!----------------------------------------------------------------
!Trucks: (total#, cap, cost/dist, fixcost)
6,250,1,150
!----------------------------------------------------------------
!CityFreighters: (max cf/sat, total#, cap, cost/dist, fixcost, maxCharge, energyConsumption)
10,10,125,1,80,1300,1
!----------------------------------------------------------------
!Customers: (x, y, demand, readyTime, dueDate, serviceTime, penalizationCost)
1140,489,22,3054,5292,844,1   1210,344,10,1060,1874,384,1   283,552,7,1126,1664,269,3   1743,579,11,1453,2217,422,5   660,253,15,4349,5807,575,4   808,679,4,4774,5168,153,5   288,610,3,2288,2550,115,4   1320,570,10,5040,5958,384,5   984,331,29,1751,3789,1112,3   1198,680,17,3080,4524,652,2   1390,344,18,3879,6059,691,1   1427,604,7,5826,6276,269,3   1264,777,19,3081,4823,729,2   1192,450,16,210,1686,614,1   1350,439,21,977,2797,806,1   890,676,22,724,2200,844,3   1265,750,17,5151,6067,652,1   1488,311,23,2892,3988,882,1   1676,533,17,3406,4712,652,3   232,547,26,3589,5281,997,2   1548,424,16,1207,2373,614,5   1087,469,19,253,1963,729,4   577,324,11,6206,7108,422,3   200,500,25,3758,5430,959,1   1621,484,11,3696,4638,422,2   1585,514,27,121,2187,1036,1   457,347,10,6281,7239,384,4   1507,592,12,2263,3135,460,2   316,368,13,1002,1940,499,5   512,602,9,134,1032,345,4   1445,645,28,3045,5363,1074,4   805,561,5,6586,7036,192,5   342,511,23,2380,4500,882,5   1639,556,18,3035,4843,691,1   825,343,7,4590,5040,269,4   1751,499,18,1505,3011,691,2   1684,637,18,4326,5810,691,2   1472,666,8,2165,2893,307,4   1094,424,11,3312,4252,422,2   1701,426,18,5398,6656,691,3   1345,660,19,1244,2624,729,2   878,16,28,471,2183,1074,5   216,792,7,5960,6508,269,4   961,798,21,3298,5114,806,5   1184,801,12,2699,3647,460,4   1274,186,22,435,2767,844,2   928,905,19,2100,3492,729,1   1061,989,25,266,2398,959,2   474,471,11,4376,5556,422,4   248,292,11,5208,5972,422,2
!----------------------------------------------------------------
!Recharge stations: x,y
300,0   1314,650   548,85   70,356   844,731   273,357   372,710   1529,261   1270,389   655,302   1674,380   1396,767   244,452   1523,709   426,287   921,702   861,575   1356,580   529,269   122,368   690,624   750,182   364,612   1301,231   417,330

g inverse recharge rate 0.52
