!----------------------------------------------------------------
!Stores: (first: depot x,y; then: satellites x,y,maxCap)
300,0   341,811,1000   468,469,1000   1903,681,1000   1739,317,1000
!----------------------------------------------------------------
!Trucks: (total#, cap, cost/dist, fixcost)
6,250,1,150
!----------------------------------------------------------------
!CityFreighters: (max cf/sat, total#, cap, cost/dist, fixcost, maxCharge, energyConsumption)
10,10,125,1,80,1400,1
!----------------------------------------------------------------
!Customers: (x, y, demand, readyTime, dueDate, serviceTime, penalizationCost)
1457,621,29,770,2898,1354,5   1369,514,15,5301,6763,701,3   450,294,18,1481,3257,841,3   1201,625,4,6362,6720,187,1   303,393,10,3311,4269,467,1   626,373,9,1261,1963,420,1   986,751,21,1801,4103,981,4   1687,572,6,936,1308,280,1   807,535,17,5647,7717,794,4   957,602,7,5187,5661,327,4   1341,466,14,2479,4101,654,3   868,335,19,4242,5942,887,1   1477,427,3,2387,2525,140,2   1710,513,7,5595,6457,327,2   297,516,18,5468,7706,841,3   1566,595,15,379,1523,701,3   982,373,19,462,2186,887,4   602,560,12,2385,3753,560,1   1018,575,17,383,1867,794,5   681,511,19,4758,6052,887,5   390,389,12,5134,6046,560,4   1717,407,3,2964,3228,140,3   812,728,4,2340,2604,187,4   1482,411,11,5892,6844,514,2   1121,230,9,5222,6054,420,1   724,609,5,4044,4416,234,4   732,543,7,4869,5613,327,5   1701,427,5,2156,2576,234,2   1429,411,26,2399,5357,1214,4   1580,334,6,4764,5358,280,1   1542,363,4,6411,6623,187,5   446,356,26,105,1625,1214,5   1325,511,28,4683,7145,1308,4   1040,543,14,4639,6179,654,1   839,762,10,1391,2461,467,5   826,427,25,4492,6830,1168,4   1622,535,18,2985,4719,841,2   1205,493,22,3849,5683,1027,2   1756,487,13,1692,2742,607,5   1757,458,13,3686,5204,607,5   1205,634,26,2196,4690,1214,4   968,82,17,2687,3835,794,2   552,907,29,5434,7756,1354,4   933,725,11,2427,2831,514,2   1702,535,16,6080,7662,747,3   1374,356,9,5978,6670,420,4   1225,149,10,1457,2589,467,5   1029,837,20,0,2063,934,4   894,84,23,4350,6366,1074,1   210,630,15,1699,3121,701,3
!----------------------------------------------------------------
!Recharge stations: x,y
300,0   341,811   468,469   1903,681   1739,317   848,592   1099,507   911,413   213,615   548,783   383,254   565,713   1717,496   1501,750   472,394   835,532   1065,724   1063,755   378,567   1418,245   1695,575   395,552   357,294   1675,329   1330,785

g inverse recharge rate 0.53
