!----------------------------------------------------------------
!Stores: (first: depot x,y; then: satellites x,y)
300,0   1301,770   254,805   1042,125   1949,604
!----------------------------------------------------------------
!Trucks: (total#, cap, cost/dist, fixcost)
6,250,1,150
!----------------------------------------------------------------
!CityFreighters: (max cf/sat, total#, cap, cost/dist, fixcost, maxCharge, energyConsumption)
10,10,125,1,80,900,1
!----------------------------------------------------------------
!Customers: (x, y, demand, readyTime, dueDate, serviceTime, penalizationCost)
629,336,12,5831,6901,496,1   460,387,11,5187,5949,455,1   1688,429,16,5182,6380,662,1   1449,542,25,4595,6299,1034,1   1029,651,18,1526,2962,745,1   747,647,19,0,1726,786,1   944,670,19,3744,4984,786,1   459,321,9,2015,2629,372,1   748,672,13,6183,7427,538,1   1734,562,20,230,2318,827,1   1006,523,10,1457,2193,414,1   1115,344,26,369,2697,1075,1   525,572,20,4923,7099,827,1   1099,637,15,3124,4326,620,1   1733,426,29,0,2469,1200,1   1239,422,13,3127,4013,538,1   1582,312,21,1752,3696,869,1   1221,729,21,4823,6589,869,1   649,668,28,2938,5000,1158,1   1435,250,6,404,1098,248,1   371,320,9,4838,5550,372,1   610,490,11,5309,6553,455,1   752,225,18,4120,5890,745,1   1763,453,14,1255,2435,579,1   865,652,6,5841,6305,248,1   749,601,9,3922,4552,372,1   397,456,7,2437,3075,290,1   716,621,10,3414,4122,414,1   1500,608,12,5200,5962,496,1   851,771,22,212,1870,910,1   1686,622,13,4266,5230,538,1   1555,455,11,2327,3179,455,1   680,485,6,2463,2865,248,1   1377,463,6,1182,1714,248,1   1630,501,6,2615,3061,248,1   1619,511,20,3637,5323,827,1   1578,620,11,2170,2862,455,1   387,409,15,3693,5035,620,1   859,326,16,1563,2867,662,1   586,446,8,2495,3117,331,1   1582,357,9,6114,6944,372,1   814,501,29,1884,4546,1200,1   1113,156,28,956,3092,1158,1   1276,752,24,2500,3912,993,1   1706,620,19,4916,6200,786,1   1741,645,14,552,1694,579,1   1451,629,15,3219,4327,620,1   1925,391,14,3287,4499,579,1   1433,513,6,2676,3136,248,1   1047,330,18,695,2061,745,1
!----------------------------------------------------------------
!Recharge stations: x,y
300,0   1301,770   254,805   1042,125   1949,604   786,558   961,757   592,546   1796,454   1828,482   282,366   306,487   1226,891   1253,280   420,427   1251,482   1168,320   1721,411   990,186   1576,561   495,385   1383,371   615,242   587,320   238,365

g inverse recharge rate 3
T min departure time 0
