!----------------------------------------------------------------
!Stores: (first: depot x,y; then: satellites x,y,maxCap)
300,0   1104,923,1000   265,570,1000   1281,290,1000   997,241,1000
!----------------------------------------------------------------
!Trucks: (total#, cap, cost/dist, fixcost)
6,250,1,150
!----------------------------------------------------------------
!CityFreighters: (max cf/sat, total#, cap, cost/dist, fixcost, maxCharge, energyConsumption)
10,10,125,1,80,1100,1
!----------------------------------------------------------------
!Customers: (x, y, demand, readyTime, dueDate, serviceTime, penalizationCost)
1080,593,8,5306,6000,272,1   1753,528,17,1357,2311,578,2   445,400,22,3290,4730,748,1   812,373,17,3464,5196,578,2   1472,533,8,5603,5997,272,1   533,449,11,4782,5388,374,1   1500,396,28,821,2633,951,1   783,520,8,4671,5331,272,4   447,670,25,234,2342,849,5   1673,643,11,2236,3062,374,3   295,397,24,4102,5466,815,1   674,443,18,0,1298,612,2   293,545,25,863,3089,849,2   941,487,4,5830,6034,136,4   1501,317,16,1823,3091,544,5   1263,474,8,4768,5230,272,4   1796,478,13,3499,4363,442,4   219,495,6,5093,5609,204,3   352,509,19,3105,4631,646,2   1628,651,7,3582,4158,238,3   1419,708,29,2556,5208,985,3   1547,410,3,1453,1659,102,3   688,719,13,2412,3236,442,4   244,550,27,3107,4791,917,3   1548,575,8,3208,3720,272,3   1494,578,22,2837,4405,748,1   1582,371,13,2798,3302,442,5   1183,560,28,1765,4231,951,3   1142,241,24,2430,4322,815,1   1203,670,19,5500,6540,646,5   1177,440,12,943,1551,408,1   549,720,22,2156,3704,748,2   1499,389,22,298,1988,748,1   1019,209,10,2392,3156,340,2   1299,607,28,173,1593,951,5   1198,224,16,3914,4846,544,5   1770,470,19,803,2511,646,3   1127,515,22,982,2608,748,1   603,584,8,4227,4813,272,4   1027,603,15,4402,5478,510,1   1772,355,3,3094,3270,102,2   744,204,11,3942,4806,374,2   1723,488,5,4978,5416,170,2   933,674,23,757,2657,781,1   1154,645,17,2422,3756,578,5   1093,727,27,0,1330,917,2   1683,195,24,3095,4513,815,5   220,563,6,3042,3460,204,2   1524,784,22,4683,6573,748,3   1407,661,7,5523,5857,238,5
!----------------------------------------------------------------
!Recharge stations: x,y
300,0   1104,923   265,570   1281,290   997,241   1508,355   1486,550   368,875   1766,541   1717,671   1244,246   1438,333   1269,613   1833,520   535,532   1338,766   189,400   1131,503   554,230   374,386   1411,747   282,613   789,370   457,537   1796,516

g inverse recharge rate 0.55
