!----------------------------------------------------------------
!Stores: (first: depot x,y; then: satellites x,y,maxCap)
300,0   1913,443,1000   1219,926,1000   608,792,1000   1816,280,1000
!----------------------------------------------------------------
!Trucks: (total#, cap, cost/dist, fixcost)
6,250,1,150
!----------------------------------------------------------------
!CityFreighters: (max cf/sat, total#, cap, cost/dist, fixcost, maxCharge, energyConsumption)
10,10,125,1,80,1300,1
!----------------------------------------------------------------
!Customers: (x, y, demand, readyTime, dueDate, serviceTime, penalizationCost)
623,450,10,3897,4875,415,5   281,390,29,1973,4981,1203,5   884,287,9,6741,7311,373,1   1629,573,29,2518,4570,1203,3   974,731,8,697,1279,332,3   529,469,12,2932,3858,498,5   1551,495,8,5682,6396,332,4   1351,754,3,6385,6639,124,1   602,631,10,890,1458,415,4   898,367,3,4670,4918,124,2   1699,559,21,1834,3938,871,5   378,609,17,2061,3693,705,5   370,498,3,5370,5634,124,2   469,445,17,1975,3571,705,3   1184,511,12,2311,3075,498,3   495,516,8,5469,5981,332,5   1495,720,6,3724,4350,249,2   530,438,28,4239,6951,1161,4   981,779,7,2203,3043,290,5   510,736,25,1466,3922,1037,2   361,612,10,4006,4834,415,4   1250,678,25,4159,6581,1037,4   756,555,10,4031,4779,415,2   800,283,3,5269,5543,124,3   490,577,16,3954,4848,664,5   461,372,20,1589,3295,830,2   654,765,15,4674,6366,622,4   1709,537,25,5167,6981,1037,2   440,471,27,2006,3808,1120,3   571,333,21,3653,5505,871,3   1234,454,25,4422,6900,1037,5   1631,401,20,2340,4048,830,3   598,321,13,604,1826,539,2   1653,656,20,1690,3708,830,1   913,741,8,6345,7195,332,3   1356,482,28,1599,3399,1161,4   1699,452,29,2933,4763,1203,2   484,331,9,2679,3285,373,3   1148,231,7,1527,2057,290,4   1454,444,24,626,2002,996,4   1784,634,11,1631,2625,456,1   1304,192,12,4757,5927,498,2   1100,315,12,5093,6093,498,5   1382,546,17,1905,3717,705,2   1638,743,29,3760,6524,1203,4   633,80,29,3375,6439,1203,5   1600,703,24,0,1767,996,4   1675,196,3,1837,2073,124,4   1892,642,20,3021,5127,830,2   1161,242,23,1284,2810,954,1
!----------------------------------------------------------------
!Recharge stations: x,y
300,0   1913,443   1219,926   608,792   1816,280   1120,355   857,292   1951,593   934,802   1543,499   446,556   1631,279   618,418   876,562   1684,653   179,492   1561,414   220,579   881,173   364,870   1589,151   1300,690   1699,338   1107,831   125,616

g inverse recharge rate 0.57
