!----------------------------------------------------------------
!Stores: (first: depot x,y; then: satellites x,y,maxCap)
300,0   14,516,1000   900,857,1000   226,729,1000   1523,387,1000
!----------------------------------------------------------------
!Trucks: (total#, cap, cost/dist, fixcost)
6,250,1,150
!----------------------------------------------------------------
!CityFreighters: (max cf/sat, total#, cap, cost/dist, fixcost, maxCharge, energyConsumption)
10,10,125,1,80,800,1
!----------------------------------------------------------------
!Customers: (x, y, demand, readyTime, dueDate, serviceTime, penalizationCost)
1319,462,5,785,1191,231,1   1081,616,7,7127,7749,324,3   450,560,7,6275,6923,324,2   744,686,25,59,2921,1156,4   227,439,18,2592,4820,833,3   1544,529,20,299,2255,925,1   1075,473,18,5142,6766,833,4   1297,233,19,5272,7212,879,4   904,687,29,4837,7425,1341,2   643,611,27,1576,3748,1249,5   1565,665,29,4909,7143,1341,1   1065,333,29,4804,8624,1341,4   1500,324,11,3867,4975,509,1   1432,354,22,5999,8071,1018,4   853,713,19,2153,3819,879,3   302,509,13,1285,2533,601,1   1286,463,28,4110,7016,1295,2   981,764,6,2366,2922,278,4   211,508,22,3531,6151,1018,2   1151,357,4,4992,5438,185,5   780,320,5,2022,2478,231,2   1193,762,21,0,2151,971,5   1067,379,8,2493,3129,370,2   282,420,18,1900,3110,833,5   469,601,3,3301,3435,139,2   1506,342,19,5720,8004,879,5   1686,616,7,2237,2885,324,2   1629,594,7,2259,2947,324,3   1703,469,9,3791,4529,416,1   1456,503,7,864,1736,324,1   1129,307,8,3488,4096,370,2   1160,338,15,5280,6526,694,5   361,615,15,6044,7478,694,1   1119,208,16,2912,3992,740,1   412,308,11,6379,7339,509,5   1528,661,5,7565,7743,231,2   1697,511,18,3194,5016,833,3   1184,516,3,1892,2190,139,5   1284,408,22,561,2347,1018,4   1645,510,27,669,2785,1249,3   1502,365,9,1042,1984,416,4   200,285,12,4196,5176,555,5   1168,618,5,856,1282,231,1   1228,143,27,3370,5578,1249,5   887,54,19,4261,6395,879,1   934,389,18,1775,3301,833,2   118,716,4,6464,6800,185,4   1557,122,26,4964,6738,1203,2   1865,539,5,1725,2179,231,4   0,500,7,6887,7495,324,3
!----------------------------------------------------------------
!Recharge stations: x,y
300,0   14,516   900,857   226,729   1523,387   1473,232   516,325   1556,602   321,460   1133,641   162,451   212,453   1307,759   289,677   766,685   600,305   832,269   336,217   247,557   405,277   1381,107   1851,680   1374,251   806,514   199,418

g inverse recharge rate 0.94
