!----------------------------------------------------------------
!Stores: (first: depot x,y; then: satellites x,y,maxCap)
300,0   1982,476,1000   985,805,1000   1474,624,1000   1117,188,1000
!----------------------------------------------------------------
!Trucks: (total#, cap, cost/dist, fixcost)
6,250,1,150
!----------------------------------------------------------------
!CityFreighters: (max cf/sat, total#, cap, cost/dist, fixcost, maxCharge, energyConsumption)
10,10,125,1,80,1000,1
!----------------------------------------------------------------
!Customers: (x, y, demand, readyTime, dueDate, serviceTime, penalizationCost)
615,600,27,3739,6445,1042,5   1511,329,23,1622,3526,888,5   1782,526,8,2292,2866,309,3   509,649,9,1351,1985,347,1   450,391,4,2000,2330,154,5   1103,297,6,847,1103,232,3   1090,759,8,2878,3656,309,4   1777,471,16,1237,1735,617,4   503,585,9,3676,4240,347,2   991,253,27,179,2367,1042,3   236,534,13,4537,5745,502,3   1027,793,24,391,2083,926,1   1206,221,6,4793,5235,232,2   1774,556,7,2331,2807,270,4   500,471,22,3084,4592,849,1   220,533,17,1938,3756,656,2   270,402,22,3049,4529,849,3   370,540,17,1490,3222,656,5   248,532,7,3932,4330,270,3   1473,452,19,2850,4550,733,4   1005,700,6,419,867,232,5   1218,251,4,3304,3528,154,5   1461,480,29,4988,7502,1119,4   729,658,4,2040,2334,154,2   1377,537,25,3071,4971,965,5   1747,396,8,4983,5625,309,5   524,662,7,4284,4734,270,5   490,273,19,3060,4080,733,2   217,544,6,1731,2287,232,4   445,318,24,755,2591,926,3   1401,748,23,0,1541,888,3   858,647,16,6206,7158,617,3   1700,356,25,2830,4158,965,1   1207,342,12,5606,6368,463,5   924,339,5,3906,4364,193,2   1074,619,25,109,2489,965,2   1391,295,26,1555,3765,1003,4   789,284,18,5048,6768,695,2   884,539,16,1172,2422,617,3   277,552,23,4954,6922,888,4   1234,712,29,226,1472,1119,5   1048,910,5,2839,3221,193,5   1718,576,27,4852,6598,1042,3   629,161,16,3294,4126,617,3   363,216,5,3145,3439,193,5   1205,170,29,4966,7464,1119,3   993,642,8,1664,2314,309,4   1381,476,7,2314,2826,270,4   1648,835,20,460,2050,772,5   1243,138,19,3233,4409,733,1
!----------------------------------------------------------------
!Recharge stations: x,y
300,0   1982,476   985,805   1474,624   1117,188   470,426   1269,663   687,469   521,365   1752,431   808,433   718,386   674,489   539,450   698,349   1401,422   1427,512   467,422   1207,579   91,480   1482,486   1531,472   1263,685   1496,216   586,610

g inverse recharge rate 0.67
