!----------------------------------------------------------------
!Stores: (first: depot x,y; then: satellites x,y,maxCap)
300,0   1913,443,1000   1219,926,1000   608,792,1000   1816,280,1000
!----------------------------------------------------------------
!Trucks: (total#, cap, cost/dist, fixcost)
6,250,1,150
!----------------------------------------------------------------
!CityFreighters: (max cf/sat, total#, cap, cost/dist, fixcost, maxCharge, energyConsumption)
10,10,125,1,80,900,1
!----------------------------------------------------------------
!Customers: (x, y, demand, readyTime, dueDate, serviceTime, penalizationCost)
623,450,10,3244,4196,415,3   281,390,29,364,2724,1203,5   884,287,9,4302,4720,373,4   1629,573,29,1977,3805,1203,1   974,731,8,7238,7816,332,2   529,469,12,4386,5646,498,3   1551,495,8,6192,6970,332,4   1351,754,3,3870,4006,124,2   602,631,10,1225,1759,415,2   898,367,3,6965,7275,124,5   1699,559,21,343,1767,871,3   378,609,17,2543,4517,705,2   370,498,3,6318,6536,124,3   469,445,17,2295,3597,705,1   1184,511,12,3868,4858,498,5   495,516,8,4401,5123,332,2   1495,720,6,6965,7505,249,3   530,438,28,1262,3506,1161,1   981,779,7,5858,6472,290,5   510,736,25,2986,4814,1037,1   361,612,10,3111,3955,415,5   1250,678,25,414,3252,1037,5   756,555,10,2451,3489,415,1   800,283,3,6906,7136,124,4   490,577,16,2820,4162,664,2   461,372,20,177,2345,830,2   654,765,15,1245,2393,622,5   1709,537,25,4609,6799,1037,2   440,471,27,0,2723,1120,1   571,333,21,1815,3649,871,1   1234,454,25,4705,7113,1037,2   1631,401,20,6499,8345,830,5   598,321,13,3943,5153,539,1   1653,656,20,5693,7491,830,1   913,741,8,621,1271,332,3   1356,482,28,5854,7658,1161,1   1699,452,29,4427,6253,1203,2   484,331,9,1725,2219,373,4   1148,231,7,3830,4330,290,5   1454,444,24,4722,7194,996,3   1784,634,11,7200,8028,456,1   1304,192,12,911,2083,498,3   1100,315,12,3868,4988,498,2   1382,546,17,4871,5755,705,3   1638,743,29,208,3302,1203,3   633,80,29,4769,7393,1203,2   1600,703,24,5049,7689,996,4   1675,196,3,6851,7125,124,2   1892,642,20,0,1745,830,4   1161,242,23,0,2068,954,5
!----------------------------------------------------------------
!Recharge stations: x,y
300,0   1913,443   1219,926   608,792   1816,280   1120,355   857,292   1951,593   934,802   1543,499   446,556   1631,279   618,418   876,562   1684,653   179,492   1561,414   220,579   881,173   364,870   1589,151   1300,690   1699,338   1107,831   125,616

g inverse recharge rate 0.82
