!----------------------------------------------------------------
!Stores: (first: depot x,y; then: satellites x,y,maxCap)
300,0   941,202,1000   764,856,1000   989,385,1000   706,294,1000
!----------------------------------------------------------------
!Trucks: (total#, cap, cost/dist, fixcost)
6,250,1,150
!----------------------------------------------------------------
!CityFreighters: (max cf/sat, total#, cap, cost/dist, fixcost, maxCharge, energyConsumption)
10,10,125,1,80,1100,1
!----------------------------------------------------------------
!Customers: (x, y, demand, readyTime, dueDate, serviceTime, penalizationCost)
395,389,21,430,1496,568,2   1351,406,17,2409,3201,459,5   811,620,26,2276,4238,703,2   1558,318,7,1760,2108,189,3   1093,597,25,671,2331,676,5   1670,525,9,2080,2512,243,5   1364,741,27,765,1891,730,1   1108,353,6,1645,1989,162,2   811,277,23,559,2097,622,4   570,613,13,2532,3274,351,2   695,289,23,0,1289,622,1   617,241,8,1157,1545,216,4   1471,373,12,743,1353,324,2   846,746,4,1993,2191,108,4   486,281,19,4480,5352,513,3   1423,306,24,2209,3899,649,1   1317,658,22,3210,4290,595,4   1613,640,25,3219,4695,676,2   1043,609,14,2048,2980,378,2   482,401,15,3395,4467,405,3   1375,313,14,316,1172,378,4   1698,587,27,1968,3414,730,5   1425,250,7,3186,3462,189,3   1435,294,7,1608,2100,189,3   910,429,16,4446,5536,432,3   726,695,9,4395,4993,243,5   467,338,3,1745,1909,81,3   277,487,18,3605,4403,486,5   1079,513,15,3011,3937,405,5   341,514,12,3256,3822,324,5   875,338,16,2428,3388,432,3   331,498,15,499,1309,405,3   314,395,15,3487,4325,405,1   616,561,23,2510,3250,622,3   907,722,27,4089,5349,730,4   855,247,21,3158,4282,568,4   1116,540,27,2087,3395,730,1   1531,429,10,483,1067,270,2   582,522,10,2507,3217,270,4   628,409,11,1005,1685,297,3   1717,715,8,3848,4376,216,4   336,142,27,989,2207,730,2   1495,602,12,2187,2797,324,5   1059,62,13,623,1223,351,4   1114,692,21,2941,4011,568,4   673,414,26,4509,5169,703,2   527,885,11,1229,2013,297,2   1841,629,20,2131,3009,540,4   1315,472,23,3933,5473,622,4   465,222,19,3088,4170,513,3
!----------------------------------------------------------------
!Recharge stations: x,y
300,0   941,202   764,856   989,385   706,294   1527,333   1472,253   261,554   532,279   384,280   947,742   1506,457   263,387   511,644   238,352   662,615   188,567   1827,519   1644,482   905,333   725,649   566,473   1323,721   725,650   116,684

g inverse recharge rate 0.45
