!----------------------------------------------------------------
!Stores: (first: depot x,y; then: satellites x,y,maxCap)
300,0   1680,198,1000   1105,702,1000   1469,679,1000   967,345,1000
!----------------------------------------------------------------
!Trucks: (total#, cap, cost/dist, fixcost)
6,250,1,150
!----------------------------------------------------------------
!CityFreighters: (max cf/sat, total#, cap, cost/dist, fixcost, maxCharge, energyConsumption)
10,10,125,1,80,1500,1
!----------------------------------------------------------------
!Customers: (x, y, demand, readyTime, dueDate, serviceTime, penalizationCost)
802,540,20,4502,5524,591,2   1641,343,5,1844,2066,148,4   1184,667,26,158,1578,769,5   942,312,28,2401,4733,828,5   1136,426,11,3094,3778,325,5   1212,394,11,448,1118,325,2   962,605,16,3983,5093,473,2   463,582,13,1198,1994,384,2   491,462,25,1134,2492,739,2   675,621,26,3974,6166,769,4   1505,436,12,1667,2219,355,5   1719,382,10,4267,4693,296,4   378,359,25,836,1390,739,5   843,452,14,4052,4908,414,4   625,721,19,778,1740,562,1   1634,400,25,1098,2810,739,5   1057,607,29,642,2498,857,2   768,507,10,3108,3556,296,4   1543,611,14,2255,3017,414,1   685,382,10,1512,2108,296,3   1027,322,17,401,1155,503,4   816,578,7,1112,1466,207,2   727,698,8,2905,3471,237,4   1301,421,18,3854,5010,532,3   358,485,13,1007,1743,384,4   1767,538,18,3358,4398,532,4   310,555,15,2032,3104,443,1   693,574,18,3422,4450,532,4   878,305,18,2041,2909,532,2   976,524,23,2761,4125,680,1   920,554,13,4925,5603,384,3   1291,546,23,1779,3431,680,1   799,506,10,1713,2357,296,1   890,602,24,1327,3017,710,5   1746,558,19,2139,3079,562,3   1331,642,25,593,2233,739,2   1567,456,27,523,2035,798,4   1295,261,18,3561,4633,532,1   1304,310,5,1888,2230,148,5   681,714,14,4372,4896,414,2   809,607,16,2222,3218,473,3   725,388,8,761,1253,237,1   103,632,4,4021,4243,118,2   1090,56,29,4387,5605,857,3   1906,663,25,4233,5651,739,3   408,559,23,1596,2708,680,1   387,541,25,417,1933,739,3   138,358,12,2724,3584,355,4   1414,489,25,3865,5157,739,4   1645,614,3,4112,4288,89,2
!----------------------------------------------------------------
!Recharge stations: x,y
300,0   1680,198   1105,702   1469,679   967,345   326,462   761,296   1152,234   351,436   675,802   1276,477   613,572   1479,418   544,246   1956,463   1135,317   504,633   604,809   1822,438   1035,378   916,153   270,616   1055,810   195,555   944,722

g inverse recharge rate 0.37
