!----------------------------------------------------------------
!Stores: (first: depot x,y; then: satellites x,y,maxCap)
300,0   674,747,1000   1212,82,1000   1820,396,1000   146,610,1000
!----------------------------------------------------------------
!Trucks: (total#, cap, cost/dist, fixcost)
6,250,1,150
!----------------------------------------------------------------
!CityFreighters: (max cf/sat, total#, cap, cost/dist, fixcost, maxCharge, energyConsumption)
10,10,125,1,80,800,1
!----------------------------------------------------------------
!Customers: (x, y, demand, readyTime, dueDate, serviceTime, penalizationCost)
780,646,22,4942,6838,802,2   711,230,24,3666,5720,874,1   573,491,16,516,1384,583,1   466,713,9,2065,2825,328,2   580,515,15,2209,3409,547,3   785,684,29,4531,6509,1057,5   1798,482,16,5984,7256,583,4   1254,401,11,2286,2926,401,5   1267,503,24,5496,6804,874,4   1692,387,19,5188,7012,692,3   1346,517,24,3597,5423,874,3   1640,434,7,1247,1761,255,4   952,712,29,2583,4819,1057,4   300,610,19,1601,2915,692,3   735,309,5,3061,3347,182,5   1201,417,19,616,1870,692,4   912,561,22,4838,6680,802,4   682,725,16,4744,6168,583,4   556,373,21,5850,7476,765,3   437,502,15,5193,6303,547,1   1244,258,8,4115,4427,291,4   346,373,24,1089,3165,874,4   1686,512,24,6161,7477,874,3   1612,372,12,4881,5571,437,5   1369,252,28,1976,3136,1020,2   869,647,3,4011,4215,109,5   1517,668,12,1017,1923,437,1   875,666,6,5625,6261,219,3   421,332,19,5014,6420,692,1   1487,492,10,6657,7459,364,3   734,421,8,3438,3944,291,1   555,624,25,5589,7415,911,1   1791,481,20,1189,2559,729,1   1089,427,3,7484,7738,109,3   1529,435,24,4176,5986,874,2   320,416,21,2158,3478,765,2   1670,625,8,2072,2492,291,5   512,609,22,3967,5563,802,4   1644,378,28,3793,5687,1020,5   1538,497,23,1449,3227,838,2   1697,615,20,885,3015,729,2   106,330,22,4208,5610,802,1   1565,227,18,4543,5507,656,1   607,835,17,2465,3551,619,5   1837,538,13,3680,4566,474,2   1511,654,22,3329,4707,802,5   988,57,7,6578,7190,255,4   1437,655,29,305,2157,1057,1   833,230,18,1169,2191,656,2   741,20,25,757,2381,911,4
!----------------------------------------------------------------
!Recharge stations: x,y
300,0   674,747   1212,82   1820,396   146,610   594,208   900,186   1024,417   1145,426   1792,477   576,776   239,630   1713,323   1471,501   1667,668   355,687   236,202   588,459   1324,526   153,521   239,502   1273,594   965,466   350,401   1270,734

g inverse recharge rate 0.89
