!----------------------------------------------------------------
!Stores: (first: depot x,y; then: satellites x,y,maxCap)
300,0   14,516,1000   900,857,1000   226,729,1000   1523,387,1000
!----------------------------------------------------------------
!Trucks: (total#, cap, cost/dist, fixcost)
6,250,1,150
!----------------------------------------------------------------
!CityFreighters: (max cf/sat, total#, cap, cost/dist, fixcost, maxCharge, energyConsumption)
10,10,125,1,80,1600,1
!----------------------------------------------------------------
!Customers: (x, y, demand, readyTime, dueDate, serviceTime, penalizationCost)
1319,462,5,1517,1887,231,2   1081,616,7,5648,6448,324,2   450,560,7,4667,5349,324,2   744,686,25,449,2929,1156,3   227,439,18,5638,7388,833,4   1544,529,20,3517,5463,925,2   1075,473,18,5652,7512,833,4   1297,233,19,4765,6845,879,2   904,687,29,0,2219,1341,5   643,611,27,4808,7664,1249,2   1565,665,29,4887,8039,1341,2   1065,333,29,4879,7957,1341,3   1500,324,11,5721,6631,509,4   1432,354,22,0,1970,1018,5   853,713,19,4867,6451,879,2   302,509,13,2846,4290,601,3   1286,463,28,3750,7480,1295,4   981,764,6,3278,3892,278,1   211,508,22,2020,4392,1018,3   1151,357,4,3172,3562,185,4   780,320,5,5873,6345,231,1   1193,762,21,3311,5717,971,5   1067,379,8,3517,4337,370,1   282,420,18,440,2488,833,3   469,601,3,1215,1513,139,3   1506,342,19,5189,6929,879,4   1686,616,7,809,1653,324,4   1629,594,7,2595,3285,324,1   1703,469,9,3621,4455,416,4   1456,503,7,842,1578,324,3   1129,307,8,7424,8156,370,5   1160,338,15,1152,2548,694,2   361,615,15,3695,5001,694,4   1119,208,16,3556,5092,740,3   412,308,11,3045,4081,509,3   1528,661,5,1844,2326,231,3   1697,511,18,1329,2941,833,1   1184,516,3,7254,7568,139,1   1284,408,22,361,2943,1018,2   1645,510,27,1303,2693,1249,1   1502,365,9,2020,3054,416,2   200,285,12,6806,7708,555,3   1168,618,5,1473,2055,231,1   1228,143,27,664,3128,1249,4   887,54,19,5735,7549,879,4   934,389,18,1829,3811,833,2   118,716,4,2160,2564,185,3   1557,122,26,2559,5575,1203,4   1865,539,5,4182,4562,231,1   0,500,7,4033,4553,324,3
!----------------------------------------------------------------
!Recharge stations: x,y
300,0   14,516   900,857   226,729   1523,387   1473,232   516,325   1556,602   321,460   1133,641   162,451   212,453   1307,759   289,677   766,685   600,305   832,269   336,217   247,557   405,277   1381,107   1851,680   1374,251   806,514   199,418

g inverse recharge rate 0.47
