!----------------------------------------------------------------
!Stores: (first: depot x,y; then: satellites x,y,maxCap)
300,0   341,811,1000   468,469,1000   1903,681,1000   1739,317,1000
!----------------------------------------------------------------
!Trucks: (total#, cap, cost/dist, fixcost)
6,250,1,150
!----------------------------------------------------------------
!CityFreighters: (max cf/sat, total#, cap, cost/dist, fixcost, maxCharge, energyConsumption)
10,10,125,1,80,900,1
!----------------------------------------------------------------
!Customers: (x, y, demand, readyTime, dueDate, serviceTime, penalizationCost)
1457,621,29,4314,6360,1354,2   1369,514,15,4679,6233,701,2   450,294,18,3513,5263,841,1   1201,625,4,4088,4474,187,4   303,393,10,5973,6569,467,3   626,373,9,5970,6858,420,1   986,751,21,1720,4298,981,5   1687,572,6,2368,2830,280,2   807,535,17,5879,7761,794,2   957,602,7,6513,7135,327,3   1341,466,14,6579,8075,654,4   868,335,19,3408,5472,887,3   1477,427,3,6715,6997,140,3   1710,513,7,646,1432,327,5   297,516,18,1256,2380,841,1   1566,595,15,3252,4572,701,5   982,373,19,2499,4183,887,4   602,560,12,6217,7293,560,5   1018,575,17,4480,5614,794,3   681,511,19,5176,7382,887,4   390,389,12,4041,5091,560,4   1717,407,3,4527,4823,140,2   812,728,4,6596,7002,187,1   1482,411,11,2132,2900,514,4   1121,230,9,3895,4989,420,2   724,609,5,6670,7252,234,3   732,543,7,4549,5255,327,2   1701,427,5,7642,8084,234,2   1429,411,26,4852,7074,1214,5   1580,334,6,5472,6052,280,2   1542,363,4,2148,2502,187,2   446,356,26,618,4110,1214,2   1325,511,28,0,2808,1308,1   1040,543,14,3359,4647,654,3   839,762,10,6036,6952,467,3   826,427,25,1813,4075,1168,4   1622,535,18,3396,4980,841,2   1205,493,22,5073,7651,1027,2   1756,487,13,3923,5175,607,1   1757,458,13,5125,6475,607,3   1205,634,26,4777,7673,1214,1   968,82,17,5729,6969,794,1   552,907,29,0,2260,1354,4   933,725,11,3562,4608,514,5   1702,535,16,5499,7207,747,4   1374,356,9,4716,5700,420,4   1225,149,10,4919,6181,467,3   1029,837,20,3831,6073,934,1   894,84,23,3697,5103,1074,1   210,630,15,3966,5184,701,4
!----------------------------------------------------------------
!Recharge stations: x,y
300,0   341,811   468,469   1903,681   1739,317   848,592   1099,507   911,413   213,615   548,783   383,254   565,713   1717,496   1501,750   472,394   835,532   1065,724   1063,755   378,567   1418,245   1695,575   395,552   357,294   1675,329   1330,785

g inverse recharge rate 0.83
