!----------------------------------------------------------------
!Stores: (first: depot x,y; then: satellites x,y,maxCap)
300,0   1913,443,1000   1219,926,1000   608,792,1000   1816,280,1000
!----------------------------------------------------------------
!Trucks: (total#, cap, cost/dist, fixcost)
6,250,1,150
!----------------------------------------------------------------
!CityFreighters: (max cf/sat, total#, cap, cost/dist, fixcost, maxCharge, energyConsumption)
10,10,125,1,80,1700,1
!----------------------------------------------------------------
!Customers: (x, y, demand, readyTime, dueDate, serviceTime, penalizationCost)
623,450,10,5855,6839,415,3   281,390,29,4022,6850,1203,3   884,287,9,5715,6543,373,1   1629,573,29,0,2246,1203,5   974,731,8,3352,4070,332,4   529,469,12,1376,2212,498,3   1551,495,8,1604,2362,332,1   1351,754,3,7154,7400,124,1   602,631,10,1653,2575,415,1   898,367,3,691,935,124,2   1699,559,21,3907,5893,871,2   378,609,17,3492,4636,705,3   370,498,3,7045,7321,124,2   469,445,17,691,1889,705,4   1184,511,12,1704,2804,498,5   495,516,8,6373,6799,332,2   1495,720,6,2749,3221,249,4   530,438,28,5126,7584,1161,4   981,779,7,6388,7236,290,1   510,736,25,3993,5257,1037,3   361,612,10,2683,3391,415,4   1250,678,25,1404,3686,1037,2   756,555,10,1180,2156,415,1   800,283,3,3302,3546,124,2   490,577,16,2167,2799,664,2   461,372,20,5189,7419,830,4   654,765,15,4357,5545,622,5   1709,537,25,2901,5315,1037,2   440,471,27,303,2171,1120,3   571,333,21,652,2296,871,3   1234,454,25,2297,4443,1037,5   1631,401,20,2421,4669,830,3   598,321,13,2149,3195,539,1   1653,656,20,4528,6132,830,3   913,741,8,6360,6908,332,4   1356,482,28,4863,6973,1161,3   1699,452,29,2140,5144,1203,3   484,331,9,5279,6195,373,5   1148,231,7,7182,7754,290,3   1454,444,24,74,1522,996,4   1784,634,11,4958,5992,456,4   1304,192,12,3405,4321,498,1   1100,315,12,934,2042,498,4   1382,546,17,495,1771,705,4   1638,743,29,3097,5489,1203,3   633,80,29,3671,6293,1203,5   1600,703,24,1662,3724,996,3   1675,196,3,6694,6974,124,3   1892,642,20,2148,4368,830,4   1161,242,23,5804,7238,954,5
!----------------------------------------------------------------
!Recharge stations: x,y
300,0   1913,443   1219,926   608,792   1816,280   1120,355   857,292   1951,593   934,802   1543,499   446,556   1631,279   618,418   876,562   1684,653   179,492   1561,414   220,579   881,173   364,870   1589,151   1300,690   1699,338   1107,831   125,616

g inverse recharge rate 0.43
