!----------------------------------------------------------------
!Stores: (first: depot x,y; then: satellites x,y,maxCap)
300,0   1056,693,1000   103,661,1000   114,485,1000   1304,808,1000
!----------------------------------------------------------------
!Trucks: (total#, cap, cost/dist, fixcost)
6,250,1,150
!----------------------------------------------------------------
!CityFreighters: (max cf/sat, total#, cap, cost/dist, fixcost, maxCharge, energyConsumption)
10,10,125,1,80,900,1
!----------------------------------------------------------------
!Customers: (x, y, demand, readyTime, dueDate, serviceTime, penalizationCost)
1163,500,29,3702,6028,1042,4   1367,493,17,1416,2942,611,4   1485,607,26,887,2965,934,5   1714,389,16,4810,5908,575,1   1141,670,10,105,1087,359,2   342,564,29,4494,7148,1042,2   881,394,10,3068,3770,359,3   363,652,13,4734,5846,467,1   1144,739,20,3651,4865,719,2   262,395,5,5506,5894,180,5   1289,387,5,4100,4382,180,5   1060,256,28,4320,5930,1006,4   1137,712,4,3260,3504,144,2   877,554,6,1588,2064,216,2   387,602,17,2319,3567,611,4   499,280,28,1641,4421,1006,2   735,489,9,4153,4723,323,3   1138,223,5,2457,2789,180,5   1773,517,24,791,2143,862,4   463,646,22,5410,7216,791,4   225,513,28,5516,7048,1006,4   987,328,14,3067,3987,503,1   1718,618,10,3944,4556,359,4   527,297,15,4873,5949,539,5   1653,580,26,2395,3933,934,1   847,769,3,3304,3512,108,1   429,548,20,135,1563,719,5   745,448,19,312,1670,683,2   1593,500,3,4019,4275,108,4   469,718,18,5277,6717,647,5   1343,759,21,321,2023,755,4   1460,507,4,1580,1888,144,2   1261,735,24,4562,6374,862,5   722,686,29,2114,4332,1042,5   1404,478,14,5827,6837,503,5   677,632,22,3572,5150,791,1   1007,383,4,4638,4954,144,5   461,675,26,3635,6615,934,1   1362,527,13,4163,5059,467,1   980,486,3,5400,5598,108,5   644,679,20,2339,3791,719,5   406,154,21,2299,3481,755,4   1111,292,15,3217,4619,539,5   367,807,6,5952,6210,216,5   285,608,27,5403,7069,970,2   849,557,29,1857,3667,1042,5   394,411,29,0,2314,1042,2   637,836,17,1079,1981,611,1   462,155,6,3274,3714,216,5   334,751,11,1251,2009,395,1
!----------------------------------------------------------------
!Recharge stations: x,y
300,0   1056,693   103,661   114,485   1304,808   1615,737   1344,598   1012,905   103,417   1523,354   1299,814   158,541   567,722   1701,635   976,253   845,391   1608,700   459,496   1691,557   973,187   558,529   701,686   1708,812   514,389   271,327

g inverse recharge rate 0.73
