!----------------------------------------------------------------
!Stores: (first: depot x,y; then: satellites x,y,maxCap)
300,0   54,456,1000   164,276,1000   1745,570,1000   1076,323,1000
!----------------------------------------------------------------
!Trucks: (total#, cap, cost/dist, fixcost)
6,250,1,150
!----------------------------------------------------------------
!CityFreighters: (max cf/sat, total#, cap, cost/dist, fixcost, maxCharge, energyConsumption)
10,10,125,1,80,1300,1
!----------------------------------------------------------------
!Customers: (x, y, demand, readyTime, dueDate, serviceTime, penalizationCost)
1267,379,15,3970,5240,656,5   588,332,25,2545,4337,1093,5   359,385,20,349,1921,875,5   1711,446,21,5219,6533,918,4   1748,553,14,3257,4237,612,2   501,610,4,7359,7733,175,3   743,356,4,6108,6444,175,3   1253,700,20,37,1847,875,3   212,516,11,1831,2897,481,5   817,431,25,3874,6786,1093,2   473,323,12,5417,6429,525,2   884,530,20,4544,6322,875,3   319,527,29,4808,7026,1268,1   1013,202,12,5223,6457,525,1   666,690,7,1872,2614,306,3   1380,521,10,5097,5953,437,4   1542,585,17,957,2391,743,2   218,469,18,5836,7260,787,1   1642,509,17,1184,2598,743,2   1370,431,25,1372,3544,1093,2   1398,390,15,1331,2595,656,3   1556,315,11,3106,4056,481,2   294,594,4,4874,5202,175,3   350,659,5,3211,3631,219,4   446,593,14,4037,5627,612,4   1467,397,23,2103,3803,1006,2   205,524,8,6605,7411,350,1   790,276,27,0,1906,1181,3   364,353,18,6021,7917,787,4   1157,436,21,2929,4811,918,2   254,501,28,4903,7575,1224,2   1672,607,20,3816,5692,875,4   1391,587,26,3922,5858,1137,2   1096,593,4,7673,7955,175,2   1335,471,6,868,1446,262,3   1178,614,23,2365,4585,1006,4   662,563,13,3891,4957,568,2   956,365,21,5503,7481,918,2   1175,619,22,0,1974,962,3   1492,323,24,5311,8251,1049,3   1622,680,5,4606,4982,219,3   254,287,26,5514,7906,1137,3   1860,336,17,663,2351,743,4   1588,369,10,3168,3952,437,3   1199,247,5,6595,7139,219,2   885,670,11,3660,4554,481,5   108,629,6,4738,5088,262,4   1456,199,9,716,1200,394,1   599,646,12,4047,5237,525,3   384,157,5,1167,1597,219,3
!----------------------------------------------------------------
!Recharge stations: x,y
300,0   54,456   164,276   1745,570   1076,323   895,312   1052,600   1666,701   1481,567   588,510   226,568   243,479   1265,205   1665,402   160,494   955,546   269,603   1421,693   639,189   1800,542   949,499   336,352   768,838   1590,129   266,356

g inverse recharge rate 0.57
