!----------------------------------------------------------------
!Stores: (first: depot x,y; then: satellites x,y,maxCap)
300,0   737,750,1000   1403,735,1000   1207,746,1000   214,536,1000
!----------------------------------------------------------------
!Trucks: (total#, cap, cost/dist, fixcost)
6,250,1,150
!----------------------------------------------------------------
!CityFreighters: (max cf/sat, total#, cap, cost/dist, fixcost, maxCharge, energyConsumption)
10,10,125,1,80,1600,1
!----------------------------------------------------------------
!Customers: (x, y, demand, readyTime, dueDate, serviceTime, penalizationCost)
381,672,25,2212,3548,848,1   235,448,15,4813,5741,509,4   1527,689,11,5225,5825,373,1   991,692,10,2240,2962,339,1   1381,463,24,3094,4826,815,4   1331,325,10,3148,3728,339,2   280,463,3,6106,6306,102,2   1649,482,20,2760,4130,679,3   1251,279,18,3980,5026,611,4   772,424,19,4307,5621,645,2   601,399,5,5763,6125,170,5   826,529,15,2523,3759,509,3   530,700,4,3335,3599,136,3   1347,369,20,1604,2824,679,4   358,653,26,3529,5451,882,2   1456,310,20,2489,3945,679,1   432,545,11,1963,2353,373,1   308,637,10,4931,5581,339,3   715,262,27,2577,4571,916,3   870,441,5,4965,5277,170,4   1624,425,17,2401,3459,577,2   253,551,5,5731,6117,170,5   630,527,19,3700,4880,645,2   1106,459,12,3835,4677,407,3   968,772,26,4090,6504,882,4   993,689,13,631,1663,441,2   242,444,28,2050,4294,950,2   1479,590,20,2654,3918,679,4   1436,406,20,1496,3002,679,3   516,737,26,1751,3609,882,2   1581,667,26,4435,5787,882,2   1019,358,16,4262,5534,543,1   1616,672,13,2480,3308,441,4   557,378,18,3099,4925,611,4   1394,537,22,3633,5165,747,1   1601,345,21,4477,5593,713,2   769,350,14,3472,4230,475,2   1790,485,17,3429,4609,577,2   814,743,26,2329,3853,882,3   399,364,29,1116,2930,984,2   835,490,8,5705,6207,272,2   533,911,20,2960,3996,679,2   630,548,10,663,1239,339,5   1296,446,14,1389,2083,475,3   1428,556,6,4904,5246,204,1   278,269,6,1173,1469,204,1   646,530,3,4813,5017,102,2   1658,532,14,1908,2906,475,2   470,622,19,3806,5170,645,1   1838,751,9,2124,2602,305,4
!----------------------------------------------------------------
!Recharge stations: x,y
300,0   737,750   1403,735   1207,746   214,536   1130,505   1578,314   1186,382   970,162   665,917   1713,789   37,542   1171,701   275,335   1325,207   585,786   855,801   517,331   1820,216   1356,325   756,278   383,615   1193,217   485,339   559,431

g inverse recharge rate 0.37
