!----------------------------------------------------------------
!Stores: (first: depot x,y; then: satellites x,y,maxCap)
300,0   1659,775,1000   808,901,1000   1591,509,1000   392,464,1000
!----------------------------------------------------------------
!Trucks: (total#, cap, cost/dist, fixcost)
6,250,1,150
!----------------------------------------------------------------
!CityFreighters: (max cf/sat, total#, cap, cost/dist, fixcost, maxCharge, energyConsumption)
10,10,125,1,80,1300,1
!----------------------------------------------------------------
!Customers: (x, y, demand, readyTime, dueDate, serviceTime, penalizationCost)
792,282,11,943,1575,383,2   1380,598,3,6099,6313,104,5   618,441,29,2970,4760,1009,1   1553,584,13,3630,4326,452,2   998,533,4,6215,6509,139,5   1244,774,6,5236,5706,209,5   884,770,19,2207,3375,661,5   1080,404,6,4610,4998,209,1   481,409,16,3508,4270,557,1   664,358,29,746,3080,1009,5   1498,576,26,4918,7012,905,4   1652,651,22,4646,6454,765,5   622,687,23,1531,2787,800,5   900,495,19,5182,6210,661,2   719,221,10,6310,7114,348,3   579,264,11,4269,4897,383,2   1361,307,10,4715,5287,348,1   365,366,21,2553,3991,731,4   1258,562,20,5609,6769,696,4   1600,540,13,871,1647,452,3   560,562,15,302,1368,522,2   382,682,14,351,1415,487,5   1757,481,28,322,1722,974,5   1129,555,13,4483,5229,452,3   1358,384,14,1038,2240,487,3   1222,388,22,2883,4291,765,1   447,529,25,3928,5666,870,3   986,327,10,2656,3350,348,3   1488,332,16,3603,4453,557,5   303,614,7,4792,5140,244,2   322,547,6,698,1116,209,4   1167,396,19,1458,2432,661,2   1210,425,22,237,1813,765,5   1031,395,23,3183,4695,800,4   829,439,14,1167,2363,487,3   1062,223,29,1252,3354,1009,3   1714,373,20,2776,4574,696,4   1083,289,6,2177,2535,209,4   675,307,9,4342,4894,313,5   985,532,12,5861,6851,418,1   1507,186,27,3933,5935,939,3   1645,498,21,2376,3764,731,4   560,830,29,3213,4515,1009,2   46,552,28,2477,4749,974,2   98,507,12,2230,3312,418,3   1372,399,23,2480,3652,800,4   202,283,18,1045,2617,626,5   1186,634,22,973,2643,765,5   764,580,6,6211,6769,209,4   1628,760,25,3978,5828,870,4
!----------------------------------------------------------------
!Recharge stations: x,y
300,0   1659,775   808,901   1591,509   392,464   1757,423   1107,6   1049,303   1705,574   1363,190   1397,760   456,754   119,636   897,432   1297,408   289,574   617,747   1580,499   1489,401   328,706   1562,584   1735,269   1433,279   1597,283   189,504

g inverse recharge rate 0.5
