!----------------------------------------------------------------
!Stores: (first: depot x,y; then: satellites x,y,maxCap)
300,0   732,403,1000   1811,773,1000   1333,923,1000   292,524,1000
!----------------------------------------------------------------
!Trucks: (total#, cap, cost/dist, fixcost)
6,250,1,150
!----------------------------------------------------------------
!CityFreighters: (max cf/sat, total#, cap, cost/dist, fixcost, maxCharge, energyConsumption)
10,10,125,1,80,1200,1
!----------------------------------------------------------------
!Customers: (x, y, demand, readyTime, dueDate, serviceTime, penalizationCost)
272,537,9,5135,6039,351,1   717,464,19,4161,5537,741,1   753,610,16,3985,4959,624,1   1518,502,16,1391,2697,624,4   1131,684,12,2814,3658,468,4   276,491,14,4358,5596,546,3   1242,541,20,1958,3506,780,3   1422,645,20,3995,5027,780,1   1749,415,25,3768,5538,974,1   841,499,16,2459,3763,624,2   557,543,10,498,1264,390,1   522,388,24,3015,5085,936,4   1258,718,12,4856,5648,468,3   1072,451,15,4684,5880,585,4   1490,350,18,166,1500,702,4   1141,314,12,3960,5036,468,5   484,494,10,344,1118,390,3   428,624,18,516,1764,702,2   342,653,23,4160,5440,897,2   578,526,22,1269,2875,858,3   1372,269,7,5942,6426,273,1   830,523,4,4119,4467,156,5   482,297,5,2980,3242,195,5   1602,373,29,4655,6769,1130,2   1486,588,10,2051,2913,390,3   649,414,25,2754,4956,974,4   1025,382,17,476,1468,663,3   1065,439,14,4864,5958,546,4   660,685,6,6273,6763,234,2   656,350,16,3738,5360,624,3   989,787,23,5460,7122,897,1   905,667,8,3673,4373,312,1   1641,625,25,2590,4952,974,1   438,562,7,2117,2817,273,4   769,310,22,2279,3525,858,5   1748,516,26,3520,5316,1013,2   487,628,16,1072,1898,624,1   572,723,10,5072,5678,390,5   216,479,6,1920,2436,234,5   798,595,22,5789,7459,858,3   1297,866,28,2019,4651,1091,4   1021,106,11,3311,3889,429,5   1523,174,3,2589,2803,117,1   31,431,20,1623,2827,780,3   1776,656,3,4382,4686,117,2   1660,243,24,3551,5715,936,1   1965,617,14,2687,4289,546,4   284,442,8,3810,4308,312,5   312,522,25,0,1978,974,5   467,589,20,844,1978,780,1
!----------------------------------------------------------------
!Recharge stations: x,y
300,0   732,403   1811,773   1333,923   292,524   532,607   1579,633   1365,729   1029,248   1581,368   930,657   1714,335   1549,605   1569,637   1008,253   1149,587   1442,744   1062,156   706,456   516,322   530,356   365,282   798,423   721,382   1015,299

g inverse recharge rate 0.57
