!----------------------------------------------------------------
!Stores: (first: depot x,y; then: satellites x,y,maxCap)
300,0   732,403,1000   1811,773,1000   1333,923,1000   292,524,1000
!----------------------------------------------------------------
!Trucks: (total#, cap, cost/dist, fixcost)
6,250,1,150
!----------------------------------------------------------------
!CityFreighters: (max cf/sat, total#, cap, cost/dist, fixcost, maxCharge, energyConsumption)
10,10,125,1,80,800,1
!----------------------------------------------------------------
!Customers: (x, y, demand, readyTime, dueDate, serviceTime, penalizationCost)
272,537,9,1325,2033,351,4   717,464,19,391,1583,741,1   753,610,16,215,1897,624,5   1518,502,16,5928,7482,624,4   1131,684,12,5495,6459,468,1   276,491,14,3920,4774,546,2   1242,541,20,4143,5387,780,1   1422,645,20,1063,2717,780,2   1749,415,25,213,2399,974,1   841,499,16,6021,7055,624,5   557,543,10,4635,5613,390,5   522,388,24,2863,4551,936,5   1258,718,12,5494,6290,468,5   1072,451,15,1309,2645,585,5   1490,350,18,5950,7212,702,3   1141,314,12,2711,3587,468,1   484,494,10,4161,4913,390,5   428,624,18,355,1705,702,3   342,653,23,3742,5692,897,1   578,526,22,268,2304,858,5   1372,269,7,4854,5576,273,5   830,523,4,3392,3720,156,2   482,297,5,1762,2182,195,4   1602,373,29,1137,2825,1130,4   1486,588,10,4376,4950,390,3   649,414,25,2606,4252,974,4   1025,382,17,2446,3892,663,5   1065,439,14,1771,2873,546,3   660,685,6,6575,7083,234,5   656,350,16,4094,5106,624,5   989,787,23,0,1788,897,4   905,667,8,6645,7361,312,4   1641,625,25,3339,5109,974,5   438,562,7,5412,5816,273,5   769,310,22,990,2416,858,4   1748,516,26,3057,5297,1013,5   487,628,16,1836,3120,624,1   572,723,10,4171,4981,390,2   216,479,6,3725,4271,234,1   798,595,22,3126,4578,858,2   1297,866,28,3193,5323,1091,4   1021,106,11,2132,2900,429,5   1523,174,3,5514,5706,117,1   31,431,20,4058,5144,780,3   1776,656,3,3432,3694,117,1   1660,243,24,2830,4048,936,2   1965,617,14,4270,5314,546,2   284,442,8,1713,2331,312,5   312,522,25,4002,5466,974,2   467,589,20,2291,3729,780,4
!----------------------------------------------------------------
!Recharge stations: x,y
300,0   732,403   1811,773   1333,923   292,524   532,607   1579,633   1365,729   1029,248   1581,368   930,657   1714,335   1549,605   1569,637   1008,253   1149,587   1442,744   1062,156   706,456   516,322   530,356   365,282   798,423   721,382   1015,299

g inverse recharge rate 0.85
