!----------------------------------------------------------------
!Stores: (first: depot x,y; then: satellites x,y,maxCap)
300,0   54,456,1000   164,276,1000   1745,570,1000   1076,323,1000
!----------------------------------------------------------------
!Trucks: (total#, cap, cost/dist, fixcost)
6,250,1,150
!----------------------------------------------------------------
!CityFreighters: (max cf/sat, total#, cap, cost/dist, fixcost, maxCharge, energyConsumption)
10,10,125,1,80,1700,1
!----------------------------------------------------------------
!Customers: (x, y, demand, readyTime, dueDate, serviceTime, penalizationCost)
1267,379,15,5482,6468,656,5   588,332,25,0,2128,1093,1   359,385,20,0,2317,875,3   1711,446,21,4645,6439,918,4   1748,553,14,1125,2107,612,5   501,610,4,4359,4685,175,1   743,356,4,1331,1565,175,5   1253,700,20,546,2876,875,1   212,516,11,5462,6480,481,1   817,431,25,200,2070,1093,4   473,323,12,602,1398,525,5   884,530,20,1200,2796,875,3   319,527,29,3558,5684,1268,2   1013,202,12,5639,6779,525,1   666,690,7,2146,2746,306,1   1380,521,10,3858,4654,437,2   1542,585,17,5784,7180,743,4   218,469,18,4424,5706,787,1   1642,509,17,1122,2466,743,3   1370,431,25,2406,4318,1093,1   1398,390,15,4250,5898,656,2   1556,315,11,6172,7230,481,4   294,594,4,2426,2820,175,4   350,659,5,838,1258,219,2   446,593,14,1220,2436,612,5   1467,397,23,117,2335,1006,5   205,524,8,5418,6038,350,2   790,276,27,1022,3202,1181,5   364,353,18,3127,4901,787,2   1157,436,21,31,2211,918,4   254,501,28,4059,6065,1224,2   1672,607,20,1505,3307,875,5   1391,587,26,4774,7194,1137,1   1096,593,4,6335,6703,175,5   1335,471,6,2084,2612,262,1   1178,614,23,4098,6068,1006,5   662,563,13,5114,6020,568,4   956,365,21,2411,4599,918,2   1175,619,22,1151,3241,962,4   1492,323,24,2102,3990,1049,3   1622,680,5,5709,6071,219,4   254,287,26,4232,6194,1137,5   1860,336,17,1438,2898,743,4   1588,369,10,6546,7466,437,3   1199,247,5,1982,2290,219,1   885,670,11,1680,2748,481,5   108,629,6,1292,1802,262,3   1456,199,9,6894,7534,394,5   599,646,12,3136,4092,525,3   384,157,5,4807,5383,219,2
!----------------------------------------------------------------
!Recharge stations: x,y
300,0   54,456   164,276   1745,570   1076,323   895,312   1052,600   1666,701   1481,567   588,510   226,568   243,479   1265,205   1665,402   160,494   955,546   269,603   1421,693   639,189   1800,542   949,499   336,352   768,838   1590,129   266,356

g inverse recharge rate 0.44
