!----------------------------------------------------------------
!Stores: (first: depot x,y; then: satellites x,y,maxCap)
300,0   1913,443,1000   1219,926,1000   608,792,1000   1816,280,1000
!----------------------------------------------------------------
!Trucks: (total#, cap, cost/dist, fixcost)
6,250,1,150
!----------------------------------------------------------------
!CityFreighters: (max cf/sat, total#, cap, cost/dist, fixcost, maxCharge, energyConsumption)
10,10,125,1,80,1500,1
!----------------------------------------------------------------
!Customers: (x, y, demand, readyTime, dueDate, serviceTime, penalizationCost)
623,450,10,5142,5918,415,3   281,390,29,4576,6956,1203,5   884,287,9,3316,3822,373,5   1629,573,29,468,3290,1203,3   974,731,8,6085,6915,332,3   529,469,12,3908,5218,498,3   1551,495,8,3130,3688,332,3   1351,754,3,5464,5782,124,5   602,631,10,6234,7220,415,2   898,367,3,2654,2940,124,4   1699,559,21,814,3174,871,3   378,609,17,1334,3000,705,3   370,498,3,6914,7184,124,2   469,445,17,1864,3368,705,3   1184,511,12,500,1694,498,3   495,516,8,3916,4736,332,2   1495,720,6,1705,2253,249,1   530,438,28,3923,6015,1161,4   981,779,7,819,1443,290,5   510,736,25,1487,3475,1037,4   361,612,10,1728,2686,415,2   1250,678,25,1688,2926,1037,2   756,555,10,5449,6295,415,3   800,283,3,907,1111,124,2   490,577,16,5233,6851,664,1   461,372,20,457,1857,830,5   654,765,15,2275,3425,622,5   1709,537,25,6065,7773,1037,3   440,471,27,1638,3642,1120,1   571,333,21,452,2356,871,1   1234,454,25,1733,3445,1037,4   1631,401,20,3442,4878,830,5   598,321,13,6413,7603,539,2   1653,656,20,1174,2364,830,3   913,741,8,6059,6691,332,4   1356,482,28,3627,5785,1161,3   1699,452,29,0,1899,1203,2   484,331,9,5950,6750,373,3   1148,231,7,6872,7506,290,4   1454,444,24,1568,3782,996,4   1784,634,11,5520,6312,456,3   1304,192,12,2337,3221,498,3   1100,315,12,1985,2901,498,4   1382,546,17,4611,5745,705,1   1638,743,29,5141,6821,1203,4   633,80,29,46,2276,1203,5   1600,703,24,5073,6657,996,3   1675,196,3,6025,6271,124,3   1892,642,20,134,1560,830,2   1161,242,23,6145,7361,954,4
!----------------------------------------------------------------
!Recharge stations: x,y
300,0   1913,443   1219,926   608,792   1816,280   1120,355   857,292   1951,593   934,802   1543,499   446,556   1631,279   618,418   876,562   1684,653   179,492   1561,414   220,579   881,173   364,870   1589,151   1300,690   1699,338   1107,831   125,616

g inverse recharge rate 0.49
