!----------------------------------------------------------------
!Stores: (first: depot x,y; then: satellites x,y,maxCap)
300,0   1104,923,1000   265,570,1000   1281,290,1000   997,241,1000
!----------------------------------------------------------------
!Trucks: (total#, cap, cost/dist, fixcost)
6,250,1,150
!----------------------------------------------------------------
!CityFreighters: (max cf/sat, total#, cap, cost/dist, fixcost, maxCharge, energyConsumption)
10,10,125,1,80,1500,1
!----------------------------------------------------------------
!Customers: (x, y, demand, readyTime, dueDate, serviceTime, penalizationCost)
1080,593,8,990,1518,272,3   1753,528,17,2459,3603,578,3   445,400,22,1583,3257,748,2   812,373,17,3011,4407,578,3   1472,533,8,5070,5678,272,3   533,449,11,5564,6434,374,1   1500,396,28,983,3097,951,1   783,520,8,5162,5678,272,4   447,670,25,3793,5103,849,3   1673,643,11,4400,5104,374,5   295,397,24,386,2180,815,4   674,443,18,5445,6645,612,1   293,545,25,4133,5337,849,1   941,487,4,6116,6338,136,4   1501,317,16,995,2205,544,3   1263,474,8,4373,4893,272,2   1796,478,13,3656,4108,442,3   219,495,6,4643,4871,204,1   352,509,19,4624,6216,646,5   1628,651,7,830,1394,238,3   1419,708,29,3901,5757,985,5   1547,410,3,4983,5191,102,5   688,719,13,136,1068,442,1   244,550,27,3075,4757,917,5   1548,575,8,5582,5948,272,5   1494,578,22,1690,2838,748,4   1582,371,13,1396,1958,442,2   1183,560,28,1350,3252,951,1   1142,241,24,2256,4100,815,4   1203,670,19,3663,4663,646,3   1177,440,12,3346,3846,408,2   549,720,22,2213,4221,748,5   1499,389,22,1575,2477,748,5   1019,209,10,373,1209,340,1   1299,607,28,2822,5088,951,2   1198,224,16,2059,2923,544,3   1770,470,19,1023,2271,646,3   1127,515,22,2459,3875,748,1   603,584,8,2045,2665,272,4   1027,603,15,2711,3459,510,4   1772,355,3,3281,3521,102,4   744,204,11,2851,3575,374,4   1723,488,5,5141,5541,170,2   933,674,23,151,2321,781,3   1154,645,17,4880,6220,578,5   1093,727,27,3804,4898,917,4   1683,195,24,2910,3926,815,1   220,563,6,3295,3607,204,5   1524,784,22,1016,2638,748,4   1407,661,7,3738,4210,238,5
!----------------------------------------------------------------
!Recharge stations: x,y
300,0   1104,923   265,570   1281,290   997,241   1508,355   1486,550   368,875   1766,541   1717,671   1244,246   1438,333   1269,613   1833,520   535,532   1338,766   189,400   1131,503   554,230   374,386   1411,747   282,613   789,370   457,537   1796,516

g inverse recharge rate 0.4
