!----------------------------------------------------------------
!Stores: (first: depot x,y; then: satellites x,y,maxCap)
300,0   1653,568,1000   1871,320,1000   1234,686,1000   279,699,1000
!----------------------------------------------------------------
!Trucks: (total#, cap, cost/dist, fixcost)
6,250,1,150
!----------------------------------------------------------------
!CityFreighters: (max cf/sat, total#, cap, cost/dist, fixcost, maxCharge, energyConsumption)
10,10,125,1,80,900,1
!----------------------------------------------------------------
!Customers: (x, y, demand, readyTime, dueDate, serviceTime, penalizationCost)
1227,755,3,5118,5328,111,5   1781,476,27,2625,4253,996,3   1051,385,9,4684,5162,332,2   366,540,25,281,2131,922,3   801,289,7,661,1221,258,3   1193,317,10,4884,5732,369,1   1060,468,29,1665,3691,1070,4   982,744,6,4022,4294,221,1   590,349,21,5848,7374,775,4   679,272,25,319,2567,922,4   810,399,7,4300,4794,258,2   977,713,16,238,1402,590,2   934,265,11,2723,3435,406,2   458,492,21,5213,6543,775,4   1554,663,27,85,2735,996,1   460,405,13,5081,6077,480,4   1375,264,19,2429,3881,701,1   784,295,7,3224,3744,258,4   1185,262,17,6302,7568,627,2   852,774,19,2425,3861,701,1   205,510,9,5798,6530,332,4   917,244,5,2050,2310,184,5   1339,726,18,2615,4543,664,4   1557,371,24,3169,4529,885,5   1252,738,16,5779,6923,590,2   1173,621,29,1100,3820,1070,3   1636,352,28,4717,6047,1033,3   1435,523,26,4963,7005,959,4   441,334,8,5524,6168,295,5   237,572,3,2074,2270,111,3   321,577,12,4894,5660,443,5   1428,570,29,910,2242,1070,5   1536,287,20,5058,5952,738,3   794,332,27,4680,7044,996,1   1623,523,29,2525,3965,1070,4   203,497,12,4867,5563,443,2   461,697,25,2317,4571,922,1   439,477,10,5643,6227,369,2   1354,714,20,3340,4378,738,1   1710,494,14,1552,2654,516,4   638,433,11,4888,5496,406,1   1594,622,25,4412,6468,922,4   1350,165,5,2550,2880,184,4   1664,507,10,3960,4738,369,1   695,739,14,5401,6587,516,3   1215,830,24,1386,3148,885,2   1584,213,27,5509,8075,996,2   318,339,20,1624,2468,738,5   1588,508,22,4718,6752,812,3   138,336,19,4626,5638,701,1
!----------------------------------------------------------------
!Recharge stations: x,y
300,0   1653,568   1871,320   1234,686   279,699   661,466   1714,350   994,513   564,385   1804,498   949,186   1456,213   1683,691   740,798   1284,621   107,487   185,487   1486,215   1524,745   856,617   1515,676   1355,275   1007,173   1143,935   1282,788

g inverse recharge rate 0.78
