!----------------------------------------------------------------
!Stores: (first: depot x,y; then: satellites x,y,maxCap)
300,0   1680,198,1000   1105,702,1000   1469,679,1000   967,345,1000
!----------------------------------------------------------------
!Trucks: (total#, cap, cost/dist, fixcost)
6,250,1,150
!----------------------------------------------------------------
!CityFreighters: (max cf/sat, total#, cap, cost/dist, fixcost, maxCharge, energyConsumption)
10,10,125,1,80,1100,1
!----------------------------------------------------------------
!Customers: (x, y, demand, readyTime, dueDate, serviceTime, penalizationCost)
802,540,20,2271,3841,591,5   1641,343,5,1049,1411,148,2   1184,667,26,4305,5791,769,5   942,312,28,2506,4020,828,3   1136,426,11,2888,3424,325,1   1212,394,11,4623,5439,325,1   962,605,16,1073,1969,473,5   463,582,13,4674,5266,384,1   491,462,25,167,2031,739,1   675,621,26,4131,5301,769,5   1505,436,12,4731,5593,355,3   1719,382,10,370,756,296,2   378,359,25,3502,4870,739,1   843,452,14,3342,4088,414,5   625,721,19,4157,5317,562,3   1634,400,25,4485,6035,739,1   1057,607,29,3510,5880,857,5   768,507,10,715,1317,296,1   1543,611,14,2714,3600,414,2   685,382,10,1590,2206,296,2   1027,322,17,3489,4527,503,4   816,578,7,3847,4331,207,3   727,698,8,5159,5635,237,2   1301,421,18,2823,4281,532,5   358,485,13,4966,5758,384,3   1767,538,18,1191,1813,532,3   310,555,15,1734,2544,443,3   693,574,18,4721,5927,532,2   878,305,18,3733,4409,532,5   976,524,23,3219,4691,680,4   920,554,13,3234,4076,384,5   1291,546,23,4212,5378,680,5   799,506,10,1174,1690,296,2   890,602,24,1477,3097,710,5   1746,558,19,1733,3059,562,3   1331,642,25,2485,3961,739,4   1567,456,27,4130,5826,798,3   1295,261,18,3179,4023,532,3   1304,310,5,5395,5675,148,4   681,714,14,4819,5565,414,3   809,607,16,126,1086,473,4   725,388,8,5210,5488,237,5   103,632,4,2088,2302,118,1   1090,56,29,294,2726,857,4   1906,663,25,4259,6171,739,4   408,559,23,3323,4719,680,4   387,541,25,3874,5106,739,3   138,358,12,1141,1883,355,3   1414,489,25,3782,5358,739,5   1645,614,3,2350,2506,89,3
!----------------------------------------------------------------
!Recharge stations: x,y
300,0   1680,198   1105,702   1469,679   967,345   326,462   761,296   1152,234   351,436   675,802   1276,477   613,572   1479,418   544,246   1956,463   1135,317   504,633   604,809   1822,438   1035,378   916,153   270,616   1055,810   195,555   944,722

g inverse recharge rate 0.51
