!----------------------------------------------------------------
!Stores: (first: depot x,y; then: satellites x,y,maxCap)
300,0   1056,693,1000   103,661,1000   114,485,1000   1304,808,1000
!----------------------------------------------------------------
!Trucks: (total#, cap, cost/dist, fixcost)
6,250,1,150
!----------------------------------------------------------------
!CityFreighters: (max cf/sat, total#, cap, cost/dist, fixcost, maxCharge, energyConsumption)
10,10,125,1,80,1600,1
!----------------------------------------------------------------
!Customers: (x, y, demand, readyTime, dueDate, serviceTime, penalizationCost)
1163,500,29,2405,4833,1042,3   1367,493,17,4145,5183,611,2   1485,607,26,775,2491,934,5   1714,389,16,5116,6234,575,3   1141,670,10,1130,1578,359,5   342,564,29,4439,6433,1042,4   881,394,10,6240,6778,359,4   363,652,13,4112,5082,467,4   1144,739,20,130,1692,719,5   262,395,5,4028,4508,180,4   1289,387,5,6231,6641,180,5   1060,256,28,2476,4470,1006,3   1137,712,4,5145,5433,144,3   877,554,6,1836,2344,216,2   387,602,17,5448,6866,611,3   499,280,28,481,2101,1006,1   735,489,9,5389,5829,323,5   1138,223,5,4065,4507,180,1   1773,517,24,1363,3341,862,2   463,646,22,982,2076,791,5   225,513,28,1964,4136,1006,4   987,328,14,4062,4738,503,1   1718,618,10,884,1540,359,3   527,297,15,2227,3285,539,4   1653,580,26,689,2727,934,1   847,769,3,2032,2202,108,2   429,548,20,1127,2699,719,3   745,448,19,3252,4692,683,3   1593,500,3,2152,2384,108,3   469,718,18,5031,6229,647,5   1343,759,21,2526,4408,755,5   1460,507,4,4056,4384,144,3   1261,735,24,417,2283,862,4   722,686,29,744,2158,1042,3   1404,478,14,5550,6220,503,5   677,632,22,1758,2892,791,1   1007,383,4,2586,2858,144,5   461,675,26,2586,4362,934,3   1362,527,13,1453,2577,467,4   980,486,3,3265,3489,108,2   644,679,20,2394,3842,719,1   406,154,21,5468,6496,755,4   1111,292,15,2573,3867,539,2   367,807,6,689,975,216,2   285,608,27,4447,6581,970,4   849,557,29,2665,4729,1042,4   394,411,29,2551,5739,1042,4   637,836,17,6027,6985,611,5   462,155,6,5587,6121,216,4   334,751,11,5329,6083,395,1
!----------------------------------------------------------------
!Recharge stations: x,y
300,0   1056,693   103,661   114,485   1304,808   1615,737   1344,598   1012,905   103,417   1523,354   1299,814   158,541   567,722   1701,635   976,253   845,391   1608,700   459,496   1691,557   973,187   558,529   701,686   1708,812   514,389   271,327

g inverse recharge rate 0.41
