!----------------------------------------------------------------
!Stores: (first: depot x,y; then: satellites x,y,maxCap)
300,0   1002,917,1000   103,601,1000   426,696,1000   614,98,1000
!----------------------------------------------------------------
!Trucks: (total#, cap, cost/dist, fixcost)
6,250,1,150
!----------------------------------------------------------------
!CityFreighters: (max cf/sat, total#, cap, cost/dist, fixcost, maxCharge, energyConsumption)
10,10,125,1,80,1400,1
!----------------------------------------------------------------
!Customers: (x, y, demand, readyTime, dueDate, serviceTime, penalizationCost)
1347,608,18,4942,6774,772,5   411,612,7,746,1458,300,4   852,558,4,6509,6793,172,1   953,749,6,3002,3454,257,5   1328,600,27,4608,7538,1159,1   1203,628,12,671,1611,515,5   1401,354,21,0,2050,901,2   1587,324,13,2638,3730,558,1   1522,633,5,3188,3578,215,1   1253,424,10,3014,3764,429,3   1024,672,8,1977,2739,343,3   1337,743,13,2991,3571,558,4   940,357,5,861,1419,215,3   1311,642,16,4977,6285,687,2   1695,558,28,2287,4177,1202,2   585,586,19,3106,4780,815,5   1061,582,14,4555,5593,601,4   940,546,5,3393,3823,215,5   1386,509,26,0,2511,1116,5   510,434,26,0,2313,1116,4   1343,701,4,4007,4295,172,2   1721,609,23,2535,5239,987,3   1493,580,10,3552,4260,429,1   918,642,29,2414,4942,1244,3   320,576,23,267,1769,987,3   851,720,19,5165,7039,815,3   437,347,18,3325,5115,772,3   1773,549,8,4204,4804,343,3   587,656,18,6804,8228,772,4   1318,469,25,2138,3654,1073,3   1086,232,6,1247,1941,257,5   959,214,19,1188,2712,815,4   359,442,5,7381,7847,215,3   702,558,21,5629,7705,901,1   1732,412,22,603,2867,944,4   809,732,25,2982,4994,1073,1   1590,695,8,2033,2869,343,5   649,476,11,5717,6875,472,3   1725,509,24,2027,3867,1030,2   552,397,18,4794,6494,772,4   1414,63,24,1564,3146,1030,5   1994,533,3,2492,2746,129,5   453,407,9,7628,8164,386,1   1327,714,27,3066,4962,1159,4   1354,537,18,6409,7773,772,4   1919,563,3,4802,5014,129,2   416,212,17,4936,6186,729,5   1372,201,23,4664,6062,987,4   1665,798,28,1906,5216,1202,3   1051,387,24,4859,5931,1030,4
!----------------------------------------------------------------
!Recharge stations: x,y
300,0   1002,917   103,601   426,696   614,98   1498,536   1333,640   1301,579   1751,599   1842,499   1007,805   1591,542   917,770   1495,365   101,677   925,760   1295,746   499,651   511,538   1266,703   804,818   170,509   979,253   171,427   253,647

g inverse recharge rate 0.54
