!----------------------------------------------------------------
!Stores: (first: depot x,y; then: satellites x,y,maxCap)
300,0   54,456,1000   164,276,1000   1745,570,1000   1076,323,1000
!----------------------------------------------------------------
!Trucks: (total#, cap, cost/dist, fixcost)
6,250,1,150
!----------------------------------------------------------------
!CityFreighters: (max cf/sat, total#, cap, cost/dist, fixcost, maxCharge, energyConsumption)
10,10,125,1,80,1100,1
!----------------------------------------------------------------
!Customers: (x, y, demand, readyTime, dueDate, serviceTime, penalizationCost)
1267,379,15,2294,2904,656,5   588,332,25,1857,4169,1093,2   359,385,20,3338,5416,875,3   1711,446,21,3532,5316,918,4   1748,553,14,3832,5158,612,3   501,610,4,6110,6392,175,5   743,356,4,1836,2248,175,5   1253,700,20,5414,7444,875,1   212,516,11,394,1330,481,2   817,431,25,2924,4984,1093,3   473,323,12,6527,7649,525,1   884,530,20,3846,5728,875,1   319,527,29,3551,5673,1268,2   1013,202,12,4724,5614,525,4   666,690,7,6265,6833,306,5   1380,521,10,4683,5413,437,1   1542,585,17,2276,3114,743,4   218,469,18,5004,6204,787,4   1642,509,17,3843,5307,743,2   1370,431,25,5657,7845,1093,4   1398,390,15,3487,5067,656,2   1556,315,11,2637,3579,481,3   294,594,4,4158,4436,175,3   350,659,5,2143,2669,219,1   446,593,14,1791,3367,612,4   1467,397,23,2944,4564,1006,4   205,524,8,1048,1782,350,3   790,276,27,1114,2920,1181,4   364,353,18,1409,3099,787,3   1157,436,21,0,1920,918,2   254,501,28,3815,6173,1224,1   1672,607,20,5887,7191,875,2   1391,587,26,164,2514,1137,3   1096,593,4,7218,7604,175,1   1335,471,6,2967,3705,262,2   1178,614,23,1291,4083,1006,1   662,563,13,2438,3176,568,5   956,365,21,6324,7860,918,1   1175,619,22,3769,5481,962,5   1492,323,24,5759,7573,1049,3   1622,680,5,6274,6656,219,2   254,287,26,956,3414,1137,2   1860,336,17,2912,4828,743,3   1588,369,10,6230,7124,437,3   1199,247,5,6816,7312,219,1   885,670,11,7056,8218,481,1   108,629,6,833,1425,262,2   1456,199,9,6154,6884,394,4   599,646,12,6258,7026,525,4   384,157,5,1140,1472,219,2
!----------------------------------------------------------------
!Recharge stations: x,y
300,0   54,456   164,276   1745,570   1076,323   895,312   1052,600   1666,701   1481,567   588,510   226,568   243,479   1265,205   1665,402   160,494   955,546   269,603   1421,693   639,189   1800,542   949,499   336,352   768,838   1590,129   266,356

g inverse recharge rate 0.68
