!----------------------------------------------------------------
!Stores: (first: depot x,y; then: satellites x,y,maxCap)
300,0   1659,775,1000   808,901,1000   1591,509,1000   392,464,1000
!----------------------------------------------------------------
!Trucks: (total#, cap, cost/dist, fixcost)
6,250,1,150
!----------------------------------------------------------------
!CityFreighters: (max cf/sat, total#, cap, cost/dist, fixcost, maxCharge, energyConsumption)
10,10,125,1,80,800,1
!----------------------------------------------------------------
!Customers: (x, y, demand, readyTime, dueDate, serviceTime, penalizationCost)
792,282,11,3655,4503,383,1   1380,598,3,1593,1829,104,3   618,441,29,0,1784,1009,2   1553,584,13,4721,5521,452,5   998,533,4,1590,1934,139,1   1244,774,6,3620,3916,209,1   884,770,19,962,1946,661,5   1080,404,6,1304,1670,209,2   481,409,16,2158,3162,557,2   664,358,29,4719,6349,1009,1   1498,576,26,4400,6390,905,1   1652,651,22,2788,4246,765,2   622,687,23,1365,2545,800,5   900,495,19,1060,2278,661,1   719,221,10,5204,5882,348,3   579,264,11,3382,4210,383,3   1361,307,10,5424,5930,348,4   365,366,21,252,2298,731,2   1258,562,20,574,2128,696,4   1600,540,13,611,1501,452,2   560,562,15,1893,2937,522,4   382,682,14,2696,3774,487,4   1757,481,28,466,2732,974,2   1129,555,13,2962,3618,452,4   1358,384,14,5351,6739,487,5   1222,388,22,1493,3233,765,5   447,529,25,2839,4531,870,4   986,327,10,3600,4222,348,2   1488,332,16,3711,4925,557,2   303,614,7,3420,3816,244,1   322,547,6,933,1351,209,2   1167,396,19,5535,7375,661,4   1210,425,22,1255,3253,765,5   1031,395,23,4619,6527,800,5   829,439,14,5555,6759,487,1   1062,223,29,4445,6651,1009,1   1714,373,20,1247,1981,696,1   1083,289,6,1185,1641,209,2   675,307,9,944,1520,313,3   985,532,12,4479,5493,418,1   1507,186,27,3971,4927,939,4   1645,498,21,3092,4096,731,1   560,830,29,1377,4007,1009,4   46,552,28,3628,5128,974,3   98,507,12,5316,6296,418,4   1372,399,23,778,2838,800,5   202,283,18,859,2287,626,5   1186,634,22,88,2088,765,5   764,580,6,6128,6526,209,5   1628,760,25,2687,4441,870,5
!----------------------------------------------------------------
!Recharge stations: x,y
300,0   1659,775   808,901   1591,509   392,464   1757,423   1107,6   1049,303   1705,574   1363,190   1397,760   456,754   119,636   897,432   1297,408   289,574   617,747   1580,499   1489,401   328,706   1562,584   1735,269   1433,279   1597,283   189,504

g inverse recharge rate 0.82
