!----------------------------------------------------------------
!Stores: (first: depot x,y; then: satellites x,y,maxCap)
300,0   14,516,1000   900,857,1000   226,729,1000   1523,387,1000
!----------------------------------------------------------------
!Trucks: (total#, cap, cost/dist, fixcost)
6,250,1,150
!----------------------------------------------------------------
!CityFreighters: (max cf/sat, total#, cap, cost/dist, fixcost, maxCharge, energyConsumption)
10,10,125,1,80,1100,1
!----------------------------------------------------------------
!Customers: (x, y, demand, readyTime, dueDate, serviceTime, penalizationCost)
1319,462,5,3988,4452,231,2   1081,616,7,7066,7762,324,2   450,560,7,6059,6791,324,3   744,686,25,4024,6196,1156,5   227,439,18,1758,3602,833,2   1544,529,20,2941,5145,925,4   1075,473,18,1417,2951,833,4   1297,233,19,1557,3235,879,2   904,687,29,0,1496,1341,5   643,611,27,157,3021,1249,3   1565,665,29,2301,4359,1341,3   1065,333,29,890,4278,1341,3   1500,324,11,6414,7812,509,1   1432,354,22,741,2645,1018,4   853,713,19,2603,4159,879,2   302,509,13,7155,8239,601,1   1286,463,28,4545,7163,1295,1   981,764,6,1092,1660,278,1   211,508,22,1122,2884,1018,2   1151,357,4,6836,7088,185,3   780,320,5,7214,7640,231,5   1193,762,21,6286,7916,971,4   1067,379,8,739,1731,370,4   282,420,18,1184,2570,833,2   469,601,3,7214,7540,139,4   1506,342,19,89,1981,879,5   1686,616,7,3946,4704,324,3   1629,594,7,5363,5941,324,4   1703,469,9,6991,7579,416,1   1456,503,7,1815,2379,324,1   1129,307,8,3179,3881,370,5   1160,338,15,5049,6005,694,4   361,615,15,4931,6767,694,2   1119,208,16,3145,4797,740,3   412,308,11,5918,6792,509,3   1528,661,5,6517,7019,231,4   1697,511,18,259,1913,833,1   1184,516,3,7615,7927,139,3   1284,408,22,4325,6479,1018,1   1645,510,27,833,3401,1249,3   1502,365,9,4302,4938,416,2   200,285,12,6953,7985,555,2   1168,618,5,5898,6424,231,1   1228,143,27,4535,8351,1249,4   887,54,19,3025,4761,879,1   934,389,18,5497,7301,833,4   118,716,4,7144,7546,185,5   1557,122,26,790,2986,1203,3   1865,539,5,5608,6030,231,5   0,500,7,2946,3482,324,5
!----------------------------------------------------------------
!Recharge stations: x,y
300,0   14,516   900,857   226,729   1523,387   1473,232   516,325   1556,602   321,460   1133,641   162,451   212,453   1307,759   289,677   766,685   600,305   832,269   336,217   247,557   405,277   1381,107   1851,680   1374,251   806,514   199,418

g inverse recharge rate 0.69
