!----------------------------------------------------------------
!Stores: (first: depot x,y; then: satellites x,y,maxCap)
300,0   732,403,1000   1811,773,1000   1333,923,1000   292,524,1000
!----------------------------------------------------------------
!Trucks: (total#, cap, cost/dist, fixcost)
6,250,1,150
!----------------------------------------------------------------
!CityFreighters: (max cf/sat, total#, cap, cost/dist, fixcost, maxCharge, energyConsumption)
10,10,125,1,80,1700,1
!----------------------------------------------------------------
!Customers: (x, y, demand, readyTime, dueDate, serviceTime, penalizationCost)
272,537,9,1461,2073,351,1   717,464,19,5260,7230,741,5   753,610,16,4815,6423,624,3   1518,502,16,2048,3310,624,4   1131,684,12,3341,4417,468,1   276,491,14,3357,4461,546,1   1242,541,20,5151,6879,780,1   1422,645,20,1258,3046,780,1   1749,415,25,0,3044,974,1   841,499,16,5070,6420,624,3   557,543,10,1141,1719,390,1   522,388,24,5305,6911,936,4   1258,718,12,784,1868,468,5   1072,451,15,4562,5778,585,1   1490,350,18,2916,3946,702,3   1141,314,12,463,1429,468,5   484,494,10,3255,4107,390,4   428,624,18,4759,5597,702,5   342,653,23,2351,3765,897,4   578,526,22,2673,4197,858,2   1372,269,7,1332,1734,273,4   830,523,4,2406,2682,156,5   482,297,5,707,1263,195,5   1602,373,29,1027,3169,1130,3   1486,588,10,614,1416,390,2   649,414,25,1773,3749,974,1   1025,382,17,4746,5892,663,4   1065,439,14,4427,5531,546,5   660,685,6,3653,4109,234,2   656,350,16,3652,4586,624,3   989,787,23,3257,5815,897,5   905,667,8,373,1059,312,2   1641,625,25,3813,5579,974,2   438,562,7,5443,6093,273,2   769,310,22,1045,3355,858,2   1748,516,26,262,2704,1013,1   487,628,16,318,1608,624,4   572,723,10,2256,3084,390,3   216,479,6,5886,6324,234,4   798,595,22,3329,4951,858,2   1297,866,28,1339,3759,1091,2   1021,106,11,1791,2519,429,1   1523,174,3,6828,7072,117,5   31,431,20,4140,6118,780,2   1776,656,3,5848,6104,117,2   1660,243,24,3023,4635,936,4   1965,617,14,4870,5806,546,4   284,442,8,5643,6475,312,5   312,522,25,5085,6991,974,2   467,589,20,1652,2686,780,1
!----------------------------------------------------------------
!Recharge stations: x,y
300,0   732,403   1811,773   1333,923   292,524   532,607   1579,633   1365,729   1029,248   1581,368   930,657   1714,335   1549,605   1569,637   1008,253   1149,587   1442,744   1062,156   706,456   516,322   530,356   365,282   798,423   721,382   1015,299

g inverse recharge rate 0.4
