!----------------------------------------------------------------
!Stores: (first: depot x,y; then: satellites x,y,maxCap)
300,0   202,728,1000   890,151,1000   513,786,1000   1784,582,1000
!----------------------------------------------------------------
!Trucks: (total#, cap, cost/dist, fixcost)
6,250,1,150
!----------------------------------------------------------------
!CityFreighters: (max cf/sat, total#, cap, cost/dist, fixcost, maxCharge, energyConsumption)
10,10,125,1,80,1400,1
!----------------------------------------------------------------
!Customers: (x, y, demand, readyTime, dueDate, serviceTime, penalizationCost)
1750,415,9,1271,2041,325,1   841,486,16,5014,5986,577,4   899,411,18,2758,4424,650,4   388,556,12,1330,2342,433,4   393,583,29,1826,4632,1046,5   839,230,24,4902,6526,866,4   643,498,20,4375,5705,722,3   337,493,29,4029,5675,1046,5   999,763,12,4292,5222,433,4   1500,311,15,6006,6890,541,4   963,247,4,6056,6328,144,1   798,280,29,1253,3371,1046,3   577,520,6,6339,6809,217,4   1797,503,9,2325,2799,325,1   677,431,16,2949,4021,577,3   824,704,7,1613,2021,253,3   459,457,24,3298,4804,866,1   1114,683,29,316,2828,1046,2   619,594,18,1025,2127,650,3   1160,259,7,5911,6159,253,1   1047,255,26,1592,3944,938,5   343,365,6,1534,1860,217,5   441,433,9,420,944,325,5   473,433,12,600,1552,433,4   407,687,26,2343,4133,938,5   790,432,16,5650,6594,577,1   1297,414,19,4652,6136,686,1   405,375,3,3799,3967,108,4   1439,389,25,4279,5609,902,3   594,417,9,969,1489,325,1   341,609,23,3431,4511,830,3   775,660,11,2561,3421,397,1   352,634,22,2997,4675,794,1   357,638,10,6332,7148,361,4   1159,427,3,6223,6395,108,2   281,607,27,1089,2857,974,4   1068,421,25,3140,4884,902,3   905,634,14,3657,4749,505,1   1419,319,20,803,2053,722,4   1686,485,28,4840,6762,1010,1   944,857,27,1508,3218,974,5   1666,342,10,4507,5169,361,1   1434,829,9,2423,3041,325,3   1057,640,13,1434,2508,469,4   364,687,25,2791,4547,902,3   409,496,20,1755,3363,722,2   1720,468,29,2874,4802,1046,2   1379,702,24,1428,2758,866,2   1772,212,16,2537,3311,577,5   1585,896,7,5956,6444,253,5
!----------------------------------------------------------------
!Recharge stations: x,y
300,0   202,728   890,151   513,786   1784,582   448,468   986,218   351,644   341,622   717,273   826,244   365,552   746,715   636,773   1015,235   1683,331   143,585   1643,462   660,516   260,418   461,471   450,654   1756,444   260,623   1744,579

g inverse recharge rate 0.49
