!----------------------------------------------------------------
!Stores: (first: depot x,y; then: satellites x,y,maxCap)
300,0   19,412,1000   1569,459,1000   942,291,1000   915,886,1000
!----------------------------------------------------------------
!Trucks: (total#, cap, cost/dist, fixcost)
6,250,1,150
!----------------------------------------------------------------
!CityFreighters: (max cf/sat, total#, cap, cost/dist, fixcost, maxCharge, energyConsumption)
10,10,125,1,80,1200,1
!----------------------------------------------------------------
!Customers: (x, y, demand, readyTime, dueDate, serviceTime, penalizationCost)
351,600,3,2881,3087,99,2   1478,561,13,3126,3822,429,5   343,526,13,5879,6859,429,2   1430,715,15,2035,3217,495,1   1180,363,24,1339,3245,793,5   1694,455,24,3535,5593,793,5   729,716,24,226,1834,793,1   1431,751,7,820,1226,231,1   1121,679,13,2782,3222,429,5   1730,487,7,791,1129,231,2   1011,611,13,4999,5899,429,2   936,759,3,6358,6606,99,2   566,574,25,207,1925,826,2   1375,345,29,3215,4963,958,3   1404,295,8,969,1431,264,5   1157,552,18,5628,6278,594,3   1088,740,15,4013,5023,495,2   1156,345,28,4298,5482,925,4   297,560,11,3193,3829,363,4   335,368,23,5405,6927,760,1   455,416,20,1051,2481,661,4   1569,399,25,1800,3598,826,2   1106,454,25,1568,3148,826,4   1026,309,25,5182,6856,826,1   1712,607,26,1739,3503,859,4   1667,468,18,5222,6336,594,1   1326,541,21,1299,2871,694,5   446,474,16,5101,6251,528,4   1027,276,15,1623,2501,495,4   601,343,28,2304,5186,925,4   1234,725,12,4992,5862,396,4   577,344,24,4231,5649,793,4   997,505,28,2692,5574,925,1   689,655,11,4101,4599,363,2   820,475,7,6255,6663,231,1   1386,363,12,5938,6642,396,5   1374,619,28,473,1739,925,5   634,766,17,1759,2711,561,3   1069,762,11,998,1836,363,3   1463,514,9,4681,5341,297,4   380,752,20,4526,5482,661,2   267,433,22,521,2101,727,1   697,595,6,5835,6151,198,1   367,732,27,1560,3408,892,5   757,20,16,2669,3987,528,4   289,398,16,5852,6882,528,3   1696,780,24,3494,5502,793,4   1568,507,9,489,1053,297,1   728,52,28,3286,4764,925,5   708,701,21,0,1485,694,5
!----------------------------------------------------------------
!Recharge stations: x,y
300,0   19,412   1569,459   942,291   915,886   472,502   1451,479   700,699   1437,418   1166,164   1531,323   568,226   1411,440   1451,451   320,860   1059,540   864,669   1521,408   1604,357   1541,246   1630,431   1036,722   761,47   868,333   249,687

g inverse recharge rate 0.54
