!----------------------------------------------------------------
!Stores: (first: depot x,y; then: satellites x,y,maxCap)
300,0   54,456,1000   164,276,1000   1745,570,1000   1076,323,1000
!----------------------------------------------------------------
!Trucks: (total#, cap, cost/dist, fixcost)
6,250,1,150
!----------------------------------------------------------------
!CityFreighters: (max cf/sat, total#, cap, cost/dist, fixcost, maxCharge, energyConsumption)
10,10,125,1,80,1500,1
!----------------------------------------------------------------
!Customers: (x, y, demand, readyTime, dueDate, serviceTime, penalizationCost)
1267,379,15,3683,5057,656,3   588,332,25,2194,4108,1093,2   359,385,20,6137,7561,875,3   1711,446,21,4986,7160,918,4   1748,553,14,3127,4015,612,3   501,610,4,7873,8153,175,5   743,356,4,5182,5462,175,1   1253,700,20,2804,4640,875,3   212,516,11,3431,4527,481,3   817,431,25,4612,6538,1093,4   473,323,12,3148,4116,525,5   884,530,20,5228,7142,875,2   319,527,29,0,2749,1268,4   1013,202,12,4766,5730,525,2   666,690,7,3122,4128,306,1   1380,521,10,3284,4152,437,2   1542,585,17,3409,4635,743,5   218,469,18,4801,6843,787,4   1642,509,17,4258,5322,743,3   1370,431,25,3591,6257,1093,4   1398,390,15,5484,6380,656,2   1556,315,11,6324,7278,481,1   294,594,4,3468,3740,175,5   350,659,5,3097,3687,219,2   446,593,14,4783,5415,612,2   1467,397,23,1334,3726,1006,3   205,524,8,6077,6945,350,1   790,276,27,1525,4683,1181,4   364,353,18,2957,4593,787,1   1157,436,21,3482,5480,918,3   254,501,28,4638,6708,1224,1   1672,607,20,468,1886,875,3   1391,587,26,2866,5212,1137,1   1096,593,4,6464,6952,175,2   1335,471,6,7344,7888,262,3   1178,614,23,5056,6744,1006,2   662,563,13,5930,7284,568,3   956,365,21,5714,7892,918,2   1175,619,22,1290,2718,962,1   1492,323,24,2301,3779,1049,3   1622,680,5,6827,7149,219,4   254,287,26,3717,5271,1137,4   1860,336,17,5035,6749,743,5   1588,369,10,4342,5222,437,3   1199,247,5,1166,1570,219,3   885,670,11,661,1543,481,1   108,629,6,5307,5983,262,1   1456,199,9,3309,3835,394,3   599,646,12,5938,7280,525,3   384,157,5,4741,5085,219,5
!----------------------------------------------------------------
!Recharge stations: x,y
300,0   54,456   164,276   1745,570   1076,323   895,312   1052,600   1666,701   1481,567   588,510   226,568   243,479   1265,205   1665,402   160,494   955,546   269,603   1421,693   639,189   1800,542   949,499   336,352   768,838   1590,129   266,356

g inverse recharge rate 0.5
