!----------------------------------------------------------------
!Stores: (first: depot x,y; then: satellites x,y,maxCap)
300,0   1301,770,1000   254,805,1000   1042,125,1000   1949,604,1000
!----------------------------------------------------------------
!Trucks: (total#, cap, cost/dist, fixcost)
6,250,1,150
!----------------------------------------------------------------
!CityFreighters: (max cf/sat, total#, cap, cost/dist, fixcost, maxCharge, energyConsumption)
10,10,125,1,80,1500,1
!----------------------------------------------------------------
!Customers: (x, y, demand, readyTime, dueDate, serviceTime, penalizationCost)
629,336,12,2441,3083,496,3   460,387,11,2724,3814,455,5   1688,429,16,5619,6897,662,3   1449,542,25,1254,4142,1034,4   1029,651,18,2608,4050,745,5   747,647,19,815,2201,786,1   944,670,19,1981,3563,786,1   459,321,9,5917,6727,372,3   748,672,13,3852,5032,538,5   1734,562,20,3919,6163,827,3   1006,523,10,4496,5240,414,4   1115,344,26,2619,4715,1075,2   525,572,20,2281,4577,827,1   1099,637,15,4107,5339,620,1   1733,426,29,1313,4173,1200,5   1239,422,13,2289,3541,538,4   1582,312,21,1572,3674,869,3   1221,729,21,422,2110,869,1   649,668,28,2470,4388,1158,4   1435,250,6,5985,6459,248,5   371,320,9,3932,4708,372,5   610,490,11,6490,7632,455,4   752,225,18,1026,2400,745,3   1763,453,14,5683,6979,579,1   865,652,6,5617,6173,248,1   749,601,9,2542,3486,372,2   397,456,7,5546,6102,290,1   716,621,10,1071,1695,414,5   1500,608,12,3798,4582,496,1   851,771,22,88,1684,910,2   1686,622,13,1075,1763,538,1   1555,455,11,6612,7482,455,2   680,485,6,4989,5447,248,3   1377,463,6,4847,5233,248,1   1630,501,6,4867,5475,248,2   1619,511,20,3746,5640,827,5   1578,620,11,1312,2162,455,5   387,409,15,1680,3254,620,5   859,326,16,2687,3383,662,3   586,446,8,802,1396,331,3   1582,357,9,4270,5216,372,1   814,501,29,0,2106,1200,2   1113,156,28,4481,6953,1158,4   1276,752,24,583,2471,993,4   1706,620,19,447,1999,786,4   1741,645,14,4680,5880,579,1   1451,629,15,5892,7260,620,5   1925,391,14,521,1477,579,1   1433,513,6,2710,3196,248,4   1047,330,18,5322,6834,745,4
!----------------------------------------------------------------
!Recharge stations: x,y
300,0   1301,770   254,805   1042,125   1949,604   786,558   961,757   592,546   1796,454   1828,482   282,366   306,487   1226,891   1253,280   420,427   1251,482   1168,320   1721,411   990,186   1576,561   495,385   1383,371   615,242   587,320   238,365

g inverse recharge rate 0.46
