!----------------------------------------------------------------
!Stores: (first: depot x,y; then: satellites x,y,maxCap)
300,0   1314,650,1000   548,85,1000   70,356,1000   844,731,1000
!----------------------------------------------------------------
!Trucks: (total#, cap, cost/dist, fixcost)
6,250,1,150
!----------------------------------------------------------------
!CityFreighters: (max cf/sat, total#, cap, cost/dist, fixcost, maxCharge, energyConsumption)
10,10,125,1,80,900,1
!----------------------------------------------------------------
!Customers: (x, y, demand, readyTime, dueDate, serviceTime, penalizationCost)
1140,489,22,610,2220,844,5   1210,344,10,5539,6121,384,1   283,552,7,5399,5897,269,3   1743,579,11,4099,5187,422,4   660,253,15,5108,6402,575,2   808,679,4,1533,1865,153,2   288,610,3,2515,2699,115,3   1320,570,10,2925,3503,384,5   984,331,29,1718,4790,1112,4   1198,680,17,6228,7188,652,3   1390,344,18,2646,4506,691,4   1427,604,7,4151,4737,269,2   1264,777,19,3271,4699,729,5   1192,450,16,0,1683,614,1   1350,439,21,3016,4470,806,5   890,676,22,3629,5777,844,3   1265,750,17,3456,4362,652,4   1488,311,23,1969,3653,882,4   1676,533,17,4338,5676,652,1   232,547,26,1079,3011,997,3   1548,424,16,4750,5888,614,5   1087,469,19,3246,4926,729,3   577,324,11,2450,3378,422,1   200,500,25,4601,6419,959,4   1621,484,11,2739,3693,422,1   1585,514,27,864,2908,1036,1   457,347,10,1875,2487,384,2   1507,592,12,1249,1925,460,1   316,368,13,576,1470,499,4   512,602,9,5142,5792,345,5   1445,645,28,2676,5492,1074,5   805,561,5,6439,6817,192,5   342,511,23,1496,3088,882,4   1639,556,18,1124,2400,691,4   825,343,7,5462,6028,269,5   1751,499,18,1986,2926,691,3   1684,637,18,2590,3744,691,2   1472,666,8,1269,1757,307,5   1094,424,11,2875,3723,422,3   1701,426,18,4906,6168,691,2   1345,660,19,3062,5228,729,1   878,16,28,604,2634,1074,4   216,792,7,6787,7441,269,4   961,798,21,3736,5482,806,2   1184,801,12,788,2058,460,1   1274,186,22,4542,5726,844,5   928,905,19,1455,3065,729,4   1061,989,25,986,3144,959,1   474,471,11,2759,3573,422,2   248,292,11,571,1651,422,3
!----------------------------------------------------------------
!Recharge stations: x,y
300,0   1314,650   548,85   70,356   844,731   273,357   372,710   1529,261   1270,389   655,302   1674,380   1396,767   244,452   1523,709   426,287   921,702   861,575   1356,580   529,269   122,368   690,624   750,182   364,612   1301,231   417,330

g inverse recharge rate 0.75
