!----------------------------------------------------------------
!Stores: (first: depot x,y; then: satellites x,y,maxCap)
300,0   19,412,1000   1569,459,1000   942,291,1000   915,886,1000
!----------------------------------------------------------------
!Trucks: (total#, cap, cost/dist, fixcost)
6,250,1,150
!----------------------------------------------------------------
!CityFreighters: (max cf/sat, total#, cap, cost/dist, fixcost, maxCharge, energyConsumption)
10,10,125,1,80,1000,1
!----------------------------------------------------------------
!Customers: (x, y, demand, readyTime, dueDate, serviceTime, penalizationCost)
351,600,3,3933,4141,99,1   1478,561,13,3938,4604,429,5   343,526,13,479,1427,429,4   1430,715,15,2924,3900,495,1   1180,363,24,4158,5190,793,1   1694,455,24,3432,5192,793,2   729,716,24,4448,5764,793,1   1431,751,7,3432,3944,231,4   1121,679,13,3894,4804,429,1   1730,487,7,5065,5491,231,5   1011,611,13,2783,3617,429,1   936,759,3,6534,6706,99,4   566,574,25,5494,6660,826,3   1375,345,29,4191,6317,958,1   1404,295,8,6227,6809,264,1   1157,552,18,2117,3167,594,1   1088,740,15,4842,5740,495,2   1156,345,28,0,1846,925,3   297,560,11,3569,4449,363,1   335,368,23,3465,4723,760,5   455,416,20,5302,6530,661,5   1569,399,25,4129,5469,826,4   1106,454,25,398,2232,826,2   1026,309,25,1325,2863,826,4   1712,607,26,1079,3205,859,2   1667,468,18,864,2136,594,2   1326,541,21,2137,3715,694,2   446,474,16,2177,3345,528,5   1027,276,15,2531,3299,495,2   601,343,28,1809,3375,925,3   1234,725,12,1932,2808,396,5   577,344,24,4748,6922,793,4   997,505,28,3526,5598,925,4   689,655,11,673,1795,363,1   820,475,7,2897,3409,231,3   1386,363,12,2081,2741,396,2   1374,619,28,4107,6327,925,5   634,766,17,3332,4552,561,2   1069,762,11,5347,5955,363,2   1463,514,9,2664,3170,297,5   380,752,20,1431,2445,661,1   267,433,22,5441,6953,727,1   697,595,6,4370,4864,198,1   367,732,27,3715,6017,892,4   757,20,16,5090,6272,528,1   289,398,16,4539,5481,528,4   1696,780,24,3312,5532,793,5   1568,507,9,4958,5420,297,1   728,52,28,2402,4278,925,4   708,701,21,3417,5359,694,2
!----------------------------------------------------------------
!Recharge stations: x,y
300,0   19,412   1569,459   942,291   915,886   472,502   1451,479   700,699   1437,418   1166,164   1531,323   568,226   1411,440   1451,451   320,860   1059,540   864,669   1521,408   1604,357   1541,246   1630,431   1036,722   761,47   868,333   249,687

g inverse recharge rate 0.65
