!----------------------------------------------------------------
!Stores: (first: depot x,y; then: satellites x,y,maxCap)
300,0   1680,198,1000   1105,702,1000   1469,679,1000   967,345,1000
!----------------------------------------------------------------
!Trucks: (total#, cap, cost/dist, fixcost)
6,250,1,150
!----------------------------------------------------------------
!CityFreighters: (max cf/sat, total#, cap, cost/dist, fixcost, maxCharge, energyConsumption)
10,10,125,1,80,1200,1
!----------------------------------------------------------------
!Customers: (x, y, demand, readyTime, dueDate, serviceTime, penalizationCost)
802,540,20,1392,2910,591,2   1641,343,5,1772,2034,148,3   1184,667,26,2200,3730,769,2   942,312,28,3203,4545,828,1   1136,426,11,1878,2366,325,2   1212,394,11,4998,5786,325,4   962,605,16,1258,2218,473,5   463,582,13,3364,4350,384,3   491,462,25,449,1719,739,5   675,621,26,3245,4723,769,3   1505,436,12,5159,5783,355,1   1719,382,10,576,1274,296,5   378,359,25,4013,5333,739,1   843,452,14,3851,4453,414,5   625,721,19,1583,2505,562,2   1634,400,25,4728,6218,739,3   1057,607,29,3130,5306,857,2   768,507,10,5361,5771,296,2   1543,611,14,2976,3708,414,1   685,382,10,3605,4351,296,1   1027,322,17,1401,2695,503,2   816,578,7,821,1361,207,3   727,698,8,2422,2822,237,5   1301,421,18,1112,2372,532,5   358,485,13,1705,2443,384,5   1767,538,18,918,2060,532,4   310,555,15,828,1662,443,5   693,574,18,2019,2667,532,1   878,305,18,4347,4957,532,1   976,524,23,2229,3273,680,3   920,554,13,1085,1793,384,4   1291,546,23,1178,2784,680,3   799,506,10,665,1423,296,2   890,602,24,2103,3137,710,1   1746,558,19,2352,3384,562,3   1331,642,25,844,2612,739,1   1567,456,27,3025,5007,798,4   1295,261,18,3772,4870,532,3   1304,310,5,4065,4413,148,3   681,714,14,4661,5229,414,4   809,607,16,3385,4171,473,4   725,388,8,2775,3095,237,5   103,632,4,3307,3515,118,1   1090,56,29,63,1873,857,2   1906,663,25,1541,2967,739,3   408,559,23,4242,5690,680,4   387,541,25,2287,3555,739,1   138,358,12,3074,3794,355,3   1414,489,25,957,2619,739,4   1645,614,3,647,823,89,5
!----------------------------------------------------------------
!Recharge stations: x,y
300,0   1680,198   1105,702   1469,679   967,345   326,462   761,296   1152,234   351,436   675,802   1276,477   613,572   1479,418   544,246   1956,463   1135,317   504,633   604,809   1822,438   1035,378   916,153   270,616   1055,810   195,555   944,722

g inverse recharge rate 0.47
