!----------------------------------------------------------------
!Stores: (first: depot x,y; then: satellites x,y,maxCap)
300,0   19,412,1000   1569,459,1000   942,291,1000   915,886,1000
!----------------------------------------------------------------
!Trucks: (total#, cap, cost/dist, fixcost)
6,250,1,150
!----------------------------------------------------------------
!CityFreighters: (max cf/sat, total#, cap, cost/dist, fixcost, maxCharge, energyConsumption)
10,10,125,1,80,1500,1
!----------------------------------------------------------------
!Customers: (x, y, demand, readyTime, dueDate, serviceTime, penalizationCost)
351,600,3,6268,6482,99,1   1478,561,13,1895,2837,429,3   343,526,13,2091,3027,429,3   1430,715,15,466,1384,495,5   1180,363,24,4358,5984,793,3   1694,455,24,3998,5220,793,4   729,716,24,4411,6445,793,5   1431,751,7,2515,3153,231,5   1121,679,13,3673,4877,429,5   1730,487,7,4489,4859,231,4   1011,611,13,1803,2677,429,4   936,759,3,807,1027,99,3   566,574,25,715,2403,826,5   1375,345,29,1376,3000,958,4   1404,295,8,4470,4956,264,4   1157,552,18,4068,5194,594,2   1088,740,15,2833,3185,495,1   1156,345,28,3842,6776,925,4   297,560,11,1303,2071,363,3   335,368,23,1369,3067,760,3   455,416,20,4103,5669,661,5   1569,399,25,1832,3598,826,5   1106,454,25,4130,5388,826,1   1026,309,25,4050,5616,826,5   1712,607,26,376,1524,859,5   1667,468,18,3265,4515,594,5   1326,541,21,4127,5327,694,3   446,474,16,5829,6685,528,5   1027,276,15,1255,2333,495,1   601,343,28,3736,5276,925,4   1234,725,12,2999,3845,396,1   577,344,24,476,2194,793,1   997,505,28,1731,3919,925,1   689,655,11,3912,4714,363,3   820,475,7,2406,2964,231,5   1386,363,12,2046,2948,396,5   1374,619,28,625,1823,925,3   634,766,17,3274,4278,561,1   1069,762,11,3201,3785,363,1   1463,514,9,1817,2359,297,4   380,752,20,4527,5661,661,5   267,433,22,2536,3330,727,5   697,595,6,1249,1733,198,1   367,732,27,2258,3836,892,1   757,20,16,912,2174,528,2   289,398,16,3953,4729,528,4   1696,780,24,3124,5054,793,2   1568,507,9,6417,6875,297,3   728,52,28,443,2683,925,4   708,701,21,2799,4141,694,1
!----------------------------------------------------------------
!Recharge stations: x,y
300,0   19,412   1569,459   942,291   915,886   472,502   1451,479   700,699   1437,418   1166,164   1531,323   568,226   1411,440   1451,451   320,860   1059,540   864,669   1521,408   1604,357   1541,246   1630,431   1036,722   761,47   868,333   249,687

g inverse recharge rate 0.43
