!----------------------------------------------------------------
!Stores: (first: depot x,y; then: satellites x,y,maxCap)
300,0   1056,693,1000   103,661,1000   114,485,1000   1304,808,1000
!----------------------------------------------------------------
!Trucks: (total#, cap, cost/dist, fixcost)
6,250,1,150
!----------------------------------------------------------------
!CityFreighters: (max cf/sat, total#, cap, cost/dist, fixcost, maxCharge, energyConsumption)
10,10,125,1,80,1400,1
!----------------------------------------------------------------
!Customers: (x, y, demand, readyTime, dueDate, serviceTime, penalizationCost)
1163,500,29,0,2369,1042,1   1367,493,17,2598,4164,611,3   1485,607,26,2820,4608,934,1   1714,389,16,932,1816,575,1   1141,670,10,1874,2854,359,4   342,564,29,367,2459,1042,1   881,394,10,3753,4571,359,2   363,652,13,5791,6657,467,4   1144,739,20,5396,6658,719,2   262,395,5,3567,3915,180,5   1289,387,5,2446,2768,180,3   1060,256,28,4509,6263,1006,1   1137,712,4,4422,4678,144,4   877,554,6,3589,3979,216,3   387,602,17,4806,5870,611,5   499,280,28,183,1595,1006,1   735,489,9,1141,1921,323,2   1138,223,5,1649,2005,180,3   1773,517,24,665,2233,862,1   463,646,22,1935,3173,791,3   225,513,28,0,2066,1006,1   987,328,14,4149,5261,503,4   1718,618,10,2385,2991,359,4   527,297,15,5691,7015,539,5   1653,580,26,2733,4719,934,4   847,769,3,4596,4836,108,2   429,548,20,303,1461,719,1   745,448,19,3599,5007,683,2   1593,500,3,3291,3491,108,4   469,718,18,1844,3362,647,1   1343,759,21,5193,6437,755,5   1460,507,4,4620,4858,144,2   1261,735,24,4594,5572,862,2   722,686,29,4517,7229,1042,1   1404,478,14,2828,3932,503,5   677,632,22,2391,4257,791,5   1007,383,4,4056,4322,144,4   461,675,26,655,2903,934,2   1362,527,13,701,1143,467,5   980,486,3,5873,6103,108,2   644,679,20,4537,6345,719,3   406,154,21,0,1851,755,3   1111,292,15,419,1233,539,2   367,807,6,6115,6411,216,5   285,608,27,2660,4778,970,2   849,557,29,1658,3876,1042,1   394,411,29,4876,7514,1042,5   637,836,17,5323,6715,611,5   462,155,6,5703,5987,216,3   334,751,11,6321,7195,395,3
!----------------------------------------------------------------
!Recharge stations: x,y
300,0   1056,693   103,661   114,485   1304,808   1615,737   1344,598   1012,905   103,417   1523,354   1299,814   158,541   567,722   1701,635   976,253   845,391   1608,700   459,496   1691,557   973,187   558,529   701,686   1708,812   514,389   271,327

g inverse recharge rate 0.47
