!----------------------------------------------------------------
!Stores: (first: depot x,y; then: satellites x,y,maxCap)
300,0   1913,443,1000   1219,926,1000   608,792,1000   1816,280,1000
!----------------------------------------------------------------
!Trucks: (total#, cap, cost/dist, fixcost)
6,250,1,150
!----------------------------------------------------------------
!CityFreighters: (max cf/sat, total#, cap, cost/dist, fixcost, maxCharge, energyConsumption)
10,10,125,1,80,1100,1
!----------------------------------------------------------------
!Customers: (x, y, demand, readyTime, dueDate, serviceTime, penalizationCost)
623,450,10,5669,6649,415,4   281,390,29,3023,6249,1203,5   884,287,9,4766,5466,373,1   1629,573,29,1851,3569,1203,4   974,731,8,453,1005,332,4   529,469,12,2439,3469,498,1   1551,495,8,4689,5197,332,1   1351,754,3,7554,7874,124,1   602,631,10,934,1524,415,4   898,367,3,2799,3051,124,3   1699,559,21,3857,5991,871,1   378,609,17,1852,3310,705,5   370,498,3,7030,7260,124,2   469,445,17,4660,6232,705,3   1184,511,12,6910,7852,498,5   495,516,8,4795,5499,332,2   1495,720,6,6663,7223,249,2   530,438,28,5050,6980,1161,3   981,779,7,4780,5286,290,1   510,736,25,5642,7616,1037,3   361,612,10,4319,5075,415,4   1250,678,25,2935,5207,1037,4   756,555,10,4159,5091,415,4   800,283,3,5548,5736,124,3   490,577,16,1879,3003,664,3   461,372,20,1022,2990,830,4   654,765,15,6704,7942,622,1   1709,537,25,2113,4609,1037,5   440,471,27,3838,6390,1120,4   571,333,21,2401,4335,871,5   1234,454,25,1996,3378,1037,3   1631,401,20,1706,3046,830,4   598,321,13,4513,5677,539,4   1653,656,20,6150,8068,830,4   913,741,8,508,1180,332,3   1356,482,28,3639,6303,1161,1   1699,452,29,2095,4543,1203,1   484,331,9,3721,4575,373,4   1148,231,7,6727,7313,290,1   1454,444,24,1023,2719,996,1   1784,634,11,6107,7031,456,3   1304,192,12,7084,7874,498,4   1100,315,12,2426,3536,498,3   1382,546,17,5939,7051,705,5   1638,743,29,2577,4893,1203,4   633,80,29,4427,6367,1203,4   1600,703,24,2675,4235,996,5   1675,196,3,6721,6929,124,4   1892,642,20,489,2601,830,2   1161,242,23,93,2199,954,1
!----------------------------------------------------------------
!Recharge stations: x,y
300,0   1913,443   1219,926   608,792   1816,280   1120,355   857,292   1951,593   934,802   1543,499   446,556   1631,279   618,418   876,562   1684,653   179,492   1561,414   220,579   881,173   364,870   1589,151   1300,690   1699,338   1107,831   125,616

g inverse recharge rate 0.67
