!----------------------------------------------------------------
!Stores: (first: depot x,y; then: satellites x,y,maxCap)
300,0   941,202,1000   764,856,1000   989,385,1000   706,294,1000
!----------------------------------------------------------------
!Trucks: (total#, cap, cost/dist, fixcost)
6,250,1,150
!----------------------------------------------------------------
!CityFreighters: (max cf/sat, total#, cap, cost/dist, fixcost, maxCharge, energyConsumption)
10,10,125,1,80,1000,1
!----------------------------------------------------------------
!Customers: (x, y, demand, readyTime, dueDate, serviceTime, penalizationCost)
395,389,21,1266,2276,568,3   1351,406,17,2520,3396,459,3   811,620,26,1772,3392,703,2   1558,318,7,2604,2870,189,2   1093,597,25,1793,3217,676,3   1670,525,9,750,1158,243,4   1364,741,27,2819,4169,730,1   1108,353,6,4938,5224,162,4   811,277,23,2506,3634,622,3   570,613,13,2907,3553,351,4   695,289,23,2622,4144,622,5   617,241,8,3180,3518,216,3   1471,373,12,4131,4841,324,1   846,746,4,3987,4187,108,4   486,281,19,1426,2514,513,5   1423,306,24,2805,4027,649,1   1317,658,22,2174,3056,595,4   1613,640,25,2160,3698,676,5   1043,609,14,1662,2486,378,2   482,401,15,1130,1864,405,4   1375,313,14,3036,3850,378,2   1698,587,27,1995,3339,730,5   1425,250,7,517,903,189,5   1435,294,7,722,1068,189,2   910,429,16,4135,4743,432,4   726,695,9,4364,4856,243,4   467,338,3,4086,4232,81,2   277,487,18,862,1310,486,1   1079,513,15,4605,5125,405,2   341,514,12,4591,5319,324,1   875,338,16,1171,2349,432,5   331,498,15,758,1490,405,3   314,395,15,741,1679,405,3   616,561,23,2402,3312,622,1   907,722,27,2741,3821,730,2   855,247,21,2170,2936,568,5   1116,540,27,2573,3679,730,4   1531,429,10,1826,2470,270,5   582,522,10,256,746,270,5   628,409,11,2067,2783,297,3   1717,715,8,1675,2245,216,1   336,142,27,2271,3703,730,1   1495,602,12,1643,2283,324,3   1059,62,13,3005,3633,351,1   1114,692,21,2919,3577,568,4   673,414,26,3867,5053,703,1   527,885,11,1282,1872,297,5   1841,629,20,3591,4761,540,5   1315,472,23,2597,4043,622,2   465,222,19,620,1410,513,4
!----------------------------------------------------------------
!Recharge stations: x,y
300,0   941,202   764,856   989,385   706,294   1527,333   1472,253   261,554   532,279   384,280   947,742   1506,457   263,387   511,644   238,352   662,615   188,567   1827,519   1644,482   905,333   725,649   566,473   1323,721   725,650   116,684

g inverse recharge rate 0.49
