!----------------------------------------------------------------
!Stores: (first: depot x,y; then: satellites x,y,maxCap)
300,0   1653,568,1000   1871,320,1000   1234,686,1000   279,699,1000
!----------------------------------------------------------------
!Trucks: (total#, cap, cost/dist, fixcost)
6,250,1,150
!----------------------------------------------------------------
!CityFreighters: (max cf/sat, total#, cap, cost/dist, fixcost, maxCharge, energyConsumption)
10,10,125,1,80,1200,1
!----------------------------------------------------------------
!Customers: (x, y, demand, readyTime, dueDate, serviceTime, penalizationCost)
1227,755,3,2307,2503,111,3   1781,476,27,0,1797,996,4   1051,385,9,1773,2555,332,5   366,540,25,5167,6655,922,2   801,289,7,1979,2569,258,4   1193,317,10,3524,4358,369,5   1060,468,29,3636,6124,1070,1   982,744,6,7283,7767,221,4   590,349,21,4173,5519,775,2   679,272,25,221,2099,922,5   810,399,7,3794,4312,258,5   977,713,16,1480,2400,590,2   934,265,11,3311,4259,406,5   458,492,21,2020,3210,775,2   1554,663,27,4285,6763,996,3   460,405,13,5579,6663,480,1   1375,264,19,4970,6382,701,5   784,295,7,4598,5206,258,4   1185,262,17,238,1478,627,2   852,774,19,940,2204,701,4   205,510,9,4896,5774,332,5   917,244,5,3363,3695,184,1   1339,726,18,6327,7519,664,2   1557,371,24,4358,5854,885,5   1252,738,16,599,2121,590,5   1173,621,29,378,3074,1070,5   1636,352,28,3303,5511,1033,5   1435,523,26,2747,4147,959,2   441,334,8,4260,4848,295,4   237,572,3,4820,5184,111,1   321,577,12,3756,4834,443,3   1428,570,29,4887,7151,1070,5   1536,287,20,4834,6154,738,2   794,332,27,2730,4892,996,1   1623,523,29,2323,4659,1070,2   203,497,12,4937,5793,443,5   461,697,25,4690,6414,922,1   439,477,10,4437,5233,369,1   1354,714,20,2970,4248,738,3   1710,494,14,965,1945,516,3   638,433,11,3808,4524,406,5   1594,622,25,3408,5012,922,4   1350,165,5,2860,3218,184,4   1664,507,10,1553,2365,369,2   695,739,14,4048,4974,516,1   1215,830,24,1374,3150,885,1   1584,213,27,5150,7258,996,3   318,339,20,2140,3474,738,5   1588,508,22,1750,3562,812,4   138,336,19,4300,5496,701,2
!----------------------------------------------------------------
!Recharge stations: x,y
300,0   1653,568   1871,320   1234,686   279,699   661,466   1714,350   994,513   564,385   1804,498   949,186   1456,213   1683,691   740,798   1284,621   107,487   185,487   1486,215   1524,745   856,617   1515,676   1355,275   1007,173   1143,935   1282,788

g inverse recharge rate 0.59
