!----------------------------------------------------------------
!Stores: (first: depot x,y; then: satellites x,y,maxCap)
300,0   341,811,1000   468,469,1000   1903,681,1000   1739,317,1000
!----------------------------------------------------------------
!Trucks: (total#, cap, cost/dist, fixcost)
6,250,1,150
!----------------------------------------------------------------
!CityFreighters: (max cf/sat, total#, cap, cost/dist, fixcost, maxCharge, energyConsumption)
10,10,125,1,80,1700,1
!----------------------------------------------------------------
!Customers: (x, y, demand, readyTime, dueDate, serviceTime, penalizationCost)
1457,621,29,2425,5505,1354,2   1369,514,15,4315,5727,701,5   450,294,18,4246,5944,841,1   1201,625,4,6161,6571,187,3   303,393,10,6500,7294,467,3   626,373,9,5557,6189,420,3   986,751,21,2903,5271,981,4   1687,572,6,6851,7687,280,3   807,535,17,1798,3456,794,4   957,602,7,7424,8078,327,2   1341,466,14,6280,7822,654,3   868,335,19,4946,6932,887,5   1477,427,3,2054,2346,140,5   1710,513,7,2953,3483,327,2   297,516,18,3124,5040,841,2   1566,595,15,2745,3939,701,1   982,373,19,1570,3610,887,1   602,560,12,3387,4221,560,3   1018,575,17,613,2107,794,4   681,511,19,4227,6003,887,4   390,389,12,5260,6774,560,2   1717,407,3,2893,3235,140,2   812,728,4,7541,7879,187,2   1482,411,11,2581,3657,514,1   1121,230,9,5555,6591,420,4   724,609,5,1036,1508,234,1   732,543,7,520,1074,327,3   1701,427,5,1226,1792,234,2   1429,411,26,80,2802,1214,1   1580,334,6,1751,2419,280,4   1542,363,4,4951,5223,187,1   446,356,26,2975,5155,1214,1   1325,511,28,1034,3466,1308,4   1040,543,14,6329,7585,654,5   839,762,10,4218,5190,467,5   826,427,25,5518,7730,1168,4   1622,535,18,2392,4038,841,1   1205,493,22,4648,6124,1027,1   1756,487,13,2529,3857,607,5   1757,458,13,1500,3022,607,5   1205,634,26,3439,6073,1214,3   968,82,17,4825,5885,794,1   552,907,29,4467,7861,1354,2   933,725,11,3886,5120,514,5   1702,535,16,4379,6063,747,4   1374,356,9,1785,2487,420,5   1225,149,10,4473,5625,467,4   1029,837,20,4647,6841,934,1   894,84,23,3391,5585,1074,2   210,630,15,6555,7561,701,1
!----------------------------------------------------------------
!Recharge stations: x,y
300,0   341,811   468,469   1903,681   1739,317   848,592   1099,507   911,413   213,615   548,783   383,254   565,713   1717,496   1501,750   472,394   835,532   1065,724   1063,755   378,567   1418,245   1695,575   395,552   357,294   1675,329   1330,785

g inverse recharge rate 0.44
