!----------------------------------------------------------------
!Stores: (first: depot x,y; then: satellites x,y,maxCap)
300,0   1913,443,1000   1219,926,1000   608,792,1000   1816,280,1000
!----------------------------------------------------------------
!Trucks: (total#, cap, cost/dist, fixcost)
6,250,1,150
!----------------------------------------------------------------
!CityFreighters: (max cf/sat, total#, cap, cost/dist, fixcost, maxCharge, energyConsumption)
10,10,125,1,80,1000,1
!----------------------------------------------------------------
!Customers: (x, y, demand, readyTime, dueDate, serviceTime, penalizationCost)
623,450,10,4491,5225,415,3   281,390,29,364,2364,1203,1   884,287,9,1168,2046,373,2   1629,573,29,3691,6093,1203,1   974,731,8,903,1499,332,4   529,469,12,5297,6343,498,1   1551,495,8,3290,4058,332,5   1351,754,3,550,736,124,5   602,631,10,1822,2748,415,4   898,367,3,3290,3590,124,5   1699,559,21,4813,7091,871,3   378,609,17,2349,4271,705,5   370,498,3,6499,6693,124,3   469,445,17,2846,4114,705,1   1184,511,12,3800,4924,498,3   495,516,8,5275,5637,332,3   1495,720,6,5865,6329,249,3   530,438,28,3005,5651,1161,1   981,779,7,2798,3376,290,2   510,736,25,1100,3270,1037,4   361,612,10,4564,5398,415,1   1250,678,25,0,1913,1037,1   756,555,10,3105,4179,415,4   800,283,3,3987,4285,124,1   490,577,16,2496,3886,664,3   461,372,20,5110,6810,830,2   654,765,15,1520,2808,622,3   1709,537,25,5021,7785,1037,3   440,471,27,3604,5578,1120,1   571,333,21,166,1906,871,2   1234,454,25,2624,3670,1037,1   1631,401,20,6253,7653,830,2   598,321,13,5167,6325,539,4   1653,656,20,1175,3207,830,4   913,741,8,3499,4107,332,4   1356,482,28,2013,3273,1161,4   1699,452,29,800,2164,1203,4   484,331,9,3595,4225,373,3   1148,231,7,6304,7070,290,5   1454,444,24,1353,3391,996,1   1784,634,11,6964,8046,456,1   1304,192,12,4815,5827,498,3   1100,315,12,6198,7262,498,3   1382,546,17,1909,3509,705,3   1638,743,29,1178,3132,1203,4   633,80,29,4840,7592,1203,4   1600,703,24,1630,3652,996,2   1675,196,3,4450,4716,124,4   1892,642,20,607,2241,830,5   1161,242,23,5706,7318,954,1
!----------------------------------------------------------------
!Recharge stations: x,y
300,0   1913,443   1219,926   608,792   1816,280   1120,355   857,292   1951,593   934,802   1543,499   446,556   1631,279   618,418   876,562   1684,653   179,492   1561,414   220,579   881,173   364,870   1589,151   1300,690   1699,338   1107,831   125,616

g inverse recharge rate 0.74
