!----------------------------------------------------------------
!Stores: (first: depot x,y; then: satellites x,y,maxCap)
300,0   202,728,1000   890,151,1000   513,786,1000   1784,582,1000
!----------------------------------------------------------------
!Trucks: (total#, cap, cost/dist, fixcost)
6,250,1,150
!----------------------------------------------------------------
!CityFreighters: (max cf/sat, total#, cap, cost/dist, fixcost, maxCharge, energyConsumption)
10,10,125,1,80,1100,1
!----------------------------------------------------------------
!Customers: (x, y, demand, readyTime, dueDate, serviceTime, penalizationCost)
1750,415,9,6389,6939,325,5   841,486,16,4875,5715,577,5   899,411,18,220,1648,650,4   388,556,12,5688,6318,433,1   393,583,29,5251,7673,1046,2   839,230,24,2926,4650,866,2   643,498,20,693,2417,722,2   337,493,29,5070,7492,1046,1   999,763,12,1733,2877,433,2   1500,311,15,4404,5662,541,4   963,247,4,3016,3326,144,5   798,280,29,435,2349,1046,3   577,520,6,2519,2971,217,5   1797,503,9,4849,5729,325,3   677,431,16,2473,3577,577,3   824,704,7,1116,1732,253,2   459,457,24,4452,6030,866,1   1114,683,29,1032,2570,1046,2   619,594,18,4759,6603,650,4   1160,259,7,2132,2642,253,1   1047,255,26,2241,4005,938,2   343,365,6,3203,3745,217,2   441,433,9,1480,2116,325,2   473,433,12,4636,5420,433,2   407,687,26,2291,4537,938,3   790,432,16,480,2246,577,5   1297,414,19,4228,5032,686,3   405,375,3,2053,2277,108,5   1439,389,25,3852,5446,902,4   594,417,9,6381,7007,325,4   341,609,23,4754,6352,830,3   775,660,11,3872,4342,397,2   352,634,22,4397,6125,794,3   357,638,10,1268,1958,361,3   1159,427,3,5935,6163,108,2   281,607,27,4876,7068,974,5   1068,421,25,4989,6635,902,3   905,634,14,5301,6513,505,2   1419,319,20,3281,4631,722,5   1686,485,28,4168,6450,1010,4   944,857,27,3484,5692,974,1   1666,342,10,1904,2616,361,5   1434,829,9,1717,2289,325,1   1057,640,13,1692,2744,469,4   364,687,25,3234,5110,902,2   409,496,20,4752,6108,722,1   1720,468,29,935,2647,1046,3   1379,702,24,2168,3686,866,2   1772,212,16,1954,2918,577,5   1585,896,7,6307,6719,253,2
!----------------------------------------------------------------
!Recharge stations: x,y
300,0   202,728   890,151   513,786   1784,582   448,468   986,218   351,644   341,622   717,273   826,244   365,552   746,715   636,773   1015,235   1683,331   143,585   1643,462   660,516   260,418   461,471   450,654   1756,444   260,623   1744,579

g inverse recharge rate 0.62
