!----------------------------------------------------------------
!Stores: (first: depot x,y; then: satellites x,y,maxCap)
300,0   341,811,1000   468,469,1000   1903,681,1000   1739,317,1000
!----------------------------------------------------------------
!Trucks: (total#, cap, cost/dist, fixcost)
6,250,1,150
!----------------------------------------------------------------
!CityFreighters: (max cf/sat, total#, cap, cost/dist, fixcost, maxCharge, energyConsumption)
10,10,125,1,80,1300,1
!----------------------------------------------------------------
!Customers: (x, y, demand, readyTime, dueDate, serviceTime, penalizationCost)
1457,621,29,3497,6197,1354,5   1369,514,15,1676,3084,701,1   450,294,18,1492,3110,841,1   1201,625,4,6762,7046,187,5   303,393,10,1361,2729,467,2   626,373,9,3631,4299,420,2   986,751,21,5272,7532,981,2   1687,572,6,3434,4066,280,1   807,535,17,2729,4509,794,4   957,602,7,2267,2823,327,3   1341,466,14,5022,6130,654,3   868,335,19,5597,8193,887,2   1477,427,3,2985,3313,140,5   1710,513,7,6716,7436,327,2   297,516,18,1659,3299,841,5   1566,595,15,5685,6939,701,4   982,373,19,5352,7038,887,1   602,560,12,913,2621,560,5   1018,575,17,3804,4634,794,2   681,511,19,6198,7632,887,4   390,389,12,5844,6992,560,4   1717,407,3,5445,5791,140,2   812,728,4,5195,5645,187,2   1482,411,11,5162,6256,514,2   1121,230,9,715,1903,420,3   724,609,5,5280,5748,234,5   732,543,7,4457,5167,327,1   1701,427,5,4833,5333,234,2   1429,411,26,5605,8137,1214,2   1580,334,6,6642,7050,280,2   1542,363,4,3262,3670,187,5   446,356,26,5354,8134,1214,4   1325,511,28,1988,4080,1308,1   1040,543,14,4076,5854,654,5   839,762,10,3382,4636,467,4   826,427,25,1777,4999,1168,3   1622,535,18,5633,6817,841,5   1205,493,22,756,2670,1027,3   1756,487,13,6483,7969,607,2   1757,458,13,1792,2972,607,1   1205,634,26,3296,5688,1214,3   968,82,17,2385,3397,794,3   552,907,29,3198,6320,1354,1   933,725,11,6690,8186,514,4   1702,535,16,396,1630,747,5   1374,356,9,1555,2669,420,3   1225,149,10,2803,3627,467,3   1029,837,20,3886,5790,934,2   894,84,23,3668,6364,1074,4   210,630,15,1592,3120,701,3
!----------------------------------------------------------------
!Recharge stations: x,y
300,0   341,811   468,469   1903,681   1739,317   848,592   1099,507   911,413   213,615   548,783   383,254   565,713   1717,496   1501,750   472,394   835,532   1065,724   1063,755   378,567   1418,245   1695,575   395,552   357,294   1675,329   1330,785

g inverse recharge rate 0.57
