!----------------------------------------------------------------
!Stores: (first: depot x,y; then: satellites x,y,maxCap)
300,0   1258,707,1000   742,378,1000   174,458,1000   1537,247,1000
!----------------------------------------------------------------
!Trucks: (total#, cap, cost/dist, fixcost)
6,250,1,150
!----------------------------------------------------------------
!CityFreighters: (max cf/sat, total#, cap, cost/dist, fixcost, maxCharge, energyConsumption)
10,10,125,1,80,1100,1
!----------------------------------------------------------------
!Customers: (x, y, demand, readyTime, dueDate, serviceTime, penalizationCost)
1078,257,15,1045,2275,480,2   918,628,27,4659,6195,865,4   381,345,29,942,2856,929,5   816,329,22,399,1887,705,4   799,696,8,3190,3626,256,3   423,464,10,840,1726,320,5   1346,338,25,270,2242,801,2   844,755,4,4466,4698,128,4   1010,342,6,3718,4124,192,2   825,749,29,3099,5007,929,3   873,553,22,2317,3565,705,5   1364,513,29,3261,5575,929,3   582,247,10,3933,4609,320,2   202,518,18,2873,3955,576,1   919,267,22,4077,5729,705,2   1686,510,4,6112,6320,128,2   1105,394,23,3469,4743,737,5   569,729,20,3356,4520,641,5   660,568,20,3333,5031,641,4   1089,463,7,3323,3721,224,1   489,348,24,1652,3196,769,3   644,327,9,2971,3389,288,2   517,331,4,6217,6447,128,4   420,358,16,3320,4248,512,1   1669,384,22,1505,2989,705,4   394,671,10,1484,2068,320,3   1266,371,26,1863,3433,833,3   1260,399,28,2385,4109,897,4   1148,529,24,1769,2765,769,5   1161,311,13,5177,6319,416,3   1216,736,4,2821,3083,128,1   1065,715,5,4903,5207,160,2   1540,609,23,2312,3710,737,1   543,522,6,1459,1759,192,4   567,444,13,4191,4791,416,5   904,516,22,2939,3887,705,3   1716,406,6,3279,3697,192,2   460,677,18,635,1943,576,4   1277,456,22,2884,4494,705,3   921,466,12,4619,5231,384,1   1801,385,27,3588,4756,865,1   197,438,21,2055,3615,673,2   1520,513,12,1116,1938,384,5   866,783,25,853,2455,801,1   939,892,22,1675,2965,705,2   1033,424,29,0,2029,929,4   535,761,10,454,1134,320,1   1986,442,10,5041,5691,320,4   664,627,3,4619,4739,96,2   1583,153,25,1278,2910,801,5
!----------------------------------------------------------------
!Recharge stations: x,y
300,0   1258,707   742,378   174,458   1537,247   934,581   1805,572   524,736   1767,528   1779,612   1046,238   1769,517   1339,698   824,700   762,402   1424,448   996,706   1842,529   555,586   1101,584   787,361   1107,409   1572,359   889,355   1722,382

g inverse recharge rate 0.54
