!----------------------------------------------------------------
!Stores: (first: depot x,y; then: satellites x,y,maxCap)
300,0   737,750,1000   1403,735,1000   1207,746,1000   214,536,1000
!----------------------------------------------------------------
!Trucks: (total#, cap, cost/dist, fixcost)
6,250,1,150
!----------------------------------------------------------------
!CityFreighters: (max cf/sat, total#, cap, cost/dist, fixcost, maxCharge, energyConsumption)
10,10,125,1,80,1000,1
!----------------------------------------------------------------
!Customers: (x, y, demand, readyTime, dueDate, serviceTime, penalizationCost)
381,672,25,396,2450,848,1   235,448,15,2039,3237,509,4   1527,689,11,4098,5002,373,5   991,692,10,5707,6223,339,1   1381,463,24,1351,3149,815,4   1331,325,10,282,1144,339,5   280,463,3,5331,5517,102,3   1649,482,20,145,1907,679,4   1251,279,18,3085,4243,611,5   772,424,19,5183,6483,645,4   601,399,5,3469,3867,170,1   826,529,15,2461,3507,509,5   530,700,4,3676,3916,136,4   1347,369,20,3526,5376,679,3   358,653,26,2133,3955,882,3   1456,310,20,1725,3619,679,1   432,545,11,2831,3495,373,3   308,637,10,2632,3420,339,2   715,262,27,2888,4508,916,2   870,441,5,3115,3547,170,2   1624,425,17,3459,4645,577,3   253,551,5,1785,2223,170,2   630,527,19,4219,5809,645,1   1106,459,12,5245,6307,407,2   968,772,26,0,1736,882,1   993,689,13,2963,3533,441,4   242,444,28,417,2563,950,3   1479,590,20,3990,5484,679,1   1436,406,20,1022,2556,679,2   516,737,26,4858,6546,882,5   1581,667,26,1610,2900,882,1   1019,358,16,4574,5824,543,2   1616,672,13,3460,4612,441,4   557,378,18,4841,6355,611,5   1394,537,22,248,1320,747,1   1601,345,21,199,2051,713,5   769,350,14,4695,5959,475,3   1790,485,17,1122,2206,577,3   814,743,26,3478,4644,882,3   399,364,29,2600,4764,984,5   835,490,8,4558,5290,272,1   533,911,20,4727,5859,679,3   630,548,10,414,1318,339,1   1296,446,14,5438,6362,475,1   1428,556,6,3154,3534,204,1   278,269,6,2506,2978,204,3   646,530,3,1796,2014,102,1   1658,532,14,3523,4627,475,1   470,622,19,2781,3949,645,1   1838,751,9,1696,2356,305,1
!----------------------------------------------------------------
!Recharge stations: x,y
300,0   737,750   1403,735   1207,746   214,536   1130,505   1578,314   1186,382   970,162   665,917   1713,789   37,542   1171,701   275,335   1325,207   585,786   855,801   517,331   1820,216   1356,325   756,278   383,615   1193,217   485,339   559,431

g inverse recharge rate 0.6
