!----------------------------------------------------------------
!Stores: (first: depot x,y; then: satellites x,y,maxCap)
300,0   1104,923,1000   265,570,1000   1281,290,1000   997,241,1000
!----------------------------------------------------------------
!Trucks: (total#, cap, cost/dist, fixcost)
6,250,1,150
!----------------------------------------------------------------
!CityFreighters: (max cf/sat, total#, cap, cost/dist, fixcost, maxCharge, energyConsumption)
10,10,125,1,80,900,1
!----------------------------------------------------------------
!Customers: (x, y, demand, readyTime, dueDate, serviceTime, penalizationCost)
1080,593,8,1984,2678,272,4   1753,528,17,3973,5207,578,5   445,400,22,215,1485,748,4   812,373,17,424,996,578,3   1472,533,8,5175,5739,272,4   533,449,11,233,1021,374,2   1500,396,28,3513,5229,951,2   783,520,8,4664,5138,272,2   447,670,25,0,1541,849,5   1673,643,11,3124,3850,374,2   295,397,24,2250,3346,815,4   674,443,18,3664,5194,612,1   293,545,25,3345,4683,849,1   941,487,4,3609,3847,136,5   1501,317,16,2936,3820,544,1   1263,474,8,1945,2519,272,3   1796,478,13,832,1612,442,4   219,495,6,1987,2361,204,5   352,509,19,2195,3579,646,2   1628,651,7,1739,2119,238,1   1419,708,29,765,2627,985,3   1547,410,3,3297,3537,102,1   688,719,13,5522,6264,442,4   244,550,27,53,2255,917,5   1548,575,8,684,1432,272,4   1494,578,22,3596,5004,748,3   1582,371,13,1696,2818,442,3   1183,560,28,2447,4489,951,3   1142,241,24,1591,2423,815,3   1203,670,19,4635,6069,646,1   1177,440,12,2659,3545,408,5   549,720,22,4909,6389,748,4   1499,389,22,538,1874,748,1   1019,209,10,3141,3959,340,4   1299,607,28,3731,5835,951,2   1198,224,16,1739,3217,544,2   1770,470,19,640,1466,646,1   1127,515,22,305,2127,748,2   603,584,8,1389,1925,272,3   1027,603,15,3498,4168,510,3   1772,355,3,4606,4782,102,2   744,204,11,704,1484,374,4   1723,488,5,1161,1463,170,5   933,674,23,0,1513,781,1   1154,645,17,1295,3035,578,5   1093,727,27,2368,3602,917,5   1683,195,24,718,2152,815,1   220,563,6,1668,2040,204,2   1524,784,22,354,1778,748,3   1407,661,7,2417,2987,238,1
!----------------------------------------------------------------
!Recharge stations: x,y
300,0   1104,923   265,570   1281,290   997,241   1508,355   1486,550   368,875   1766,541   1717,671   1244,246   1438,333   1269,613   1833,520   535,532   1338,766   189,400   1131,503   554,230   374,386   1411,747   282,613   789,370   457,537   1796,516

g inverse recharge rate 0.67
