!----------------------------------------------------------------
!Stores: (first: depot x,y; then: satellites x,y,maxCap)
300,0   54,456,1000   164,276,1000   1745,570,1000   1076,323,1000
!----------------------------------------------------------------
!Trucks: (total#, cap, cost/dist, fixcost)
6,250,1,150
!----------------------------------------------------------------
!CityFreighters: (max cf/sat, total#, cap, cost/dist, fixcost, maxCharge, energyConsumption)
10,10,125,1,80,1600,1
!----------------------------------------------------------------
!Customers: (x, y, demand, readyTime, dueDate, serviceTime, penalizationCost)
1267,379,15,1368,2514,656,2   588,332,25,2881,4633,1093,1   359,385,20,235,1807,875,5   1711,446,21,2493,4273,918,5   1748,553,14,551,1689,612,2   501,610,4,2424,2800,175,2   743,356,4,7651,7923,175,4   1253,700,20,3615,6095,875,1   212,516,11,1965,3067,481,5   817,431,25,0,2350,1093,4   473,323,12,4709,5981,525,5   884,530,20,399,1855,875,1   319,527,29,5245,7421,1268,1   1013,202,12,1656,3156,525,3   666,690,7,5535,6057,306,3   1380,521,10,2288,2896,437,1   1542,585,17,6056,7052,743,2   218,469,18,5260,6752,787,1   1642,509,17,3888,5394,743,5   1370,431,25,487,2349,1093,5   1398,390,15,1935,3715,656,5   1556,315,11,3750,4978,481,2   294,594,4,892,1208,175,1   350,659,5,1458,1840,219,1   446,593,14,5272,6408,612,1   1467,397,23,3599,5761,1006,2   205,524,8,5889,6309,350,5   790,276,27,87,2563,1181,5   364,353,18,4936,6274,787,5   1157,436,21,3276,5094,918,2   254,501,28,1526,5226,1224,3   1672,607,20,5286,6700,875,4   1391,587,26,7,2165,1137,3   1096,593,4,6298,6738,175,5   1335,471,6,1361,1765,262,4   1178,614,23,2433,3729,1006,3   662,563,13,6085,7157,568,5   956,365,21,4906,6286,918,2   1175,619,22,6002,7928,962,5   1492,323,24,751,2907,1049,2   1622,680,5,1150,1552,219,4   254,287,26,4369,6827,1137,5   1860,336,17,1993,3807,743,5   1588,369,10,5375,6413,437,2   1199,247,5,4675,5135,219,5   885,670,11,3615,4507,481,1   108,629,6,6989,7657,262,4   1456,199,9,6020,6698,394,2   599,646,12,1060,2074,525,1   384,157,5,2578,3066,219,2
!----------------------------------------------------------------
!Recharge stations: x,y
300,0   54,456   164,276   1745,570   1076,323   895,312   1052,600   1666,701   1481,567   588,510   226,568   243,479   1265,205   1665,402   160,494   955,546   269,603   1421,693   639,189   1800,542   949,499   336,352   768,838   1590,129   266,356

g inverse recharge rate 0.46
