!----------------------------------------------------------------
!Stores: (first: depot x,y; then: satellites x,y,maxCap)
300,0   941,202,1000   764,856,1000   989,385,1000   706,294,1000
!----------------------------------------------------------------
!Trucks: (total#, cap, cost/dist, fixcost)
6,250,1,150
!----------------------------------------------------------------
!CityFreighters: (max cf/sat, total#, cap, cost/dist, fixcost, maxCharge, energyConsumption)
10,10,125,1,80,800,1
!----------------------------------------------------------------
!Customers: (x, y, demand, readyTime, dueDate, serviceTime, penalizationCost)
395,389,21,1608,2508,568,2   1351,406,17,2238,3078,459,2   811,620,26,0,1191,703,1   1558,318,7,2529,2857,189,3   1093,597,25,2584,4172,676,5   1670,525,9,4540,4808,243,4   1364,741,27,1852,3170,730,1   1108,353,6,4709,5017,162,2   811,277,23,0,1074,622,1   570,613,13,1696,2290,351,3   695,289,23,958,2344,622,5   617,241,8,195,723,216,1   1471,373,12,3432,4426,324,5   846,746,4,5228,5454,108,2   486,281,19,4022,5050,513,4   1423,306,24,1942,3448,649,4   1317,658,22,3397,4837,595,4   1613,640,25,523,1659,676,1   1043,609,14,1580,2100,378,3   482,401,15,4300,5340,405,5   1375,313,14,2370,2770,378,2   1698,587,27,1524,2914,730,3   1425,250,7,4449,4817,189,2   1435,294,7,4480,4808,189,2   910,429,16,2950,4202,432,3   726,695,9,2468,2840,243,2   467,338,3,702,818,81,4   277,487,18,761,1827,486,2   1079,513,15,1145,1871,405,4   341,514,12,2443,2883,324,4   875,338,16,0,780,432,1   331,498,15,3193,3615,405,3   314,395,15,4085,4811,405,2   616,561,23,1410,2498,622,5   907,722,27,2308,3714,730,2   855,247,21,2779,4061,568,4   1116,540,27,3044,4758,730,1   1531,429,10,3855,4515,270,3   582,522,10,3249,3617,270,5   628,409,11,2202,2666,297,5   1717,715,8,3029,3577,216,1   336,142,27,2310,3450,730,3   1495,602,12,4040,4506,324,1   1059,62,13,647,1625,351,2   1114,692,21,21,1255,568,3   673,414,26,3069,4577,703,3   527,885,11,448,1266,297,3   1841,629,20,3016,3746,540,4   1315,472,23,3913,4467,622,3   465,222,19,2640,3410,513,2
!----------------------------------------------------------------
!Recharge stations: x,y
300,0   941,202   764,856   989,385   706,294   1527,333   1472,253   261,554   532,279   384,280   947,742   1506,457   263,387   511,644   238,352   662,615   188,567   1827,519   1644,482   905,333   725,649   566,473   1323,721   725,650   116,684

g inverse recharge rate 0.62
