!----------------------------------------------------------------
!Stores: (first: depot x,y; then: satellites x,y,maxCap)
300,0   1680,198,1000   1105,702,1000   1469,679,1000   967,345,1000
!----------------------------------------------------------------
!Trucks: (total#, cap, cost/dist, fixcost)
6,250,1,150
!----------------------------------------------------------------
!CityFreighters: (max cf/sat, total#, cap, cost/dist, fixcost, maxCharge, energyConsumption)
10,10,125,1,80,1000,1
!----------------------------------------------------------------
!Customers: (x, y, demand, readyTime, dueDate, serviceTime, penalizationCost)
802,540,20,2082,3408,591,4   1641,343,5,4559,4911,148,3   1184,667,26,4320,5192,769,2   942,312,28,757,2665,828,1   1136,426,11,1216,1660,325,3   1212,394,11,1345,1995,325,3   962,605,16,2792,3592,473,3   463,582,13,4111,4761,384,3   491,462,25,346,2184,739,2   675,621,26,3080,4018,769,4   1505,436,12,1041,1931,355,3   1719,382,10,468,1108,296,2   378,359,25,722,2270,739,5   843,452,14,4604,5282,414,1   625,721,19,2428,3236,562,5   1634,400,25,3107,4299,739,5   1057,607,29,4173,6163,857,3   768,507,10,960,1626,296,3   1543,611,14,3962,4854,414,5   685,382,10,4562,5124,296,4   1027,322,17,2569,4023,503,1   816,578,7,5085,5491,207,5   727,698,8,5530,6076,237,3   1301,421,18,1640,2594,532,5   358,485,13,3029,3707,384,3   1767,538,18,4176,5644,532,1   310,555,15,1541,2391,443,1   693,574,18,4872,5556,532,3   878,305,18,3787,4761,532,5   976,524,23,2118,3634,680,4   920,554,13,344,1236,384,4   1291,546,23,2533,3717,680,4   799,506,10,2996,3684,296,4   890,602,24,1047,2085,710,2   1746,558,19,2066,3232,562,3   1331,642,25,1806,3540,739,4   1567,456,27,600,2206,798,5   1295,261,18,2556,3364,532,5   1304,310,5,4858,5166,148,4   681,714,14,507,1059,414,1   809,607,16,2885,3683,473,5   725,388,8,3257,3641,237,3   103,632,4,3534,3830,118,5   1090,56,29,776,2348,857,2   1906,663,25,2483,3677,739,2   408,559,23,3717,5093,680,1   387,541,25,4256,5506,739,1   138,358,12,909,1485,355,2   1414,489,25,208,1984,739,2   1645,614,3,3699,3943,89,2
!----------------------------------------------------------------
!Recharge stations: x,y
300,0   1680,198   1105,702   1469,679   967,345   326,462   761,296   1152,234   351,436   675,802   1276,477   613,572   1479,418   544,246   1956,463   1135,317   504,633   604,809   1822,438   1035,378   916,153   270,616   1055,810   195,555   944,722

g inverse recharge rate 0.56
