!----------------------------------------------------------------
!Stores: (first: depot x,y; then: satellites x,y,maxCap)
300,0   19,412,1000   1569,459,1000   942,291,1000   915,886,1000
!----------------------------------------------------------------
!Trucks: (total#, cap, cost/dist, fixcost)
6,250,1,150
!----------------------------------------------------------------
!CityFreighters: (max cf/sat, total#, cap, cost/dist, fixcost, maxCharge, energyConsumption)
10,10,125,1,80,800,1
!----------------------------------------------------------------
!Customers: (x, y, demand, readyTime, dueDate, serviceTime, penalizationCost)
351,600,3,3081,3221,99,4   1478,561,13,3506,4458,429,5   343,526,13,5504,6268,429,2   1430,715,15,3870,5016,495,1   1180,363,24,400,1914,793,3   1694,455,24,3835,5239,793,5   729,716,24,2353,3977,793,3   1431,751,7,2329,2913,231,2   1121,679,13,5052,5614,429,2   1730,487,7,1092,1498,231,5   1011,611,13,6063,6891,429,2   936,759,3,2958,3136,99,4   566,574,25,4035,6059,826,2   1375,345,29,1910,4310,958,5   1404,295,8,3024,3408,264,1   1157,552,18,2504,3922,594,1   1088,740,15,2578,3708,495,1   1156,345,28,4969,6297,925,2   297,560,11,5779,6513,363,4   335,368,23,850,2024,760,4   455,416,20,1848,3104,661,1   1569,399,25,3529,4891,826,3   1106,454,25,4335,6205,826,1   1026,309,25,3414,5272,826,3   1712,607,26,979,2403,859,4   1667,468,18,5292,6048,594,1   1326,541,21,1034,2198,694,1   446,474,16,2177,3351,528,1   1027,276,15,595,1977,495,4   601,343,28,590,2106,925,1   1234,725,12,1783,2663,396,5   577,344,24,4565,6505,793,3   997,505,28,4326,5868,925,4   689,655,11,5465,6119,363,4   820,475,7,1660,2122,231,4   1386,363,12,1538,2138,396,2   1374,619,28,2920,5230,925,2   634,766,17,2809,4395,561,4   1069,762,11,744,1266,363,3   1463,514,9,3534,4406,297,2   380,752,20,1786,3002,661,5   267,433,22,4524,5832,727,1   697,595,6,2838,3184,198,3   367,732,27,5349,6773,892,3   757,20,16,2815,3891,528,5   289,398,16,1222,2770,528,3   1696,780,24,4091,5655,793,3   1568,507,9,2734,3518,297,4   728,52,28,189,1315,925,1   708,701,21,1495,2995,694,1
!----------------------------------------------------------------
!Recharge stations: x,y
300,0   19,412   1569,459   942,291   915,886   472,502   1451,479   700,699   1437,418   1166,164   1531,323   568,226   1411,440   1451,451   320,860   1059,540   864,669   1521,408   1604,357   1541,246   1630,431   1036,722   761,47   868,333   249,687

g inverse recharge rate 0.81
