!----------------------------------------------------------------
!Stores: (first: depot x,y; then: satellites x,y,maxCap)
300,0   674,747,1000   1212,82,1000   1820,396,1000   146,610,1000
!----------------------------------------------------------------
!Trucks: (total#, cap, cost/dist, fixcost)
6,250,1,150
!----------------------------------------------------------------
!CityFreighters: (max cf/sat, total#, cap, cost/dist, fixcost, maxCharge, energyConsumption)
10,10,125,1,80,1100,1
!----------------------------------------------------------------
!Customers: (x, y, demand, readyTime, dueDate, serviceTime, penalizationCost)
780,646,22,3223,4509,802,5   711,230,24,4737,6043,874,3   573,491,16,2695,3829,583,1   466,713,9,6804,7698,328,2   580,515,15,5902,6762,547,3   785,684,29,1608,3206,1057,5   1798,482,16,3283,3999,583,5   1254,401,11,4673,5473,401,1   1267,503,24,37,1391,874,4   1692,387,19,1657,3211,692,2   1346,517,24,6145,7483,874,1   1640,434,7,6707,7165,255,1   952,712,29,5050,6672,1057,5   300,610,19,5121,6893,692,1   735,309,5,1660,1982,182,5   1201,417,19,576,2524,692,1   912,561,22,4033,5447,802,3   682,725,16,5723,6853,583,5   556,373,21,6330,7620,765,3   437,502,15,5114,6210,547,1   1244,258,8,963,1601,291,4   346,373,24,1803,4187,874,2   1686,512,24,55,1887,874,4   1612,372,12,4503,5175,437,2   1369,252,28,5111,7771,1020,3   869,647,3,6376,6636,109,4   1517,668,12,2412,3124,437,4   875,666,6,7396,7818,219,4   421,332,19,3055,4651,692,2   1487,492,10,6773,7651,364,1   734,421,8,1878,2400,291,2   555,624,25,5196,6626,911,4   1791,481,20,5572,6840,729,4   1089,427,3,3505,3741,109,3   1529,435,24,4103,5287,874,1   320,416,21,3066,4456,765,3   1670,625,8,825,1411,291,2   512,609,22,2782,4328,802,1   1644,378,28,2640,4552,1020,1   1538,497,23,1185,2873,838,5   1697,615,20,2432,3826,729,5   106,330,22,4650,6576,802,2   1565,227,18,2803,3941,656,3   607,835,17,1094,1592,619,3   1837,538,13,1908,2922,474,3   1511,654,22,4564,5656,802,4   988,57,7,695,1291,255,3   1437,655,29,797,3657,1057,5   833,230,18,2079,3421,656,5   741,20,25,6002,7498,911,5
!----------------------------------------------------------------
!Recharge stations: x,y
300,0   674,747   1212,82   1820,396   146,610   594,208   900,186   1024,417   1145,426   1792,477   576,776   239,630   1713,323   1471,501   1667,668   355,687   236,202   588,459   1324,526   153,521   239,502   1273,594   965,466   350,401   1270,734

g inverse recharge rate 0.65
