!----------------------------------------------------------------
!Stores: (first: depot x,y; then: satellites x,y,maxCap)
300,0   1659,775,1000   808,901,1000   1591,509,1000   392,464,1000
!----------------------------------------------------------------
!Trucks: (total#, cap, cost/dist, fixcost)
6,250,1,150
!----------------------------------------------------------------
!CityFreighters: (max cf/sat, total#, cap, cost/dist, fixcost, maxCharge, energyConsumption)
10,10,125,1,80,1700,1
!----------------------------------------------------------------
!Customers: (x, y, demand, readyTime, dueDate, serviceTime, penalizationCost)
792,282,11,3387,4185,383,4   1380,598,3,3027,3211,104,4   618,441,29,1171,2835,1009,1   1553,584,13,3959,5149,452,2   998,533,4,4152,4318,139,3   1244,774,6,6017,6253,209,3   884,770,19,5637,7407,661,2   1080,404,6,5918,6286,209,1   481,409,16,2444,3498,557,3   664,358,29,3557,5543,1009,4   1498,576,26,710,2220,905,5   1652,651,22,2848,4626,765,1   622,687,23,2640,4452,800,5   900,495,19,1085,1837,661,4   719,221,10,5426,6144,348,4   579,264,11,2874,3564,383,2   1361,307,10,2137,3029,348,2   365,366,21,4841,6251,731,5   1258,562,20,1927,3373,696,3   1600,540,13,408,1586,452,5   560,562,15,1310,2380,522,1   382,682,14,4405,5585,487,3   1757,481,28,227,2705,974,4   1129,555,13,6371,6921,452,3   1358,384,14,2623,3627,487,4   1222,388,22,207,1759,765,1   447,529,25,660,2832,870,2   986,327,10,2281,3023,348,4   1488,332,16,1334,2064,557,2   303,614,7,3041,3383,244,4   322,547,6,6506,6868,209,5   1167,396,19,3253,4297,661,4   1210,425,22,4200,5754,765,4   1031,395,23,587,1995,800,4   829,439,14,2922,4282,487,3   1062,223,29,3528,5180,1009,4   1714,373,20,3869,5339,696,1   1083,289,6,1639,2187,209,4   675,307,9,2074,2650,313,4   985,532,12,4248,5312,418,3   1507,186,27,4484,6124,939,2   1645,498,21,4988,6610,731,4   560,830,29,0,1857,1009,1   46,552,28,4252,7088,974,2   98,507,12,4935,6095,418,3   1372,399,23,0,1582,800,1   202,283,18,5007,6403,626,4   1186,634,22,2895,4193,765,1   764,580,6,4557,5005,209,5   1628,760,25,450,1920,870,4
!----------------------------------------------------------------
!Recharge stations: x,y
300,0   1659,775   808,901   1591,509   392,464   1757,423   1107,6   1049,303   1705,574   1363,190   1397,760   456,754   119,636   897,432   1297,408   289,574   617,747   1580,499   1489,401   328,706   1562,584   1735,269   1433,279   1597,283   189,504

g inverse recharge rate 0.38
