!----------------------------------------------------------------
!Stores: (first: depot x,y; then: satellites x,y,maxCap)
300,0   14,516,1000   900,857,1000   226,729,1000   1523,387,1000
!----------------------------------------------------------------
!Trucks: (total#, cap, cost/dist, fixcost)
6,250,1,150
!----------------------------------------------------------------
!CityFreighters: (max cf/sat, total#, cap, cost/dist, fixcost, maxCharge, energyConsumption)
10,10,125,1,80,1500,1
!----------------------------------------------------------------
!Customers: (x, y, demand, readyTime, dueDate, serviceTime, penalizationCost)
1319,462,5,6233,6671,231,3   1081,616,7,442,1086,324,5   450,560,7,428,968,324,4   744,686,25,4653,6583,1156,2   227,439,18,2585,4421,833,4   1544,529,20,1024,2808,925,3   1075,473,18,4356,6128,833,3   1297,233,19,327,2435,879,5   904,687,29,5806,8244,1341,3   643,611,27,5479,7363,1249,4   1565,665,29,43,2719,1341,2   1065,333,29,1743,4771,1341,2   1500,324,11,1624,2668,509,4   1432,354,22,3214,4758,1018,2   853,713,19,5888,7408,879,2   302,509,13,996,2066,601,2   1286,463,28,2475,4205,1295,4   981,764,6,7276,7894,278,2   211,508,22,4167,5921,1018,1   1151,357,4,1775,2275,185,1   780,320,5,1285,1761,231,5   1193,762,21,4094,5676,971,5   1067,379,8,1354,1924,370,3   282,420,18,3242,5902,833,1   469,601,3,4985,5229,139,4   1506,342,19,4176,6070,879,5   1686,616,7,6331,6819,324,3   1629,594,7,5275,5867,324,4   1703,469,9,2531,3561,416,5   1456,503,7,4106,4658,324,2   1129,307,8,3116,4028,370,2   1160,338,15,2825,4081,694,2   361,615,15,3287,4215,694,3   1119,208,16,5976,7654,740,4   412,308,11,425,1343,509,4   1528,661,5,2697,3297,231,3   1697,511,18,3458,5520,833,1   1184,516,3,1225,1555,139,1   1284,408,22,4051,5867,1018,2   1645,510,27,4991,7707,1249,3   1502,365,9,4920,5826,416,5   200,285,12,1442,2446,555,4   1168,618,5,5151,5509,231,1   1228,143,27,4791,7809,1249,2   887,54,19,2240,4066,879,4   934,389,18,3356,5018,833,5   118,716,4,2155,2503,185,2   1557,122,26,86,2516,1203,2   1865,539,5,6932,7476,231,4   0,500,7,6294,6700,324,2
!----------------------------------------------------------------
!Recharge stations: x,y
300,0   14,516   900,857   226,729   1523,387   1473,232   516,325   1556,602   321,460   1133,641   162,451   212,453   1307,759   289,677   766,685   600,305   832,269   336,217   247,557   405,277   1381,107   1851,680   1374,251   806,514   199,418

g inverse recharge rate 0.5
