!----------------------------------------------------------------
!Stores: (first: depot x,y; then: satellites x,y,maxCap)
300,0   202,728,1000   890,151,1000   513,786,1000   1784,582,1000
!----------------------------------------------------------------
!Trucks: (total#, cap, cost/dist, fixcost)
6,250,1,150
!----------------------------------------------------------------
!CityFreighters: (max cf/sat, total#, cap, cost/dist, fixcost, maxCharge, energyConsumption)
10,10,125,1,80,800,1
!----------------------------------------------------------------
!Customers: (x, y, demand, readyTime, dueDate, serviceTime, penalizationCost)
1750,415,9,6129,6855,325,3   841,486,16,5355,6463,577,5   899,411,18,4525,5743,650,3   388,556,12,4562,5202,433,3   393,583,29,2276,4290,1046,5   839,230,24,4048,5738,866,5   643,498,20,0,1426,722,2   337,493,29,2396,4912,1046,4   999,763,12,4594,5516,433,5   1500,311,15,5314,6038,541,2   963,247,4,5931,6213,144,1   798,280,29,1254,3704,1046,1   577,520,6,1765,2245,217,2   1797,503,9,2380,3004,325,3   677,431,16,5334,6566,577,5   824,704,7,2270,2690,253,3   459,457,24,5526,7584,866,4   1114,683,29,5142,7078,1046,4   619,594,18,2424,3856,650,4   1160,259,7,504,1000,253,5   1047,255,26,101,1937,938,2   343,365,6,6625,7045,217,4   441,433,9,2208,2866,325,5   473,433,12,5385,6411,433,1   407,687,26,1768,3418,938,4   790,432,16,5685,6637,577,3   1297,414,19,5119,6787,686,3   405,375,3,6402,6644,108,5   1439,389,25,4252,6078,902,5   594,417,9,4311,5039,325,2   341,609,23,945,2635,830,3   775,660,11,1376,2122,397,4   352,634,22,263,1499,794,4   357,638,10,4032,4800,361,4   1159,427,3,6551,6695,108,4   281,607,27,3771,6361,974,5   1068,421,25,930,2600,902,4   905,634,14,4464,5792,505,1   1419,319,20,2070,3374,722,4   1686,485,28,1853,3785,1010,3   944,857,27,164,2154,974,4   1666,342,10,2648,3334,361,4   1434,829,9,4728,5142,325,1   1057,640,13,4948,5948,469,2   364,687,25,1146,2896,902,2   409,496,20,3812,5432,722,3   1720,468,29,1018,3302,1046,5   1379,702,24,716,2758,866,2   1772,212,16,4605,5599,577,3   1585,896,7,3780,4292,253,3
!----------------------------------------------------------------
!Recharge stations: x,y
300,0   202,728   890,151   513,786   1784,582   448,468   986,218   351,644   341,622   717,273   826,244   365,552   746,715   636,773   1015,235   1683,331   143,585   1643,462   660,516   260,418   461,471   450,654   1756,444   260,623   1744,579

g inverse recharge rate 0.85
