!----------------------------------------------------------------
!Stores: (first: depot x,y; then: satellites x,y,maxCap)
300,0   674,747,1000   1212,82,1000   1820,396,1000   146,610,1000
!----------------------------------------------------------------
!Trucks: (total#, cap, cost/dist, fixcost)
6,250,1,150
!----------------------------------------------------------------
!CityFreighters: (max cf/sat, total#, cap, cost/dist, fixcost, maxCharge, energyConsumption)
10,10,125,1,80,1300,1
!----------------------------------------------------------------
!Customers: (x, y, demand, readyTime, dueDate, serviceTime, penalizationCost)
780,646,22,2401,4043,802,2   711,230,24,6045,7647,874,5   573,491,16,4205,5417,583,4   466,713,9,1701,2591,328,5   580,515,15,1723,2383,547,4   785,684,29,1413,3285,1057,5   1798,482,16,2122,3248,583,4   1254,401,11,4370,4768,401,4   1267,503,24,3365,5381,874,3   1692,387,19,5190,6614,692,2   1346,517,24,1388,3004,874,2   1640,434,7,7153,7633,255,5   952,712,29,954,3258,1057,1   300,610,19,4033,5317,692,3   735,309,5,5110,5542,182,4   1201,417,19,5555,6825,692,2   912,561,22,1368,3024,802,1   682,725,16,4962,5806,583,4   556,373,21,2063,2947,765,4   437,502,15,5118,6248,547,5   1244,258,8,2735,3133,291,2   346,373,24,2792,4890,874,2   1686,512,24,5735,7321,874,2   1612,372,12,4734,5696,437,4   1369,252,28,1859,3853,1020,4   869,647,3,5955,6123,109,4   1517,668,12,6362,6968,437,1   875,666,6,4457,4845,219,3   421,332,19,6047,7389,692,5   1487,492,10,4592,5364,364,3   734,421,8,7002,7536,291,3   555,624,25,5815,7305,911,1   1791,481,20,2546,4170,729,2   1089,427,3,6776,7020,109,1   1529,435,24,427,1467,874,1   320,416,21,2230,4146,765,2   1670,625,8,3818,4266,291,3   512,609,22,4336,5840,802,5   1644,378,28,4760,6668,1020,1   1538,497,23,1803,3085,838,4   1697,615,20,1540,2592,729,2   106,330,22,3497,5431,802,4   1565,227,18,2050,3128,656,2   607,835,17,2568,4010,619,2   1837,538,13,1850,2876,474,1   1511,654,22,2912,3838,802,4   988,57,7,7046,7634,255,5   1437,655,29,914,2700,1057,1   833,230,18,3798,5026,656,5   741,20,25,189,2339,911,2
!----------------------------------------------------------------
!Recharge stations: x,y
300,0   674,747   1212,82   1820,396   146,610   594,208   900,186   1024,417   1145,426   1792,477   576,776   239,630   1713,323   1471,501   1667,668   355,687   236,202   588,459   1324,526   153,521   239,502   1273,594   965,466   350,401   1270,734

g inverse recharge rate 0.55
