!----------------------------------------------------------------
!Stores: (first: depot x,y; then: satellites x,y,maxCap)
300,0   1680,198,1000   1105,702,1000   1469,679,1000   967,345,1000
!----------------------------------------------------------------
!Trucks: (total#, cap, cost/dist, fixcost)
6,250,1,150
!----------------------------------------------------------------
!CityFreighters: (max cf/sat, total#, cap, cost/dist, fixcost, maxCharge, energyConsumption)
10,10,125,1,80,1600,1
!----------------------------------------------------------------
!Customers: (x, y, demand, readyTime, dueDate, serviceTime, penalizationCost)
802,540,20,1273,2521,591,5   1641,343,5,4350,4682,148,1   1184,667,26,4145,5559,769,1   942,312,28,385,1659,828,1   1136,426,11,5336,6140,325,5   1212,394,11,205,1219,325,5   962,605,16,1297,2409,473,5   463,582,13,1310,1912,384,5   491,462,25,801,2335,739,2   675,621,26,2809,4397,769,3   1505,436,12,5358,6270,355,3   1719,382,10,1112,1844,296,4   378,359,25,2317,3935,739,2   843,452,14,1799,2719,414,4   625,721,19,2036,3086,562,4   1634,400,25,4480,6104,739,1   1057,607,29,1816,3840,857,1   768,507,10,1681,2215,296,3   1543,611,14,1870,2580,414,4   685,382,10,4206,4778,296,3   1027,322,17,4302,5316,503,3   816,578,7,2138,2508,207,1   727,698,8,4642,5002,237,3   1301,421,18,2328,3168,532,2   358,485,13,1822,2602,384,5   1767,538,18,2662,3458,532,5   310,555,15,2159,2751,443,2   693,574,18,257,1671,532,1   878,305,18,4419,5341,532,1   976,524,23,894,2336,680,4   920,554,13,2753,3425,384,4   1291,546,23,3457,4541,680,3   799,506,10,2694,3216,296,3   890,602,24,4363,5477,710,1   1746,558,19,1102,2356,562,5   1331,642,25,865,2395,739,5   1567,456,27,4211,6037,798,3   1295,261,18,1348,2550,532,3   1304,310,5,677,927,148,2   681,714,14,4383,5407,414,1   809,607,16,3504,4716,473,2   725,388,8,3213,3625,237,1   103,632,4,4780,4974,118,1   1090,56,29,2179,3927,857,4   1906,663,25,2725,4651,739,4   408,559,23,1137,2393,680,2   387,541,25,1241,2599,739,5   138,358,12,1971,2593,355,2   1414,489,25,4851,6201,739,1   1645,614,3,3568,3740,89,4
!----------------------------------------------------------------
!Recharge stations: x,y
300,0   1680,198   1105,702   1469,679   967,345   326,462   761,296   1152,234   351,436   675,802   1276,477   613,572   1479,418   544,246   1956,463   1135,317   504,633   604,809   1822,438   1035,378   916,153   270,616   1055,810   195,555   944,722

g inverse recharge rate 0.35
