!----------------------------------------------------------------
!Stores: (first: depot x,y; then: satellites x,y,maxCap)
300,0   1314,650,1000   548,85,1000   70,356,1000   844,731,1000
!----------------------------------------------------------------
!Trucks: (total#, cap, cost/dist, fixcost)
6,250,1,150
!----------------------------------------------------------------
!CityFreighters: (max cf/sat, total#, cap, cost/dist, fixcost, maxCharge, energyConsumption)
10,10,125,1,80,800,1
!----------------------------------------------------------------
!Customers: (x, y, demand, readyTime, dueDate, serviceTime, penalizationCost)
1140,489,22,4421,6085,844,5   1210,344,10,795,1523,384,5   283,552,7,2041,2583,269,1   1743,579,11,4217,5499,422,5   660,253,15,3510,4866,575,1   808,679,4,4108,4362,153,5   288,610,3,5712,5914,115,3   1320,570,10,4043,4463,384,1   984,331,29,869,3119,1112,4   1198,680,17,1229,2499,652,4   1390,344,18,2547,3849,691,2   1427,604,7,815,1377,269,5   1264,777,19,5272,7028,729,1   1192,450,16,2079,3127,614,2   1350,439,21,3868,5944,806,1   890,676,22,3047,4359,844,1   1265,750,17,5068,6204,652,1   1488,311,23,3906,5962,882,5   1676,533,17,3426,4926,652,4   232,547,26,1520,3196,997,5   1548,424,16,5868,7156,614,2   1087,469,19,500,1924,729,5   577,324,11,3336,3876,422,2   200,500,25,4426,6470,959,2   1621,484,11,2905,3691,422,4   1585,514,27,608,2824,1036,1   457,347,10,4629,5193,384,2   1507,592,12,3666,4550,460,3   316,368,13,2687,3685,499,4   512,602,9,2611,3195,345,2   1445,645,28,825,3087,1074,4   805,561,5,6827,7209,192,3   342,511,23,641,2375,882,3   1639,556,18,3730,5548,691,1   825,343,7,1260,1622,269,5   1751,499,18,5518,6730,691,5   1684,637,18,331,2129,691,3   1472,666,8,629,1265,307,1   1094,424,11,5883,6815,422,5   1701,426,18,4588,5970,691,1   1345,660,19,566,1648,729,5   878,16,28,5112,7650,1074,4   216,792,7,2728,3324,269,1   961,798,21,2559,4585,806,4   1184,801,12,1475,2225,460,3   1274,186,22,1812,3724,844,4   928,905,19,3813,5471,729,3   1061,989,25,2453,4457,959,3   474,471,11,3020,4088,422,1   248,292,11,1553,2307,422,2
!----------------------------------------------------------------
!Recharge stations: x,y
300,0   1314,650   548,85   70,356   844,731   273,357   372,710   1529,261   1270,389   655,302   1674,380   1396,767   244,452   1523,709   426,287   921,702   861,575   1356,580   529,269   122,368   690,624   750,182   364,612   1301,231   417,330

g inverse recharge rate 0.85
