!----------------------------------------------------------------
!Stores: (first: depot x,y; then: satellites x,y,maxCap)
300,0   54,456,1000   164,276,1000   1745,570,1000   1076,323,1000
!----------------------------------------------------------------
!Trucks: (total#, cap, cost/dist, fixcost)
6,250,1,150
!----------------------------------------------------------------
!CityFreighters: (max cf/sat, total#, cap, cost/dist, fixcost, maxCharge, energyConsumption)
10,10,125,1,80,1000,1
!----------------------------------------------------------------
!Customers: (x, y, demand, readyTime, dueDate, serviceTime, penalizationCost)
1267,379,15,170,1786,656,2   588,332,25,4618,6280,1093,3   359,385,20,4559,7011,875,1   1711,446,21,4767,7155,918,2   1748,553,14,1964,3320,612,2   501,610,4,3033,3389,175,3   743,356,4,2956,3322,175,1   1253,700,20,3687,5307,875,4   212,516,11,3248,4546,481,4   817,431,25,2589,5203,1093,5   473,323,12,4080,5086,525,5   884,530,20,6261,7365,875,1   319,527,29,3495,5969,1268,5   1013,202,12,3507,4567,525,1   666,690,7,2822,3294,306,5   1380,521,10,3640,4526,437,4   1542,585,17,3805,4947,743,3   218,469,18,4610,5790,787,4   1642,509,17,969,2103,743,4   1370,431,25,3572,5662,1093,2   1398,390,15,3327,4533,656,2   1556,315,11,3884,4768,481,2   294,594,4,4004,4346,175,1   350,659,5,6274,6640,219,2   446,593,14,223,1211,612,3   1467,397,23,3092,4432,1006,1   205,524,8,5043,5743,350,5   790,276,27,4375,6755,1181,3   364,353,18,1042,3032,787,1   1157,436,21,628,2656,918,2   254,501,28,2603,4523,1224,5   1672,607,20,2356,4534,875,4   1391,587,26,1997,4453,1137,1   1096,593,4,5127,5413,175,3   1335,471,6,5324,5786,262,5   1178,614,23,1457,3215,1006,1   662,563,13,4687,5963,568,1   956,365,21,5800,7946,918,5   1175,619,22,5188,8004,962,3   1492,323,24,32,2528,1049,1   1622,680,5,1496,1932,219,3   254,287,26,3634,6150,1137,1   1860,336,17,1889,3455,743,2   1588,369,10,5799,6691,437,1   1199,247,5,4329,4667,219,2   885,670,11,2301,3183,481,5   108,629,6,6811,7493,262,2   1456,199,9,2843,3405,394,3   599,646,12,6100,7130,525,1   384,157,5,4637,5181,219,2
!----------------------------------------------------------------
!Recharge stations: x,y
300,0   54,456   164,276   1745,570   1076,323   895,312   1052,600   1666,701   1481,567   588,510   226,568   243,479   1265,205   1665,402   160,494   955,546   269,603   1421,693   639,189   1800,542   949,499   336,352   768,838   1590,129   266,356

g inverse recharge rate 0.74
