!----------------------------------------------------------------
!Stores: (first: depot x,y; then: satellites x,y,maxCap)
300,0   1659,775,1000   808,901,1000   1591,509,1000   392,464,1000
!----------------------------------------------------------------
!Trucks: (total#, cap, cost/dist, fixcost)
6,250,1,150
!----------------------------------------------------------------
!CityFreighters: (max cf/sat, total#, cap, cost/dist, fixcost, maxCharge, energyConsumption)
10,10,125,1,80,1000,1
!----------------------------------------------------------------
!Customers: (x, y, demand, readyTime, dueDate, serviceTime, penalizationCost)
792,282,11,2943,3683,383,5   1380,598,3,4687,4847,104,5   618,441,29,809,2969,1009,2   1553,584,13,687,1791,452,1   998,533,4,426,806,139,3   1244,774,6,5578,5936,209,1   884,770,19,3486,4612,661,2   1080,404,6,3303,3657,209,3   481,409,16,1640,2572,557,5   664,358,29,1675,4709,1009,2   1498,576,26,344,2480,905,4   1652,651,22,4373,5635,765,1   622,687,23,5490,7104,800,1   900,495,19,5409,6983,661,2   719,221,10,3601,4369,348,5   579,264,11,4025,4769,383,3   1361,307,10,6052,6884,348,4   365,366,21,2816,4590,731,3   1258,562,20,5959,7151,696,3   1600,540,13,456,1716,452,1   560,562,15,5598,6734,522,3   382,682,14,606,1518,487,5   1757,481,28,4516,6952,974,3   1129,555,13,974,1840,452,4   1358,384,14,3819,4859,487,3   1222,388,22,4690,6814,765,3   447,529,25,0,1812,870,5   986,327,10,5251,5811,348,5   1488,332,16,3978,5208,557,3   303,614,7,4214,4692,244,1   322,547,6,3607,3963,209,2   1167,396,19,4956,6194,661,5   1210,425,22,835,2291,765,5   1031,395,23,451,1131,800,3   829,439,14,3060,4328,487,2   1062,223,29,2454,3150,1009,5   1714,373,20,2303,3505,696,2   1083,289,6,5323,5753,209,1   675,307,9,856,1508,313,1   985,532,12,3238,3774,418,1   1507,186,27,2429,4369,939,3   1645,498,21,4176,5574,731,4   560,830,29,0,2237,1009,3   46,552,28,3262,4630,974,2   98,507,12,958,2006,418,1   1372,399,23,148,1934,800,5   202,283,18,4731,6391,626,5   1186,634,22,474,1572,765,1   764,580,6,2452,2818,209,1   1628,760,25,5167,7133,870,5
!----------------------------------------------------------------
!Recharge stations: x,y
300,0   1659,775   808,901   1591,509   392,464   1757,423   1107,6   1049,303   1705,574   1363,190   1397,760   456,754   119,636   897,432   1297,408   289,574   617,747   1580,499   1489,401   328,706   1562,584   1735,269   1433,279   1597,283   189,504

g inverse recharge rate 0.65
