!----------------------------------------------------------------
!Stores: (first: depot x,y; then: satellites x,y,maxCap)
300,0   674,747,1000   1212,82,1000   1820,396,1000   146,610,1000
!----------------------------------------------------------------
!Trucks: (total#, cap, cost/dist, fixcost)
6,250,1,150
!----------------------------------------------------------------
!CityFreighters: (max cf/sat, total#, cap, cost/dist, fixcost, maxCharge, energyConsumption)
10,10,125,1,80,900,1
!----------------------------------------------------------------
!Customers: (x, y, demand, readyTime, dueDate, serviceTime, penalizationCost)
780,646,22,354,1060,802,3   711,230,24,3287,5041,874,3   573,491,16,3889,4677,583,1   466,713,9,3291,3697,328,3   580,515,15,5366,6226,547,3   785,684,29,552,3014,1057,5   1798,482,16,483,1627,583,1   1254,401,11,2338,3230,401,1   1267,503,24,610,2762,874,2   1692,387,19,5309,6927,692,1   1346,517,24,608,1890,874,1   1640,434,7,4431,5047,255,4   952,712,29,786,3284,1057,2   300,610,19,105,1487,692,2   735,309,5,4336,4628,182,1   1201,417,19,4637,5391,692,1   912,561,22,2320,4078,802,1   682,725,16,5155,6223,583,2   556,373,21,4538,5722,765,4   437,502,15,1770,2780,547,4   1244,258,8,4789,5219,291,2   346,373,24,3162,5110,874,2   1686,512,24,4024,5192,874,3   1612,372,12,4329,5439,437,2   1369,252,28,149,1779,1020,4   869,647,3,582,900,109,5   1517,668,12,3882,4970,437,1   875,666,6,4861,5249,219,1   421,332,19,3243,4253,692,4   1487,492,10,3346,4012,364,1   734,421,8,4755,5363,291,1   555,624,25,4600,6454,911,3   1791,481,20,1724,2978,729,5   1089,427,3,6114,6382,109,5   1529,435,24,3180,5048,874,4   320,416,21,3140,4394,765,2   1670,625,8,7002,7514,291,1   512,609,22,2943,4995,802,4   1644,378,28,1604,3284,1020,1   1538,497,23,223,1753,838,5   1697,615,20,5877,6667,729,1   106,330,22,1536,3212,802,3   1565,227,18,6274,7736,656,3   607,835,17,4283,5849,619,3   1837,538,13,4821,5987,474,2   1511,654,22,1051,2951,802,1   988,57,7,5575,5983,255,5   1437,655,29,2195,4191,1057,4   833,230,18,3364,4650,656,5   741,20,25,2198,4198,911,3
!----------------------------------------------------------------
!Recharge stations: x,y
300,0   674,747   1212,82   1820,396   146,610   594,208   900,186   1024,417   1145,426   1792,477   576,776   239,630   1713,323   1471,501   1667,668   355,687   236,202   588,459   1324,526   153,521   239,502   1273,594   965,466   350,401   1270,734

g inverse recharge rate 0.79
