!----------------------------------------------------------------
!Stores: (first: depot x,y; then: satellites x,y,maxCap)
300,0   941,202,1000   764,856,1000   989,385,1000   706,294,1000
!----------------------------------------------------------------
!Trucks: (total#, cap, cost/dist, fixcost)
6,250,1,150
!----------------------------------------------------------------
!CityFreighters: (max cf/sat, total#, cap, cost/dist, fixcost, maxCharge, energyConsumption)
10,10,125,1,80,900,1
!----------------------------------------------------------------
!Customers: (x, y, demand, readyTime, dueDate, serviceTime, penalizationCost)
395,389,21,3565,4433,568,2   1351,406,17,2178,2750,459,1   811,620,26,3922,5788,703,4   1558,318,7,4187,4529,189,3   1093,597,25,2544,4486,676,2   1670,525,9,1828,2362,243,4   1364,741,27,1620,2876,730,2   1108,353,6,5193,5575,162,5   811,277,23,2827,4149,622,5   570,613,13,2088,2770,351,5   695,289,23,3430,4498,622,2   617,241,8,4123,4575,216,4   1471,373,12,2539,3301,324,2   846,746,4,1622,1866,108,4   486,281,19,1560,3024,513,5   1423,306,24,2987,4495,649,4   1317,658,22,295,1365,595,4   1613,640,25,2113,3409,676,1   1043,609,14,3334,4124,378,1   482,401,15,2710,3554,405,3   1375,313,14,1272,2126,378,1   1698,587,27,2446,4282,730,5   1425,250,7,4146,4534,189,4   1435,294,7,2974,3406,189,5   910,429,16,4468,5222,432,5   726,695,9,600,1066,243,4   467,338,3,3357,3459,81,3   277,487,18,2261,3811,486,5   1079,513,15,4175,4863,405,1   341,514,12,476,1274,324,4   875,338,16,539,1179,432,4   331,498,15,4061,4859,405,4   314,395,15,2432,3132,405,5   616,561,23,1168,2444,622,2   907,722,27,518,2170,730,2   855,247,21,1946,3286,568,3   1116,540,27,3472,4720,730,3   1531,429,10,2227,2807,270,3   582,522,10,1667,2303,270,2   628,409,11,1537,2039,297,4   1717,715,8,1254,1544,216,3   336,142,27,0,1722,730,2   1495,602,12,497,1187,324,4   1059,62,13,3632,4072,351,5   1114,692,21,4225,5121,568,2   673,414,26,2102,3462,703,1   527,885,11,3080,3692,297,4   1841,629,20,1714,3020,540,4   1315,472,23,0,1315,622,2   465,222,19,654,1706,513,2
!----------------------------------------------------------------
!Recharge stations: x,y
300,0   941,202   764,856   989,385   706,294   1527,333   1472,253   261,554   532,279   384,280   947,742   1506,457   263,387   511,644   238,352   662,615   188,567   1827,519   1644,482   905,333   725,649   566,473   1323,721   725,650   116,684

g inverse recharge rate 0.55
