!----------------------------------------------------------------
!Stores: (first: depot x,y; then: satellites x,y,maxCap)
300,0   732,403,1000   1811,773,1000   1333,923,1000   292,524,1000
!----------------------------------------------------------------
!Trucks: (total#, cap, cost/dist, fixcost)
6,250,1,150
!----------------------------------------------------------------
!CityFreighters: (max cf/sat, total#, cap, cost/dist, fixcost, maxCharge, energyConsumption)
10,10,125,1,80,1000,1
!----------------------------------------------------------------
!Customers: (x, y, demand, readyTime, dueDate, serviceTime, penalizationCost)
272,537,9,4495,5135,351,5   717,464,19,4061,5091,741,4   753,610,16,6180,7174,624,3   1518,502,16,1988,3202,624,1   1131,684,12,5015,5749,468,2   276,491,14,1109,2405,546,3   1242,541,20,2652,4360,780,1   1422,645,20,770,2036,780,2   1749,415,25,3452,5654,974,4   841,499,16,3452,5214,624,2   557,543,10,3712,4466,390,3   522,388,24,1893,3757,936,3   1258,718,12,4767,5719,468,4   1072,451,15,1693,2933,585,4   1490,350,18,4058,5154,702,3   1141,314,12,3459,4381,468,4   484,494,10,3431,4209,390,5   428,624,18,2881,4453,702,5   342,653,23,1350,3392,897,3   578,526,22,3982,5702,858,1   1372,269,7,3840,4332,273,2   830,523,4,991,1189,156,3   482,297,5,4649,5003,195,5   1602,373,29,4127,7067,1130,3   1486,588,10,2795,3459,390,2   649,414,25,3768,5536,974,1   1025,382,17,421,1775,663,4   1065,439,14,6210,7182,546,4   660,685,6,4943,5549,234,5   656,350,16,266,1292,624,5   989,787,23,0,1686,897,3   905,667,8,4692,5074,312,5   1641,625,25,5303,6821,974,1   438,562,7,3790,4144,273,3   769,310,22,2372,4030,858,3   1748,516,26,5046,7134,1013,5   487,628,16,947,2055,624,3   572,723,10,2668,3404,390,4   216,479,6,2512,2868,234,2   798,595,22,2711,5197,858,3   1297,866,28,3654,6708,1091,1   1021,106,11,4771,5389,429,1   1523,174,3,3831,4045,117,1   31,431,20,2378,4214,780,5   1776,656,3,2228,2452,117,1   1660,243,24,5000,7026,936,4   1965,617,14,500,1882,546,4   284,442,8,1832,2360,312,3   312,522,25,3060,5462,974,3   467,589,20,4780,6096,780,1
!----------------------------------------------------------------
!Recharge stations: x,y
300,0   732,403   1811,773   1333,923   292,524   532,607   1579,633   1365,729   1029,248   1581,368   930,657   1714,335   1549,605   1569,637   1008,253   1149,587   1442,744   1062,156   706,456   516,322   530,356   365,282   798,423   721,382   1015,299

g inverse recharge rate 0.68
