!----------------------------------------------------------------
!Stores: (first: depot x,y; then: satellites x,y,maxCap)
300,0   1314,650,1000   548,85,1000   70,356,1000   844,731,1000
!----------------------------------------------------------------
!Trucks: (total#, cap, cost/dist, fixcost)
6,250,1,150
!----------------------------------------------------------------
!CityFreighters: (max cf/sat, total#, cap, cost/dist, fixcost, maxCharge, energyConsumption)
10,10,125,1,80,1100,1
!----------------------------------------------------------------
!Customers: (x, y, demand, readyTime, dueDate, serviceTime, penalizationCost)
1140,489,22,2445,4115,844,5   1210,344,10,5416,6312,384,5   283,552,7,3643,4373,269,2   1743,579,11,2083,2945,422,5   660,253,15,3997,5029,575,4   808,679,4,2116,2344,153,4   288,610,3,2904,3194,115,1   1320,570,10,5844,6888,384,5   984,331,29,2576,4904,1112,5   1198,680,17,480,1652,652,1   1390,344,18,5128,6452,691,2   1427,604,7,2574,3154,269,2   1264,777,19,4931,6275,729,3   1192,450,16,2911,4043,614,5   1350,439,21,5167,6733,806,3   890,676,22,2136,3640,844,4   1265,750,17,6147,6805,652,3   1488,311,23,3444,4904,882,3   1676,533,17,2017,3027,652,2   232,547,26,4602,6828,997,4   1548,424,16,3232,4100,614,5   1087,469,19,1175,2769,729,4   577,324,11,2520,3364,422,1   200,500,25,1215,3335,959,1   1621,484,11,641,1549,422,1   1585,514,27,1302,2924,1036,1   457,347,10,5149,5745,384,3   1507,592,12,5021,5833,460,5   316,368,13,1210,2212,499,2   512,602,9,3065,3727,345,4   1445,645,28,1589,3439,1074,1   805,561,5,775,1133,192,3   342,511,23,5086,6876,882,4   1639,556,18,4531,6175,691,4   825,343,7,5169,5879,269,3   1751,499,18,3722,4730,691,4   1684,637,18,5577,6995,691,3   1472,666,8,6546,7132,307,1   1094,424,11,5084,6288,422,4   1701,426,18,3016,4146,691,5   1345,660,19,3533,5011,729,4   878,16,28,4807,6947,1074,2   216,792,7,1905,2207,269,3   961,798,21,1741,2761,806,2   1184,801,12,3615,4583,460,2   1274,186,22,2956,5196,844,5   928,905,19,1598,3070,729,5   1061,989,25,3068,4188,959,3   474,471,11,4579,5663,422,1   248,292,11,3168,4148,422,2
!----------------------------------------------------------------
!Recharge stations: x,y
300,0   1314,650   548,85   70,356   844,731   273,357   372,710   1529,261   1270,389   655,302   1674,380   1396,767   244,452   1523,709   426,287   921,702   861,575   1356,580   529,269   122,368   690,624   750,182   364,612   1301,231   417,330

g inverse recharge rate 0.62
