!----------------------------------------------------------------
!Stores: (first: depot x,y; then: satellites x,y,maxCap)
300,0   1104,923,1000   265,570,1000   1281,290,1000   997,241,1000
!----------------------------------------------------------------
!Trucks: (total#, cap, cost/dist, fixcost)
6,250,1,150
!----------------------------------------------------------------
!CityFreighters: (max cf/sat, total#, cap, cost/dist, fixcost, maxCharge, energyConsumption)
10,10,125,1,80,1400,1
!----------------------------------------------------------------
!Customers: (x, y, demand, readyTime, dueDate, serviceTime, penalizationCost)
1080,593,8,5613,6315,272,2   1753,528,17,1441,2499,578,5   445,400,22,1415,2957,748,3   812,373,17,4900,6022,578,5   1472,533,8,1644,2124,272,3   533,449,11,1128,1856,374,5   1500,396,28,1690,3770,951,3   783,520,8,4660,5132,272,5   447,670,25,2664,4052,849,2   1673,643,11,1750,2538,374,2   295,397,24,226,2432,815,5   674,443,18,119,1071,612,1   293,545,25,4534,6388,849,2   941,487,4,3137,3433,136,1   1501,317,16,3617,4845,544,3   1263,474,8,4942,5518,272,5   1796,478,13,4201,5035,442,5   219,495,6,2683,3201,204,1   352,509,19,3056,4448,646,1   1628,651,7,5227,5593,238,5   1419,708,29,3364,5866,985,5   1547,410,3,2344,2592,102,3   688,719,13,2144,2884,442,1   244,550,27,4257,6081,917,2   1548,575,8,1849,2415,272,2   1494,578,22,4232,5616,748,2   1582,371,13,1673,2489,442,2   1183,560,28,1517,3349,951,1   1142,241,24,2852,4572,815,2   1203,670,19,4717,6227,646,2   1177,440,12,4111,5097,408,2   549,720,22,2727,4057,748,3   1499,389,22,911,2353,748,5   1019,209,10,6033,6679,340,1   1299,607,28,3823,6247,951,3   1198,224,16,1321,2967,544,3   1770,470,19,4725,5825,646,5   1127,515,22,3208,4898,748,1   603,584,8,4056,4514,272,2   1027,603,15,1216,2350,510,5   1772,355,3,5800,6006,102,2   744,204,11,4332,4962,374,4   1723,488,5,5314,5700,170,3   933,674,23,4004,6330,781,5   1154,645,17,3459,4379,578,3   1093,727,27,4359,6121,917,4   1683,195,24,4194,5820,815,1   220,563,6,5992,6246,204,5   1524,784,22,2332,3712,748,3   1407,661,7,1545,2177,238,3
!----------------------------------------------------------------
!Recharge stations: x,y
300,0   1104,923   265,570   1281,290   997,241   1508,355   1486,550   368,875   1766,541   1717,671   1244,246   1438,333   1269,613   1833,520   535,532   1338,766   189,400   1131,503   554,230   374,386   1411,747   282,613   789,370   457,537   1796,516

g inverse recharge rate 0.43
