!------------------------------------------------------------------------
!Trucks: total #, capacity, cost per distance, fixcost 
5,1033,1,0
!------------------------------------------------------------------------
!CityFreighters: max cf/sat, total#, cap, cost/dist, fixcost, maxCharge, energyConsumption
30,30,150,1,0,270,1
!------------------------------------------------------------------------
!Stores: first: depot x, y; then: satellites x,y,handlingCost,maxCap,fixCost 
670,670  90,360,0.0,3098,0  390,460,0.0,3098,0  460,200,0.0,3098,0  420,80,0.0,3098,0  410,30,0.0,3098,0  470,60,0.0,3098,0  330,370,0.0,3098,0  250,240,0.0,3098,0  100,20,0.0,3098,0  120,460,0.0,3098,0
!------------------------------------------------------------------------
!Customers: x,y,demand 
180,40,16  490,450,16  140,40,11  250,170,15  100,10,14  100,280,12  500,120,19  460,490,13  420,160,18  390,500,17  110,230,19  500,120,14  320,120,11  430,500,20  100,80,15  490,370,12  230,80,16  180,280,19  350,420,15  60,390,11  50,120,12  500,480,14  390,360,12  220,30,14  200,140,13  410,470,10  80,360,20  30,230,11  440,240,20  260,40,19  90,200,14  180,410,13  50,340,13  120,130,16  250,30,20  280,30,20  280,220,17  20,100,20  180,10,18  500,170,13  160,170,19  480,80,11  170,470,15  40,120,16  70,210,19  430,430,12  500,160,14  400,110,18  160,370,14  300,160,13  490,70,16  460,60,13  80,30,12  80,20,20  320,280,18  350,390,20  480,310,16  80,60,20  320,390,17  180,450,20  410,20,18  70,360,16  360,60,13  50,400,17  420,230,18  150,160,16  270,490,14  380,280,20  70,320,14  40,260,18  390,110,12  40,50,12  200,130,20  120,290,17  30,210,15  330,230,16  10,190,18  280,170,16  260,220,18  230,90,11  20,500,19  70,80,14  420,10,20  490,440,17  220,350,12  230,490,12  10,220,19  500,410,16  150,210,18  480,270,12  420,270,20  40,380,16  240,240,16  100,360,15  370,260,18  240,380,12  460,270,13  400,500,15  300,110,12  460,140,11  290,400,13  420,10,19  390,120,15  410,130,18  500,160,16  470,150,14  130,190,12  90,220,17  280,210,11  50,50,14  450,50,17  100,380,18  80,140,17  460,140,16  370,40,18  180,390,17  390,270,16  330,270,11  340,50,14  120,240,17  270,80,16  380,240,16  420,360,11  460,450,16  160,160,17  60,500,19  320,220,20  20,60,20  50,250,20  490,370,14  180,330,17  210,90,14  480,290,14  140,350,12  200,30,20  190,180,14  280,120,16  430,450,15  110,430,20  320,160,17  220,170,18  60,110,14  390,170,20  420,300,18  360,220,13  200,190,17  330,250,11  340,20,11  290,270,13  490,480,16  440,350,19  410,260,18  200,410,16  310,370,18  110,310,18  60,330,19  160,310,14  390,440,11  140,90,14  400,370,17  340,220,16  260,230,16  20,350,18  50,360,14  450,70,12  470,30,16  70,60,17  220,200,17  500,130,15  150,210,14  400,180,16  250,330,20  480,200,20  360,170,12  150,390,11  310,430,11  140,410,12  260,300,16  20,440,12  20,190,12  350,50,12  110,500,13  200,470,16  320,110,14  20,440,13  60,330,14  40,480,14  190,430,12  500,460,19  260,140,20  40,280,13  160,30,16  240,490,12  290,310,17  170,110,12  140,440,13  250,80,16  400,40,17  10,180,11  70,470,13  
!------------------------------------------------------------------------
!Recharging stations: x,y
670,670  90,360  390,460  460,200  420,80  410,30  470,60  330,370  250,240  100,20  120,460  270,490  340,130  190,430  100,230  30,240  320,280  260,70  170,300  60,70  