!------------------------------------------------------------------------
!Trucks: total #, capacity, cost per distance, fixcost 
5,1026,1,0
!------------------------------------------------------------------------
!CityFreighters: max cf/sat, total#, cap, cost/dist, fixcost, maxCharge, energyConsumption
63,63,70,1,0,390,1
!------------------------------------------------------------------------
!Stores: first: depot x, y; then: satellites x,y,handlingCost,maxCap,fixCost 
670,670  140,280,0.0,3077,0  290,350,0.0,3077,0  10,280,0.0,3077,0  120,300,0.0,3077,0  430,340,0.0,3077,0  140,260,0.0,3077,0  300,430,0.0,3077,0  70,320,0.0,3077,0  40,280,0.0,3077,0  60,340,0.0,3077,0
!------------------------------------------------------------------------
!Customers: x,y,demand 
70,110,11  180,140,11  240,150,13  50,50,20  40,110,16  20,180,12  110,80,11  120,30,19  210,190,12  140,90,18  250,170,12  250,160,15  110,190,19  120,40,15  210,160,15  120,20,18  230,170,19  200,180,12  180,200,19  200,70,11  80,60,18  50,80,16  90,180,13  200,20,20  120,30,13  220,170,15  120,80,16  30,160,18  120,60,16  240,10,14  160,180,11  40,120,14  130,150,11  160,130,18  90,20,11  20,70,15  170,110,17  160,160,14  60,110,20  70,140,17  10,50,17  170,120,18  80,110,17  120,40,11  190,30,13  70,60,18  130,180,11  70,170,19  80,170,20  80,140,16  70,50,19  210,20,15  210,140,13  70,100,16  250,180,16  140,50,20  210,130,13  220,50,15  60,80,16  190,20,20  110,50,17  140,160,14  70,180,11  250,160,13  150,90,14  140,380,15  120,410,11  200,470,16  140,430,11  130,460,15  60,380,15  40,350,14  60,350,13  200,300,14  140,340,11  180,450,20  220,450,13  90,310,14  60,480,19  80,420,16  230,340,12  80,500,16  150,370,17  130,300,14  200,310,20  20,430,14  30,480,16  140,470,12  210,450,13  50,310,15  70,340,13  200,460,14  150,400,14  170,420,12  110,320,18  20,300,12  230,400,20  10,390,15  10,470,19  140,370,18  140,480,20  30,470,19  140,480,19  30,500,15  90,500,15  40,350,16  30,430,12  140,310,17  50,450,16  200,420,19  160,440,16  40,440,13  110,310,18  140,400,19  190,350,20  70,460,19  30,440,12  50,300,19  10,500,14  20,330,18  190,430,15  60,340,12  80,470,17  70,440,15  120,360,13  120,490,13  50,450,16  70,460,18  100,360,14  30,430,17  350,390,18  260,310,15  470,280,11  320,240,11  450,400,16  420,160,13  500,360,11  340,220,19  480,130,16  320,160,19  370,290,15  490,240,11  270,260,20  500,300,19  490,110,13  340,180,19  320,180,17  260,280,19  330,160,13  430,210,16  420,260,16  470,400,17  340,150,15  480,380,11  380,320,18  440,150,11  310,250,16  440,290,18  490,170,17  480,390,13  340,290,13  330,230,18  340,270,17  360,210,12  290,300,13  330,270,12  280,230,19  450,380,12  290,320,15  400,360,16  350,160,15  440,300,12  270,220,15  470,330,11  300,150,20  360,290,17  280,130,19  370,400,16  310,170,16  320,130,13  320,310,17  320,350,18  330,230,18  300,270,14  490,200,14  400,380,13  380,360,11  330,380,17  350,180,18  430,390,18  440,290,18  480,360,13  440,350,20  420,290,16  300,320,12  360,170,14  410,240,12  280,280,13  270,210,18  500,320,15  
!------------------------------------------------------------------------
!Recharging stations: x,y
670,670  140,280  290,350  10,280  120,300  430,340  140,260  300,430  70,320  40,280  60,340  300,200  520,340  230,340  490,230  400,400  160,380  50,100  110,80  420,20  