!------------------------------------------------------------------------
!Trucks: total #, capacity, cost per distance, fixcost 
5,514,1,0
!------------------------------------------------------------------------
!CityFreighters: max cf/sat, total#, cap, cost/dist, fixcost, maxCharge, energyConsumption
32,32,70,1,0,490,1
!------------------------------------------------------------------------
!Stores: first: depot x, y; then: satellites x,y,handlingCost,maxCap,fixCost 
670,660  130,470,0.0,1540,0  140,20,0.0,1540,0  430,140,0.0,1540,0  230,460,0.0,1540,0  170,330,0.0,1540,0  230,80,0.0,1540,0  130,40,0.0,1540,0  190,270,0.0,1540,0  240,400,0.0,1540,0  270,150,0.0,1540,0
!------------------------------------------------------------------------
!Customers: x,y,demand 
90,50,12  30,170,16  170,140,17  120,210,19  140,40,20  40,100,11  120,110,11  70,140,11  120,190,13  20,110,19  150,200,12  80,130,18  90,150,14  40,120,16  50,210,19  190,30,20  140,100,15  120,40,18  110,110,14  20,120,19  90,150,14  240,100,16  130,210,19  160,160,16  160,10,13  140,100,18  60,170,15  140,100,19  210,130,11  160,40,13  20,380,18  110,470,16  10,440,13  100,360,19  120,470,14  170,360,15  30,400,14  120,380,17  200,330,15  60,320,17  10,470,15  150,420,16  230,360,11  70,400,19  80,340,17  130,380,16  120,420,12  70,440,20  130,300,15  210,440,18  200,470,16  180,300,13  240,400,18  50,370,17  100,360,16  160,360,17  120,370,15  100,490,16  230,490,12  110,380,13  360,110,15  470,220,12  280,250,13  440,240,13  440,240,18  500,340,17  480,160,17  390,110,15  490,290,15  430,290,16  460,400,20  300,250,12  410,280,15  320,310,13  270,240,12  420,180,14  460,190,17  260,240,16  320,230,14  280,300,17  370,370,15  360,220,18  480,380,13  310,220,13  330,270,13  260,270,18  290,190,16  260,230,18  340,210,12  470,120,13  430,170,15  360,390,14  290,180,16  390,120,16  460,140,18  340,240,11  400,140,14  470,210,19  330,270,11  410,330,18  
!------------------------------------------------------------------------
!Recharging stations: x,y
670,660  130,470  140,20  430,140  230,460  170,330  230,80  130,40  190,270  240,400  270,150  