!------------------------------------------------------------------------
!Trucks: total #, capacity, cost per distance, fixcost 
5,521,1,0
!------------------------------------------------------------------------
!CityFreighters: max cf/sat, total#, cap, cost/dist, fixcost, maxCharge, energyConsumption
16,16,150,1,0,370,1
!------------------------------------------------------------------------
!Stores: first: depot x, y; then: satellites x,y,handlingCost,maxCap,fixCost 
670,660  130,110,0.0,1562,0  370,190,0.0,1562,0  10,240,0.0,1562,0  200,20,0.0,1562,0  190,390,0.0,1562,0
!------------------------------------------------------------------------
!Customers: x,y,demand 
100,40,15  10,30,16  40,180,17  170,90,16  30,100,14  210,200,18  170,200,16  30,210,12  250,10,20  150,80,15  20,200,17  190,80,12  170,60,18  30,20,14  120,60,16  90,20,13  70,90,19  20,180,13  10,90,18  120,180,20  60,120,15  190,80,20  40,120,11  90,70,19  200,190,17  90,70,16  120,150,11  250,130,20  250,200,12  200,80,15  150,430,20  160,450,12  80,350,19  140,450,14  70,460,13  250,350,15  50,450,20  170,300,11  20,450,11  210,440,20  140,440,12  190,380,16  60,440,11  140,430,13  210,340,18  40,420,11  120,380,16  20,400,11  170,460,16  110,320,14  250,400,19  150,440,16  40,450,16  180,460,11  100,480,17  200,460,20  230,490,17  90,320,12  80,360,19  170,470,19  360,330,13  360,120,15  340,130,19  310,310,18  350,110,11  490,250,15  490,290,12  380,360,13  340,140,14  340,260,18  420,320,17  310,340,19  360,120,18  270,120,16  300,180,12  380,160,18  500,120,19  320,180,16  500,270,18  400,220,11  390,360,11  400,270,11  370,270,12  420,110,15  260,220,19  330,190,14  490,220,11  490,280,20  440,230,14  270,370,18  490,290,16  470,210,16  450,280,14  380,350,16  430,170,17  330,200,19  340,120,17  310,130,20  330,150,19  460,160,17  
!------------------------------------------------------------------------
!Recharging stations: x,y
670,660  130,110  370,190  10,240  200,20  190,390  290,440  10,100  250,160  480,180  