!------------------------------------------------------------------------
!Trucks: total #, capacity, cost per distance, fixcost 
5,520,1,0
!------------------------------------------------------------------------
!CityFreighters: max cf/sat, total#, cap, cost/dist, fixcost, maxCharge, energyConsumption
32,32,70,1,0,330,1
!------------------------------------------------------------------------
!Stores: first: depot x, y; then: satellites x,y,handlingCost,maxCap,fixCost 
670,660  20,190,0.0,1558,0  370,220,0.0,1558,0  320,420,0.0,1558,0  30,400,0.0,1558,0  110,120,0.0,1558,0
!------------------------------------------------------------------------
!Customers: x,y,demand 
120,50,11  200,170,16  70,160,18  180,90,18  210,30,19  180,210,11  40,180,12  140,30,13  30,90,14  20,60,18  80,200,17  210,280,17  200,50,13  130,30,17  150,90,17  180,100,13  200,80,17  140,240,15  40,90,20  170,90,11  150,20,16  190,40,18  150,110,14  40,30,18  210,50,15  190,30,14  60,130,20  170,280,20  170,70,17  220,170,15  50,140,19  170,10,17  180,130,14  40,210,17  80,100,13  70,50,19  100,240,15  100,90,14  60,210,11  50,40,15  80,190,19  90,140,14  140,60,17  120,280,11  240,80,12  250,200,16  100,140,11  260,40,13  250,220,20  260,140,12  380,430,12  370,300,18  370,480,12  340,390,11  350,490,20  500,320,17  390,270,19  270,250,16  360,430,18  320,250,14  370,420,18  460,410,18  320,440,14  410,240,11  440,480,13  270,300,18  340,460,13  360,340,17  390,410,16  250,310,17  330,410,20  290,320,17  500,440,11  470,370,16  270,240,13  340,450,17  440,420,13  280,470,19  300,240,14  430,390,20  410,350,18  270,310,13  360,320,20  350,240,20  400,270,20  300,440,15  300,410,11  350,300,19  320,350,11  280,400,16  340,340,19  250,360,11  350,320,18  270,430,11  300,300,15  380,300,20  410,400,16  320,470,13  270,270,11  460,250,16  
!------------------------------------------------------------------------
!Recharging stations: x,y
670,660  20,190  370,220  320,420  30,400  110,120  260,220  180,150  230,0  350,380  