!------------------------------------------------------------------------
!Trucks: total #, capacity, cost per distance, fixcost 
5,512,1,0
!------------------------------------------------------------------------
!CityFreighters: max cf/sat, total#, cap, cost/dist, fixcost, maxCharge, energyConsumption
33,33,70,1,0,400,1
!------------------------------------------------------------------------
!Stores: first: depot x, y; then: satellites x,y,handlingCost,maxCap,fixCost 
670,670  20,450,0.0,1536,0  270,370,0.0,1536,0  380,160,0.0,1536,0  410,100,0.0,1536,0  410,400,0.0,1536,0  160,110,0.0,1536,0  170,120,0.0,1536,0  450,450,0.0,1536,0  210,320,0.0,1536,0  210,470,0.0,1536,0
!------------------------------------------------------------------------
!Customers: x,y,demand 
210,130,16  120,240,18  120,250,15  250,250,19  240,70,14  250,120,18  30,210,13  120,10,11  90,60,13  160,80,13  240,90,16  140,80,13  50,210,18  190,170,19  250,80,16  110,150,20  200,50,20  190,130,15  250,100,15  30,230,17  20,80,17  10,30,18  190,60,17  30,140,15  240,210,11  10,240,13  150,60,15  200,270,11  260,20,18  90,160,13  230,160,17  60,200,20  200,20,11  40,190,12  220,80,19  30,120,16  250,80,18  120,260,16  40,170,17  210,160,16  220,110,12  210,240,14  70,50,18  30,80,20  220,40,16  240,140,16  40,240,15  250,140,12  10,280,19  120,90,11  430,480,11  340,240,12  270,250,15  480,260,14  250,320,13  340,480,12  270,330,12  450,240,12  450,260,12  280,440,13  380,420,19  420,260,14  250,410,15  280,330,15  360,330,14  380,280,16  390,450,13  420,310,11  430,280,19  290,430,20  290,260,19  290,420,19  380,340,18  460,280,11  300,240,18  500,300,13  440,260,19  450,490,16  490,430,19  500,270,11  430,330,11  290,490,15  400,370,15  360,310,16  460,450,17  490,460,11  450,410,13  280,360,17  430,500,20  450,480,17  480,270,18  330,240,20  480,330,20  390,380,18  450,490,13  270,260,20  330,440,14  330,290,11  320,460,12  400,350,11  
!------------------------------------------------------------------------
!Recharging stations: x,y
670,670  20,450  270,370  380,160  410,100  410,400  160,110  170,120  450,450  210,320  210,470  