!------------------------------------------------------------------------
!Trucks: total #, capacity, cost per distance, fixcost 
5,528,1,0
!------------------------------------------------------------------------
!CityFreighters: max cf/sat, total#, cap, cost/dist, fixcost, maxCharge, energyConsumption
15,15,150,1,0,490,1
!------------------------------------------------------------------------
!Stores: first: depot x, y; then: satellites x,y,handlingCost,maxCap,fixCost 
670,670  10,130,0.0,1583,0  460,40,0.0,1583,0  20,30,0.0,1583,0  130,190,0.0,1583,0  30,370,0.0,1583,0
!------------------------------------------------------------------------
!Customers: x,y,demand 
310,60,18  360,200,17  90,190,14  470,420,11  280,200,15  380,430,16  410,40,11  360,300,12  40,100,14  430,160,19  330,450,17  390,300,16  60,400,20  500,200,13  480,140,11  340,340,17  490,30,17  260,140,19  280,440,12  210,380,13  340,110,20  410,320,14  440,460,13  270,480,16  20,360,13  340,320,16  500,270,18  360,260,14  160,170,13  80,100,11  450,280,16  490,110,19  280,100,20  90,100,16  390,500,19  330,310,14  200,80,16  390,480,18  290,30,11  430,320,19  340,90,12  420,400,16  250,490,20  270,40,12  290,370,12  280,320,13  420,80,12  180,220,18  200,330,20  280,480,20  350,190,15  490,360,12  490,350,16  250,250,15  60,50,12  60,240,18  380,280,15  240,270,13  490,480,17  70,440,15  180,440,20  450,460,14  230,150,15  170,470,17  470,180,13  50,180,12  50,470,17  410,470,19  50,20,16  240,490,20  320,460,11  480,430,13  200,350,17  200,380,19  90,290,15  290,20,18  260,200,12  260,110,16  160,260,16  340,430,16  10,20,13  480,140,19  340,440,20  410,320,20  410,130,18  460,70,20  70,340,14  80,340,20  90,110,18  30,150,13  350,90,20  10,110,15  170,340,15  200,420,15  460,300,14  90,430,17  450,80,20  450,310,18  500,370,19  380,390,18  
!------------------------------------------------------------------------
!Recharging stations: x,y
670,670  10,130  460,40  20,30  130,190  30,370  350,240  120,390  510,290  330,120  