!----------------------------------------------------------------
!Stores: (first: depot x,y; then: satellites x,y,maxCap)
2920,4950   3360,4750,29370   3200,4390,29370
!----------------------------------------------------------------
!Trucks: (total#, cap, cost/dist, fixcost)
3,20000,1,150
!----------------------------------------------------------------
!CityFreighters: (max cf/sat, total#, cap, cost/dist, fixcost, maxCharge, energyConsumption)
4,4,8000,1,80,1070,1
!----------------------------------------------------------------
!Customers: (x, y, demand, readyTime, dueDate, serviceTime, penalizationCost)
3360,4750,1200,4127,5183,546,1   3200,4390,40,3138,3164,18,1   3210,4370,80,777,873,36,4   3220,4370,2000,3260,4854,910,2   3190,4330,1100,3940,4922,501,3   3230,4330,900,1038,1946,410,5   3240,4330,600,2217,2675,273,3   3140,4350,1500,0,1205,683,4   3110,4420,150,1077,1179,68,3   3230,4290,750,3149,3911,341,3   3090,4450,400,2334,2680,182,4   3040,4270,250,4073,4311,114,1   2980,4270,700,4050,4728,319,2   3070,4640,400,3219,3573,182,3   2900,4340,1700,825,2601,774,5
!----------------------------------------------------------------
!Recharge stations: x,y
3360,4750   3200,4390   3220,4130   2920,4950

g inverse recharge rate 0.43