!----------------------------------------------------------------
!Stores: (first: depot x,y; then: satellites x,y,maxCap)
2600,3750   2610,3840,29370   3140,3940,29370
!----------------------------------------------------------------
!Trucks: (total#, cap, cost/dist, fixcost)
3,20000,1,150
!----------------------------------------------------------------
!CityFreighters: (max cf/sat, total#, cap, cost/dist, fixcost, maxCharge, energyConsumption)
4,4,8000,1,80,810,1
!----------------------------------------------------------------
!Customers: (x, y, demand, readyTime, dueDate, serviceTime, penalizationCost)
2610,3840,700,2869,3365,312,4   3140,3940,1300,3102,4220,580,3   3210,3910,400,1663,1955,178,3   3210,3980,300,4612,4832,134,3   3140,4060,200,2696,2838,89,4   3150,4070,650,1537,2271,290,1   3040,3820,750,1206,1954,334,3   3130,3780,700,3355,3987,312,2   2710,4010,1000,20,956,446,4   2950,4020,1400,2847,4213,624,5   2970,4100,550,2376,2880,245,4   2790,3990,600,3425,3913,267,5   2960,4180,450,748,1162,201,1   2640,4140,500,2592,2972,223,4   2830,4060,4000,1676,4786,1783,5
!----------------------------------------------------------------
!Recharge stations: x,y
2610,3840   3140,3940   2600,3750   3060,4360

g inverse recharge rate 0.56