!----------------------------------------------------------------
!Stores: (first: depot x,y; then: satellites x,y,maxCap)
2600,3750   3140,3940,29370   2830,4060,29370
!----------------------------------------------------------------
!Trucks: (total#, cap, cost/dist, fixcost)
3,20000,1,150
!----------------------------------------------------------------
!CityFreighters: (max cf/sat, total#, cap, cost/dist, fixcost, maxCharge, energyConsumption)
4,4,8000,1,80,940,1
!----------------------------------------------------------------
!Customers: (x, y, demand, readyTime, dueDate, serviceTime, penalizationCost)
3140,3940,1300,733,1289,433,4   2830,4060,4000,478,2862,1333,2   3210,3910,400,3262,3482,133,3   3210,3980,300,1497,1723,100,5   2790,3990,600,2386,2708,200,1   3140,4060,200,588,732,67,5   2950,4020,1400,2758,3892,466,1   3150,4070,650,1873,2161,217,2   2710,4010,1000,0,640,333,3   2970,4100,550,1156,1616,183,3   3040,3820,750,2345,3033,250,3   3130,3780,700,793,1173,233,2   2960,4180,450,1290,1576,150,5   2930,4210,1600,180,1424,533,2   2640,4140,500,3272,3566,167,3
!----------------------------------------------------------------
!Recharge stations: x,y
3140,3940   2830,4060   3230,4300   2600,3750

g inverse recharge rate 0.36