!----------------------------------------------------------------
!Stores: (first: depot x,y; then: satellites x,y,maxCap)
1250,1750   1290,1890,22500   1390,1820,22500
!----------------------------------------------------------------
!Trucks: (total#, cap, cost/dist, fixcost)
3,15000,1,150
!----------------------------------------------------------------
!CityFreighters: (max cf/sat, total#, cap, cost/dist, fixcost, maxCharge, energyConsumption)
4,4,6000,1,80,880,1
!----------------------------------------------------------------
!Customers: (x, y, demand, readyTime, dueDate, serviceTime, penalizationCost)
1290,1890,2500,129,2461,888,5   1390,1820,700,698,1372,249,2   1470,1930,1000,51,611,355,1   1550,1850,1800,3012,3848,639,2   1410,2060,2100,114,1436,746,5   1290,2140,1300,1349,2373,462,3   1460,2080,300,4389,4629,107,5   1640,1930,900,3553,4143,320,4   1640,2080,900,3129,3727,320,4   1560,2170,1300,674,1546,462,3   1280,2310,1200,386,1406,426,2   1480,2320,600,907,1427,213,5   1420,2390,100,838,918,36,1   1630,2360,500,534,784,178,3   1460,2460,400,1502,1894,142,5
!----------------------------------------------------------------
!Recharge stations: x,y
1250,1750   1290,1890   1390,1820   1510,2650

g inverse recharge rate 0.48