!----------------------------------------------------------------
!Stores: (first: depot x,y; then: satellites x,y,maxCap)
2920,4950   3090,4450,29370   3040,4270,29370
!----------------------------------------------------------------
!Trucks: (total#, cap, cost/dist, fixcost)
3,20000,1,150
!----------------------------------------------------------------
!CityFreighters: (max cf/sat, total#, cap, cost/dist, fixcost, maxCharge, energyConsumption)
4,4,8000,1,80,910,1
!----------------------------------------------------------------
!Customers: (x, y, demand, readyTime, dueDate, serviceTime, penalizationCost)
3090,4450,400,2715,2919,113,3   3040,4270,250,888,1036,71,5   3110,4420,150,1653,1753,43,3   2980,4270,700,2672,3028,198,5   3140,4350,1500,1334,2372,425,3   2960,4180,450,275,565,128,5   3200,4390,40,1360,1372,11,2   2930,4210,1600,1414,2372,454,2   3210,4370,80,2009,2053,23,3   3220,4370,2000,2083,3249,567,1   3190,4330,1100,1335,1651,312,3   2900,4340,1700,823,1757,482,2   3230,4330,900,2455,2917,255,4   2970,4100,550,2883,3147,156,4   3070,4640,400,1325,1601,113,2
!----------------------------------------------------------------
!Recharge stations: x,y
3090,4450   3040,4270   2950,4050   2610,4640

g inverse recharge rate 0.32