!----------------------------------------------------------------
!Stores: (first: depot x,y; then: satellites x,y,maxCap)
2600,3750   2950,4020,29370   2710,4010,29370
!----------------------------------------------------------------
!Trucks: (total#, cap, cost/dist, fixcost)
3,20000,1,150
!----------------------------------------------------------------
!CityFreighters: (max cf/sat, total#, cap, cost/dist, fixcost, maxCharge, energyConsumption)
4,4,8000,1,80,1170,1
!----------------------------------------------------------------
!Customers: (x, y, demand, readyTime, dueDate, serviceTime, penalizationCost)
2950,4020,1400,1496,2404,498,4   2710,4010,1000,1142,2112,356,5   2970,4100,550,0,398,196,1   2790,3990,600,3692,3948,213,3   2830,4060,4000,0,2389,1422,3   2640,4140,500,2672,3080,178,3   2960,4180,450,551,865,160,2   2930,4210,1600,2323,3335,569,3   3140,4060,200,333,477,71,4   2610,3840,700,2054,2648,249,4   3150,4070,650,444,1078,231,3   3140,3940,1300,3133,3517,462,2   3040,3820,750,2028,2646,267,5   2980,4270,700,423,829,249,4   3210,3980,300,429,693,107,2
!----------------------------------------------------------------
!Recharge stations: x,y
2950,4020   2710,4010   2680,4220   2930,4300

g inverse recharge rate 0.31