!----------------------------------------------------------------
!Stores: (first: depot x,y; then: satellites x,y,maxCap)
2600,3750   3040,3820,29370   2710,4010,29370
!----------------------------------------------------------------
!Trucks: (total#, cap, cost/dist, fixcost)
3,20000,1,150
!----------------------------------------------------------------
!CityFreighters: (max cf/sat, total#, cap, cost/dist, fixcost, maxCharge, energyConsumption)
4,4,8000,1,80,990,1
!----------------------------------------------------------------
!Customers: (x, y, demand, readyTime, dueDate, serviceTime, penalizationCost)
3040,3820,750,4126,4680,307,1   2710,4010,1000,1400,2092,409,4   2790,3990,600,2840,3150,246,5   3130,3780,700,319,915,287,1   2830,4060,4000,0,2455,1638,3   2640,4140,500,3439,3865,205,3   3140,3940,1300,2795,3453,532,3   3210,3910,400,687,903,164,5   2610,3840,700,4051,4701,287,3   2950,4020,1400,2816,4112,573,2   3210,3980,300,3105,3417,123,3   3140,4060,200,898,1106,82,2   3150,4070,650,3558,3898,266,3   2970,4100,550,1036,1622,225,5   2930,4210,1600,0,1514,655,2
!----------------------------------------------------------------
!Recharge stations: x,y
3040,3820   2710,4010   3020,4020   2600,3750

g inverse recharge rate 0.42