!----------------------------------------------------------------
!Stores: (first: depot x,y; then: satellites x,y)
1450,2150   1480,2320   1460,2080
!----------------------------------------------------------------
!Trucks: (total#, cap, cost/dist, fixcost)
3,15000,1,150
!----------------------------------------------------------------
!CityFreighters: (max cf/sat, total#, cap, cost/dist, fixcost, maxCharge, energyConsumption)
4,4,6000,1,80,580,1
!----------------------------------------------------------------
!Customers: (x, y, demand, readyTime, dueDate, serviceTime, penalizationCost)
1390,1820,700,2190,2558,157,1   1290,1890,2500,1109,2389,561,1   1470,1930,1000,1767,2115,224,1   1550,1850,1800,1627,2487,404,1   1410,2060,2100,1284,2176,471,1   1460,2080,300,2353,2497,67,1   1640,1930,900,194,548,202,1   1290,2140,1300,418,1064,292,1   1640,2080,900,937,1169,202,1   1560,2170,1300,508,1152,292,1   1280,2310,1200,482,962,269,1   1480,2320,600,859,1213,135,1   1420,2390,100,1228,1266,22,1   1630,2360,500,558,754,112,1   1610,2420,800,2085,2365,180,1
!----------------------------------------------------------------
!Recharge stations: x,y
1450,2150   1480,2320   1460,2080   1600,2500

g inverse recharge rate 2
T min departure time 0
