!----------------------------------------------------------------
!Stores: (first: depot x,y; then: satellites x,y)
1450,2150   1460,2460   1470,1930
!----------------------------------------------------------------
!Trucks: (total#, cap, cost/dist, fixcost)
3,15000,1,150
!----------------------------------------------------------------
!CityFreighters: (max cf/sat, total#, cap, cost/dist, fixcost, maxCharge, energyConsumption)
4,4,6000,1,80,470,1
!----------------------------------------------------------------
!Customers: (x, y, demand, readyTime, dueDate, serviceTime, penalizationCost)
1460,2460,400,2248,2454,108,1   1470,1930,1000,188,706,270,1   1420,2390,100,2385,2439,27,1   1550,1850,1800,1772,2756,487,1   1390,1820,700,2997,3353,189,1   1480,2320,600,2414,2782,162,1   1410,2060,2100,1600,2750,568,1   1460,2080,300,1656,1848,81,1   1610,2420,800,2719,3249,216,1   1640,1930,900,356,746,243,1   1630,2470,2100,817,1955,568,1   1300,2540,800,1034,1558,216,1   1290,1890,2500,745,1983,676,1   1510,2640,1100,1467,2003,298,1   1280,2520,1400,2354,3032,379,1
!----------------------------------------------------------------
!Recharge stations: x,y
1450,2150   1460,2460   1470,1930   1200,2430

g inverse recharge rate 3
T min departure time 0
