!----------------------------------------------------------------
!Stores: (first: depot x,y; then: satellites x,y)
1450,2150   1630,2360   1290,1890
!----------------------------------------------------------------
!Trucks: (total#, cap, cost/dist, fixcost)
3,15000,1,150
!----------------------------------------------------------------
!CityFreighters: (max cf/sat, total#, cap, cost/dist, fixcost, maxCharge, energyConsumption)
4,4,6000,1,80,800,1
!----------------------------------------------------------------
!Customers: (x, y, demand, readyTime, dueDate, serviceTime, penalizationCost)
1630,2360,500,3407,3799,150,1   1290,1890,2500,1411,2983,748,1   1610,2420,800,2783,3271,239,1   1630,2470,2100,2308,3508,628,1   1390,1820,700,2587,2939,209,1   1480,2320,600,2389,2717,180,1   1470,1930,1000,1033,1805,299,1   1460,2460,400,2015,2267,120,1   1560,2170,1300,1151,1933,389,1   1410,2060,2100,2339,3255,628,1   1420,2390,100,913,977,30,1   1290,2140,1300,833,1813,389,1   1590,2610,700,974,1468,209,1   1460,2080,300,1983,2173,90,1   1550,1850,1800,1753,2821,539,1
!----------------------------------------------------------------
!Recharge stations: x,y
1450,2150   1630,2360   1290,1890   1510,1870

g inverse recharge rate 2
T min departure time 0
