!----------------------------------------------------------------
!Stores: (first: depot x,y; then: satellites x,y)
1250,1750   1290,2140   1460,2080
!----------------------------------------------------------------
!Trucks: (total#, cap, cost/dist, fixcost)
3,15000,1,150
!----------------------------------------------------------------
!CityFreighters: (max cf/sat, total#, cap, cost/dist, fixcost, maxCharge, energyConsumption)
4,4,6000,1,80,660,1
!----------------------------------------------------------------
!Customers: (x, y, demand, readyTime, dueDate, serviceTime, penalizationCost)
1290,2140,1300,2248,2910,322,1   1460,2080,300,439,615,74,1   1410,2060,2100,263,1503,520,1   1560,2170,1300,809,1491,322,1   1470,1930,1000,1223,1707,248,1   1280,2310,1200,2651,3299,297,1   1640,2080,900,1352,1766,223,1   1640,1930,900,783,1259,223,1   1480,2320,600,688,1036,149,1   1550,1850,1800,544,1490,446,1   1290,1890,2500,84,1200,619,1   1390,1820,700,1069,1345,173,1   1420,2390,100,695,745,25,1   1630,2360,500,2240,2554,124,1   1460,2460,400,2154,2314,99,1
!----------------------------------------------------------------
!Recharge stations: x,y
1250,1750   1290,2140   1460,2080   1440,2630

g inverse recharge rate 2
T min departure time 0
