!----------------------------------------------------------------
!Stores: (first: depot x,y; then: satellites x,y)
1250,1750   1290,2140   1410,2060
!----------------------------------------------------------------
!Trucks: (total#, cap, cost/dist, fixcost)
3,15000,1,150
!----------------------------------------------------------------
!CityFreighters: (max cf/sat, total#, cap, cost/dist, fixcost, maxCharge, energyConsumption)
4,4,6000,1,80,610,1
!----------------------------------------------------------------
!Customers: (x, y, demand, readyTime, dueDate, serviceTime, penalizationCost)
1390,1820,700,98,510,177,1   1290,1890,2500,1491,3011,632,1   1470,1930,1000,1382,1956,253,1   1550,1850,1800,0,998,455,1   1410,2060,2100,2389,3371,531,1   1460,2080,300,1963,2111,76,1   1640,1930,900,1131,1665,227,1   1290,2140,1300,412,1238,329,1   1640,2080,900,1328,1832,227,1   1560,2170,1300,641,1385,329,1   1280,2310,1200,1878,2468,303,1   1480,2320,600,2939,3177,152,1   1420,2390,100,2819,2877,25,1   1630,2360,500,1372,1622,126,1   1610,2420,800,657,1107,202,1
!----------------------------------------------------------------
!Recharge stations: x,y
1250,1750   1290,2140   1410,2060   1460,2340

g inverse recharge rate 2
T min departure time 0
