!----------------------------------------------------------------
!Stores: (first: depot x,y; then: satellites x,y)
1250,1750   1290,2140   1470,1930
!----------------------------------------------------------------
!Trucks: (total#, cap, cost/dist, fixcost)
3,15000,1,150
!----------------------------------------------------------------
!CityFreighters: (max cf/sat, total#, cap, cost/dist, fixcost, maxCharge, energyConsumption)
4,4,6000,1,80,620,1
!----------------------------------------------------------------
!Customers: (x, y, demand, readyTime, dueDate, serviceTime, penalizationCost)
1390,1820,700,2086,2434,194,1   1290,1890,2500,1179,2371,692,1   1470,1930,1000,2753,3369,277,1   1550,1850,1800,1065,2081,498,1   1410,2060,2100,2060,3074,581,1   1460,2080,300,1901,2047,83,1   1640,1930,900,155,715,249,1   1290,2140,1300,2479,3129,360,1   1640,2080,900,1107,1573,249,1   1560,2170,1300,1213,1959,360,1   1280,2310,1200,2270,2780,332,1   1480,2320,600,1785,2165,166,1   1420,2390,100,2974,3030,28,1   1630,2360,500,523,807,138,1   1610,2420,800,1701,2113,221,1
!----------------------------------------------------------------
!Recharge stations: x,y
1250,1750   1290,2140   1470,1930   1480,2630

g inverse recharge rate 2
T min departure time 0
