!----------------------------------------------------------------
!Stores: (first: depot x,y; then: satellites x,y)
1250,1750   1460,2080   1290,1890
!----------------------------------------------------------------
!Trucks: (total#, cap, cost/dist, fixcost)
3,15000,1,150
!----------------------------------------------------------------
!CityFreighters: (max cf/sat, total#, cap, cost/dist, fixcost, maxCharge, energyConsumption)
4,4,6000,1,80,1020,1
!----------------------------------------------------------------
!Customers: (x, y, demand, readyTime, dueDate, serviceTime, penalizationCost)
1460,2080,300,3279,3423,87,1   1290,1890,2500,153,1549,727,1   1410,2060,2100,0,866,610,1   1390,1820,700,3489,3869,203,1   1560,2170,1300,2354,3022,378,1   1470,1930,1000,579,1187,291,1   1640,2080,900,714,1212,262,1   1290,2140,1300,266,1122,378,1   1640,1930,900,469,957,262,1   1480,2320,600,1013,1293,174,1   1550,1850,1800,2912,3746,523,1   1280,2310,1200,278,926,349,1   1420,2390,100,562,622,29,1   1630,2360,500,450,734,145,1   1610,2420,800,906,1378,233,1
!----------------------------------------------------------------
!Recharge stations: x,y
1250,1750   1460,2080   1290,1890   1610,2140

g inverse recharge rate 2
T min departure time 0
