!----------------------------------------------------------------
!Stores: (first: depot x,y; then: satellites x,y)
1250,1750   1470,1930   1290,1890
!----------------------------------------------------------------
!Trucks: (total#, cap, cost/dist, fixcost)
3,15000,1,150
!----------------------------------------------------------------
!CityFreighters: (max cf/sat, total#, cap, cost/dist, fixcost, maxCharge, energyConsumption)
4,4,6000,1,80,1130,1
!----------------------------------------------------------------
!Customers: (x, y, demand, readyTime, dueDate, serviceTime, penalizationCost)
1390,1820,700,1677,2173,224,1   1290,1890,2500,2128,3716,799,1   1470,1930,1000,3419,4119,320,1   1550,1850,1800,459,1739,576,1   1410,2060,2100,2881,4003,671,1   1460,2080,300,3447,3607,96,1   1640,1930,900,3434,3966,288,1   1290,2140,1300,554,1350,416,1   1640,2080,900,651,1231,288,1   1560,2170,1300,3252,3938,416,1   1280,2310,1200,2733,3575,384,1   1480,2320,600,2642,3034,192,1   1420,2390,100,3264,3324,32,1   1630,2360,500,3099,3369,160,1   1610,2420,800,2015,2491,256,1
!----------------------------------------------------------------
!Recharge stations: x,y
1250,1750   1470,1930   1290,1890   1570,2080

g inverse recharge rate 2
T min departure time 0
