!----------------------------------------------------------------
!Stores: (first: depot x,y; then: satellites x,y)
1250,1750   1290,1890   1390,1820
!----------------------------------------------------------------
!Trucks: (total#, cap, cost/dist, fixcost)
3,15000,1,150
!----------------------------------------------------------------
!CityFreighters: (max cf/sat, total#, cap, cost/dist, fixcost, maxCharge, energyConsumption)
4,4,6000,1,80,880,1
!----------------------------------------------------------------
!Customers: (x, y, demand, readyTime, dueDate, serviceTime, penalizationCost)
1390,1820,700,405,801,249,1   1290,1890,2500,1359,3253,888,1   1470,1930,1000,3934,4682,355,1   1550,1850,1800,1170,2554,639,1   1410,2060,2100,2758,4262,746,1   1460,2080,300,2228,2486,107,1   1640,1930,900,3647,4181,320,1   1290,2140,1300,3530,4428,462,1   1640,2080,900,1309,1959,320,1   1560,2170,1300,737,1639,462,1   1280,2310,1200,1831,2665,426,1   1480,2320,600,1821,2241,213,1   1420,2390,100,3159,3227,36,1   1630,2360,500,1686,1992,178,1   1610,2420,800,3791,4289,284,1
!----------------------------------------------------------------
!Recharge stations: x,y
1250,1750   1290,1890   1390,1820   1510,2650

g inverse recharge rate 2
T min departure time 0
