!----------------------------------------------------------------
!Stores: (first: depot x,y; then: satellites x,y)
2920,4950   2930,4210   3140,3940
!----------------------------------------------------------------
!Trucks: (total#, cap, cost/dist, fixcost)
3,20000,1,150
!----------------------------------------------------------------
!CityFreighters: (max cf/sat, total#, cap, cost/dist, fixcost, maxCharge, energyConsumption)
4,4,8000,1,80,730,1
!----------------------------------------------------------------
!Customers: (x, y, demand, readyTime, dueDate, serviceTime, penalizationCost)
2930,4210,1600,1955,2803,484,1   3140,3940,1300,758,1504,394,1   2960,4180,450,2736,3006,136,1   3210,3910,400,2567,2805,121,1   2980,4270,700,452,908,212,1   3210,3980,300,3255,3463,91,1   2970,4100,550,875,1239,166,1   3140,4060,200,1285,1437,61,1   3040,4270,250,1925,2071,76,1   3150,4070,650,810,1226,197,1   2900,4340,1700,2431,3323,515,1   3040,3820,750,2238,2728,227,1   3130,3780,700,2598,3042,212,1   2830,4060,4000,579,3387,1211,1   2950,4020,1400,1315,2025,424,1
!----------------------------------------------------------------
!Recharge stations: x,y
2930,4210   3140,3940   2810,4140   3320,4580

g inverse recharge rate 2
T min departure time 0
