!----------------------------------------------------------------
!Stores: (first: depot x,y; then: satellites x,y)
2920,4950   2980,4270   3240,4330
!----------------------------------------------------------------
!Trucks: (total#, cap, cost/dist, fixcost)
3,20000,1,150
!----------------------------------------------------------------
!CityFreighters: (max cf/sat, total#, cap, cost/dist, fixcost, maxCharge, energyConsumption)
4,4,8000,1,80,1150,1
!----------------------------------------------------------------
!Customers: (x, y, demand, readyTime, dueDate, serviceTime, penalizationCost)
2980,4270,700,1917,2313,195,1   3240,4330,600,421,779,167,1   3230,4330,900,70,516,250,1   3230,4290,750,1244,1732,209,1   3220,4370,2000,490,1502,557,1   3210,4370,80,2951,2999,22,1   3190,4330,1100,624,1236,306,1   3040,4270,250,555,699,70,1   3200,4390,40,2694,2716,11,1   2930,4210,1600,2090,2966,445,1   2960,4180,450,505,707,125,1   3140,4350,1500,1182,2062,417,1   2900,4340,1700,409,1447,473,1   3110,4420,150,3126,3220,42,1   2970,4100,550,1065,1345,153,1
!----------------------------------------------------------------
!Recharge stations: x,y
2980,4270   3240,4330   2920,4390   3160,3990

g inverse recharge rate 1
T min departure time 0
