!----------------------------------------------------------------
!Stores: (first: depot x,y; then: satellites x,y)
2920,4950   3070,4640   2970,4100
!----------------------------------------------------------------
!Trucks: (total#, cap, cost/dist, fixcost)
3,20000,1,150
!----------------------------------------------------------------
!CityFreighters: (max cf/sat, total#, cap, cost/dist, fixcost, maxCharge, energyConsumption)
4,4,8000,1,80,810,1
!----------------------------------------------------------------
!Customers: (x, y, demand, readyTime, dueDate, serviceTime, penalizationCost)
3070,4640,400,3660,3976,145,1   2970,4100,550,810,1332,199,1   2960,4180,450,989,1361,163,1   2950,4020,1400,2777,4027,506,1   2930,4210,1600,2176,3112,578,1   2830,4060,4000,755,3313,1445,1   2980,4270,700,432,960,253,1   3140,4060,200,2605,2799,72,1   3150,4070,650,3452,3908,235,1   3040,4270,250,3066,3278,90,1   3090,4450,400,3165,3385,145,1   2790,3990,600,3151,3571,217,1   3110,4420,150,3403,3519,54,1   3140,3940,1300,97,1079,470,1   2900,4340,1700,733,1937,614,1
!----------------------------------------------------------------
!Recharge stations: x,y
3070,4640   2970,4100   2990,4010   2750,4200

g inverse recharge rate 2
T min departure time 0
