!----------------------------------------------------------------
!Stores: (first: depot x,y; then: satellites x,y)
2920,4950   3360,4750   3200,4390
!----------------------------------------------------------------
!Trucks: (total#, cap, cost/dist, fixcost)
3,20000,1,150
!----------------------------------------------------------------
!CityFreighters: (max cf/sat, total#, cap, cost/dist, fixcost, maxCharge, energyConsumption)
4,4,8000,1,80,1070,1
!----------------------------------------------------------------
!Customers: (x, y, demand, readyTime, dueDate, serviceTime, penalizationCost)
3360,4750,1200,3054,3944,546,1   3200,4390,40,3272,3308,18,1   3210,4370,80,3000,3084,36,1   3220,4370,2000,141,2007,910,1   3190,4330,1100,3741,4533,501,1   3230,4330,900,4067,4779,410,1   3240,4330,600,1544,2022,273,1   3140,4350,1500,448,1334,683,1   3110,4420,150,4066,4172,68,1   3230,4290,750,2022,2664,341,1   3090,4450,400,4305,4677,182,1   3040,4270,250,2697,2927,114,1   2980,4270,700,1253,1937,319,1   3070,4640,400,2507,2833,182,1   2900,4340,1700,0,1248,774,1
!----------------------------------------------------------------
!Recharge stations: x,y
3360,4750   3200,4390   3220,4130   2920,4950

g inverse recharge rate 2
T min departure time 0
