!----------------------------------------------------------------
!Stores: (first: depot x,y; then: satellites x,y)
2920,4950   3220,4370   2950,4020
!----------------------------------------------------------------
!Trucks: (total#, cap, cost/dist, fixcost)
3,20000,1,150
!----------------------------------------------------------------
!CityFreighters: (max cf/sat, total#, cap, cost/dist, fixcost, maxCharge, energyConsumption)
4,4,8000,1,80,830,1
!----------------------------------------------------------------
!Customers: (x, y, demand, readyTime, dueDate, serviceTime, penalizationCost)
3220,4370,2000,159,1445,599,1   2950,4020,1400,2108,2746,419,1   3210,4370,80,1092,1134,24,1   3200,4390,40,1269,1295,12,1   3230,4330,900,638,1156,270,1   3240,4330,600,2642,3014,180,1   3190,4330,1100,319,1315,329,1   3230,4290,750,2275,2723,225,1   3140,4350,1500,938,1868,449,1   2970,4100,550,3015,3329,165,1   3110,4420,150,1275,1325,45,1   2830,4060,4000,419,3517,1198,1   3090,4450,400,2457,2723,120,1   2960,4180,450,644,928,135,1   2790,3990,600,493,875,180,1
!----------------------------------------------------------------
!Recharge stations: x,y
3220,4370   2950,4020   2900,3810   2940,4300

g inverse recharge rate 2
T min departure time 0
