!----------------------------------------------------------------
!Stores: (first: depot x,y; then: satellites x,y)
2600,3750   2610,3840   3040,3820
!----------------------------------------------------------------
!Trucks: (total#, cap, cost/dist, fixcost)
3,20000,1,150
!----------------------------------------------------------------
!CityFreighters: (max cf/sat, total#, cap, cost/dist, fixcost, maxCharge, energyConsumption)
4,4,8000,1,80,840,1
!----------------------------------------------------------------
!Customers: (x, y, demand, readyTime, dueDate, serviceTime, penalizationCost)
3230,4330,900,2193,3049,432,1   3240,4330,600,1110,1730,288,1   3230,4290,750,2708,3430,360,1   3190,4330,1100,3766,5030,529,1   3220,4370,2000,1572,3616,961,1   3210,4370,80,4296,4378,38,1   3200,4390,40,2712,2748,19,1   3140,4350,1500,3646,5194,721,1   3110,4420,150,4882,5026,72,1   3090,4450,400,3828,4202,192,1   3040,4270,250,4911,5195,120,1   2980,4270,700,3988,4670,336,1   3150,4070,650,3400,4162,312,1   3140,4060,200,1783,1983,96,1   2960,4180,450,1845,2357,216,1
!----------------------------------------------------------------
!Recharge stations: x,y
3120,4580   3300,4320   2760,4580   3040,3820

g inverse recharge rate 3
T min departure time 0
