!----------------------------------------------------------------
!Stores: (first: depot x,y; then: satellites x,y)
2600,3750   3140,4060   2830,4060
!----------------------------------------------------------------
!Trucks: (total#, cap, cost/dist, fixcost)
3,20000,1,150
!----------------------------------------------------------------
!CityFreighters: (max cf/sat, total#, cap, cost/dist, fixcost, maxCharge, energyConsumption)
4,4,8000,1,80,790,1
!----------------------------------------------------------------
!Customers: (x, y, demand, readyTime, dueDate, serviceTime, penalizationCost)
3230,4330,900,1007,1591,276,1   3240,4330,600,1253,1705,184,1   3230,4290,750,964,1484,230,1   3190,4330,1100,1437,2129,337,1   3220,4370,2000,0,998,613,1   3210,4370,80,1477,1529,25,1   3200,4390,40,1599,1627,12,1   3140,4350,1500,2250,2976,459,1   3110,4420,150,1952,2038,46,1   3090,4450,400,373,573,123,1   3040,4270,250,270,418,77,1   2980,4270,700,2719,3067,214,1   3150,4070,650,1977,2373,199,1   3140,4060,200,3477,3581,61,1   2960,4180,450,3222,3482,138,1
!----------------------------------------------------------------
!Recharge stations: x,y
2970,4340   2850,4540   2830,4060   3140,4060

g inverse recharge rate 2
T min departure time 0
