!----------------------------------------------------------------
!Stores: (first: depot x,y; then: satellites x,y)
2600,3750   3140,3940   2830,4060
!----------------------------------------------------------------
!Trucks: (total#, cap, cost/dist, fixcost)
3,20000,1,150
!----------------------------------------------------------------
!CityFreighters: (max cf/sat, total#, cap, cost/dist, fixcost, maxCharge, energyConsumption)
4,4,8000,1,80,940,1
!----------------------------------------------------------------
!Customers: (x, y, demand, readyTime, dueDate, serviceTime, penalizationCost)
3230,4330,900,944,1654,300,1   3240,4330,600,2312,2824,200,1   3230,4290,750,231,749,250,1   3190,4330,1100,62,876,367,1   3220,4370,2000,410,1474,666,1   3210,4370,80,1244,1308,27,1   3200,4390,40,2866,2898,13,1   3140,4350,1500,1842,2686,500,1   3110,4420,150,3203,3305,50,1   3090,4450,400,2393,2729,133,1   3040,4270,250,973,1159,83,1   2980,4270,700,1094,1416,233,1   3150,4070,650,3392,3848,217,1   3140,4060,200,1393,1525,67,1   2960,4180,450,3331,3647,150,1
!----------------------------------------------------------------
!Recharge stations: x,y
3230,4300   2990,4420   3140,3940   2830,4060

g inverse recharge rate 2
T min departure time 0
