!----------------------------------------------------------------
!Stores: (first: depot x,y; then: satellites x,y)
2600,3750   3040,3820   2710,4010
!----------------------------------------------------------------
!Trucks: (total#, cap, cost/dist, fixcost)
3,20000,1,150
!----------------------------------------------------------------
!CityFreighters: (max cf/sat, total#, cap, cost/dist, fixcost, maxCharge, energyConsumption)
4,4,8000,1,80,990,1
!----------------------------------------------------------------
!Customers: (x, y, demand, readyTime, dueDate, serviceTime, penalizationCost)
3230,4330,900,1147,1867,368,1   3240,4330,600,3202,3608,246,1   3230,4290,750,2538,3044,307,1   3190,4330,1100,2898,3720,450,1   3220,4370,2000,843,2323,819,1   3210,4370,80,1700,1762,33,1   3200,4390,40,3739,3767,16,1   3140,4350,1500,3229,4149,614,1   3110,4420,150,4263,4381,61,1   3090,4450,400,1727,2077,164,1   3040,4270,250,2183,2391,102,1   2980,4270,700,2029,2597,287,1   3150,4070,650,2851,3425,266,1   3140,4060,200,3567,3723,82,1   2960,4180,450,1470,1866,184,1
!----------------------------------------------------------------
!Recharge stations: x,y
3020,4020   3040,3820   3210,4160   2710,4010

g inverse recharge rate 2
T min departure time 0
