!----------------------------------------------------------------
!Stores: (first: depot x,y; then: satellites x,y,maxCap)
2600,3750   2610,3840,29370   3140,3940,29370
!----------------------------------------------------------------
!Trucks: (total#, cap, cost/dist, fixcost)
3,20000,1,150
!----------------------------------------------------------------
!CityFreighters: (max cf/sat, total#, cap, cost/dist, fixcost, maxCharge, energyConsumption)
4,4,8000,1,80,810,1
!----------------------------------------------------------------
!Customers: (x, y, demand, readyTime, dueDate, serviceTime, penalizationCost)
2980,4270,700,2564,3440,312,4   3090,4450,400,1836,2138,178,3   3070,4640,400,1535,1879,178,1   3360,4750,1200,1769,3133,535,1   3200,4390,40,4649,4685,18,3   3210,4370,80,2675,2753,36,3   3220,4370,2000,2342,4052,892,5   3230,4330,900,2325,2805,401,5   3240,4330,600,1768,2484,267,5   3230,4290,750,624,1068,334,2   3140,4350,1500,818,2216,669,2   3110,4420,150,3581,3683,67,1   3040,4270,250,2009,2347,111,2   2930,4210,1600,519,2015,713,3   2960,4180,450,748,1162,201,1   2610,3840,700,2869,3365,312,4   2970,4100,550,2376,2880,245,4   3150,4070,650,1537,2271,290,1   3140,4060,200,2696,2838,89,4   3210,3910,400,1663,1955,178,3   3210,3980,300,4612,4832,134,3   3140,3940,1300,3102,4220,580,3   3130,3780,700,3355,3987,312,2   3040,3820,750,1206,1954,334,3   2950,4020,1400,2847,4213,624,5   2830,4060,4000,1676,4786,1783,5   2790,3990,600,3425,3913,267,5   2710,4010,1000,20,956,446,4   2640,4140,500,2592,2972,223,4   2770,4390,2500,1574,3382,1115,1   2900,4340,1700,1329,3171,758,4   3190,4330,1100,1063,1981,490,1
!----------------------------------------------------------------
!Recharge stations: x,y
2600,3750   2610,3840   3140,3940   3060,4360   3370,4380   2720,4300

g inverse recharge rate 0.56
