!----------------------------------------------------------------
!Stores: (first: depot x,y; then: satellites x,y,maxCap)
2600,3750   3040,3820,29370   2710,4010,29370
!----------------------------------------------------------------
!Trucks: (total#, cap, cost/dist, fixcost)
3,20000,1,150
!----------------------------------------------------------------
!CityFreighters: (max cf/sat, total#, cap, cost/dist, fixcost, maxCharge, energyConsumption)
4,4,8000,1,80,990,1
!----------------------------------------------------------------
!Customers: (x, y, demand, readyTime, dueDate, serviceTime, penalizationCost)
2980,4270,700,3858,4388,287,5   3090,4450,400,865,1173,164,3   3070,4640,400,660,966,164,4   3360,4750,1200,2177,3007,491,1   3200,4390,40,2978,3006,16,5   3210,4370,80,1668,1736,33,5   3220,4370,2000,2268,4058,819,2   3230,4330,900,2379,3259,368,4   3240,4330,600,1998,2728,246,1   3230,4290,750,754,1344,307,4   3140,4350,1500,2186,3392,614,4   3110,4420,150,3132,3218,61,1   3040,4270,250,3480,3676,102,4   2930,4210,1600,0,1514,655,2   2960,4180,450,1089,1525,184,3   2610,3840,700,4051,4701,287,3   2970,4100,550,1036,1622,225,5   3150,4070,650,3558,3898,266,3   3140,4060,200,898,1106,82,2   3210,3910,400,687,903,164,5   3210,3980,300,3105,3417,123,3   3140,3940,1300,2795,3453,532,3   3130,3780,700,319,915,287,1   3040,3820,750,4126,4680,307,1   2950,4020,1400,2816,4112,573,2   2830,4060,4000,0,2455,1638,3   2790,3990,600,2840,3150,246,5   2710,4010,1000,1400,2092,409,4   2640,4140,500,3439,3865,205,3   2770,4390,2500,762,3096,1024,3   2900,4340,1700,3092,4234,696,2   3190,4330,1100,1197,2039,450,2
!----------------------------------------------------------------
!Recharge stations: x,y
2600,3750   3040,3820   2710,4010   3210,4160   2960,4460   3020,4020

g inverse recharge rate 0.42
