!----------------------------------------------------------------
!Stores: (first: depot x,y; then: satellites x,y,maxCap)
2600,3750   3140,4060,29370   2830,4060,29370
!----------------------------------------------------------------
!Trucks: (total#, cap, cost/dist, fixcost)
3,20000,1,150
!----------------------------------------------------------------
!CityFreighters: (max cf/sat, total#, cap, cost/dist, fixcost, maxCharge, energyConsumption)
4,4,8000,1,80,790,1
!----------------------------------------------------------------
!Customers: (x, y, demand, readyTime, dueDate, serviceTime, penalizationCost)
2980,4270,700,2024,2536,214,3   3090,4450,400,2509,2687,123,1   3070,4640,400,2037,2271,123,3   3360,4750,1200,513,1499,368,5   3200,4390,40,839,857,12,5   3210,4370,80,2277,2343,25,2   3220,4370,2000,1542,2624,613,1   3230,4330,900,2180,3018,276,1   3240,4330,600,1776,2274,184,4   3230,4290,750,1753,1963,230,2   3140,4350,1500,1508,2316,459,1   3110,4420,150,1234,1342,46,3   3040,4270,250,1912,2100,77,2   2930,4210,1600,1712,2896,490,2   2960,4180,450,2951,3245,138,3   2610,3840,700,2779,3345,214,3   2970,4100,550,2264,2556,168,1   3150,4070,650,2563,2919,199,2   3140,4060,200,305,469,61,2   3210,3910,400,1447,1699,123,2   3210,3980,300,1338,1428,92,4   3140,3940,1300,423,1355,398,1   3130,3780,700,2061,2403,214,3   3040,3820,750,1674,2020,230,5   2950,4020,1400,2558,3276,429,3   2830,4060,4000,296,2532,1225,5   2790,3990,600,2976,3280,184,2   2710,4010,1000,58,774,306,4   2640,4140,500,3014,3298,153,5   2770,4390,2500,855,2507,766,2   2900,4340,1700,1548,2230,521,2   3190,4330,1100,1956,2678,337,1
!----------------------------------------------------------------
!Recharge stations: x,y
2600,3750   3140,4060   2830,4060   2850,4540   3130,4740   2970,4340

g inverse recharge rate 0.4
