!----------------------------------------------------------------
!Stores: (first: depot x,y; then: satellites x,y,maxCap)
1250,1750   1290,2140,22500   1460,2080,22500
!----------------------------------------------------------------
!Trucks: (total#, cap, cost/dist, fixcost)
3,15000,1,150
!----------------------------------------------------------------
!CityFreighters: (max cf/sat, total#, cap, cost/dist, fixcost, maxCharge, energyConsumption)
4,4,6000,1,80,660,1
!----------------------------------------------------------------
!Customers: (x, y, demand, readyTime, dueDate, serviceTime, penalizationCost)
1510,2640,1100,1365,1781,272,5   1590,2610,700,1073,1359,173,4   1300,2540,800,2089,2551,198,1   1280,2520,1400,1340,2002,347,2   1630,2470,2100,1979,3157,520,5   1460,2460,400,2749,2889,99,5   1610,2420,800,1627,2071,198,4   1420,2390,100,2825,2867,25,3   1630,2360,500,1546,1790,124,5   1480,2320,600,2049,2359,149,1   1280,2310,1200,1385,2003,297,1   1560,2170,1300,2427,3001,322,4   1290,2140,1300,2586,3250,322,2   1460,2080,300,2386,2516,74,2   1640,2080,900,2099,2539,223,1   1410,2060,2100,0,728,520,2   1470,1930,1000,328,632,248,3   1640,1930,900,1681,2175,223,5   1290,1890,2500,791,2295,619,3   1550,1850,1800,79,971,446,4   1390,1820,700,829,1213,173,2
!----------------------------------------------------------------
!Recharge stations: x,y
1250,1750   1290,2140   1460,2080   1440,2630

g inverse recharge rate 0.45
