!----------------------------------------------------------------
!Stores: (first: depot x,y; then: satellites x,y,maxCap)
2920,4950   2980,4270,29370   3240,4330,29370
!----------------------------------------------------------------
!Trucks: (total#, cap, cost/dist, fixcost)
2,16200,1,135   1,24200,1,165
!----------------------------------------------------------------
!CityFreighters: (max cf/sat, total#, cap, cost/dist, fixcost, maxCharge, energyConsumption)
2,2,6480,1,72,932,1   2,2,9680,1,88,1392,1
!----------------------------------------------------------------
!Customers: (x, y, demand, readyTime, dueDate, serviceTime, penalizationCost)
2980,4270,700,1561,2001,195,4   3240,4330,600,18,352,167,2   3230,4330,900,1416,1806,250,1   3230,4290,750,2283,2885,209,2   3220,4370,2000,1398,2502,557,4   3210,4370,80,2430,2458,22,3   3190,4330,1100,523,937,306,2   3040,4270,250,1088,1226,70,1   3200,4390,40,941,965,11,4   2930,4210,1600,2146,3066,445,2   2960,4180,450,421,793,125,3   3140,4350,1500,2267,2927,417,1   2900,4340,1700,1031,1937,473,5   3110,4420,150,1747,1819,42,3   2970,4100,550,1373,1695,153,4
!----------------------------------------------------------------
!Recharge stations: x,y
2980,4270   3240,4330   2920,4390   3160,3990

g inverse recharge rate 0.24