!----------------------------------------------------------------
!Stores: (first: depot x,y; then: satellites x,y,maxCap)
1450,2150   1480,2320,22500   1460,2080,22500
!----------------------------------------------------------------
!Trucks: (total#, cap, cost/dist, fixcost)
2,12150,1,135   1,18150,1,165
!----------------------------------------------------------------
!CityFreighters: (max cf/sat, total#, cap, cost/dist, fixcost, maxCharge, energyConsumption)
2,2,4860,1,72,470,1   2,2,7260,1,88,702,1
!----------------------------------------------------------------
!Customers: (x, y, demand, readyTime, dueDate, serviceTime, penalizationCost)
1480,2320,600,2062,2282,135,1   1460,2080,300,831,999,67,2   1410,2060,2100,505,1469,471,4   1420,2390,100,2138,2178,22,3   1560,2170,1300,1570,1968,292,4   1460,2460,400,1220,1400,90,2   1470,1930,1000,1117,1615,224,3   1630,2360,500,2606,2840,112,5   1610,2420,800,1919,2405,180,3   1290,2140,1300,176,690,292,2   1640,2080,900,2362,2746,202,1   1280,2310,1200,1603,2279,269,4   1630,2470,2100,1746,2816,471,1   1640,1930,900,1979,2453,202,4   1550,1850,1800,348,1120,404,4
!----------------------------------------------------------------
!Recharge stations: x,y
1450,2150   1480,2320   1460,2080   1600,2500

g inverse recharge rate 0.46