!----------------------------------------------------------------
!Stores: (first: depot x,y; then: satellites x,y,maxCap)
2600,3750   2610,3840,29370   3040,3820,29370
!----------------------------------------------------------------
!Trucks: (total#, cap, cost/dist, fixcost)
2,16200,1,135   1,24200,1,165
!----------------------------------------------------------------
!CityFreighters: (max cf/sat, total#, cap, cost/dist, fixcost, maxCharge, energyConsumption)
2,2,6480,1,72,680,1   2,2,9680,1,88,1016,1
!----------------------------------------------------------------
!Customers: (x, y, demand, readyTime, dueDate, serviceTime, penalizationCost)
2610,3840,700,4696,5324,336,4   3040,3820,750,1489,2191,360,4   3130,3780,700,2586,3226,336,5   3140,3940,1300,761,1651,625,4   3210,3910,400,2812,3212,192,5   2710,4010,1000,3551,4457,480,5   2950,4020,1400,3665,5225,673,3   3210,3980,300,3110,3376,144,4   2790,3990,600,1811,2559,288,2   3140,4060,200,531,731,96,2   3150,4070,650,1423,2191,312,2   2970,4100,550,743,1215,264,1   2640,4140,500,4601,5083,240,3   2830,4060,4000,0,3815,1922,1   2960,4180,450,4389,4761,216,1
!----------------------------------------------------------------
!Recharge stations: x,y
2610,3840   3040,3820   2600,3750   3300,4320

g inverse recharge rate 0.58