!----------------------------------------------------------------
!Stores: (first: depot x,y; then: satellites x,y,maxCap)
2600,3750   3140,4060,29370   2830,4060,29370
!----------------------------------------------------------------
!Trucks: (total#, cap, cost/dist, fixcost)
2,16200,1,135   1,24200,1,165
!----------------------------------------------------------------
!CityFreighters: (max cf/sat, total#, cap, cost/dist, fixcost, maxCharge, energyConsumption)
2,2,6480,1,72,640,1   2,2,9680,1,88,956,1
!----------------------------------------------------------------
!Customers: (x, y, demand, readyTime, dueDate, serviceTime, penalizationCost)
3140,4060,200,727,875,61,1   2830,4060,4000,0,2061,1225,2   3150,4070,650,2389,2801,199,3   2790,3990,600,1644,2082,184,5   3210,3980,300,1426,1592,92,4   3140,3940,1300,2374,3162,398,4   2950,4020,1400,1398,2094,429,3   2710,4010,1000,2315,2793,306,5   2970,4100,550,1128,1448,168,2   3210,3910,400,2000,2316,123,1   2960,4180,450,309,627,138,1   2930,4210,1600,2446,3624,490,5   2640,4140,500,408,684,153,2   3040,4270,250,3006,3182,77,4   3230,4290,750,2472,3098,230,1
!----------------------------------------------------------------
!Recharge stations: x,y
3140,4060   2830,4060   2970,4340   2600,3750

g inverse recharge rate 0.39