!----------------------------------------------------------------
!Stores: (first: depot x,y; then: satellites x,y,maxCap)
2920,4950   3070,4640,29370   2970,4100,29370
!----------------------------------------------------------------
!Trucks: (total#, cap, cost/dist, fixcost)
2,16200,1,135   1,24200,1,165
!----------------------------------------------------------------
!CityFreighters: (max cf/sat, total#, cap, cost/dist, fixcost, maxCharge, energyConsumption)
2,2,6480,1,72,656,1   2,2,9680,1,88,980,1
!----------------------------------------------------------------
!Customers: (x, y, demand, readyTime, dueDate, serviceTime, penalizationCost)
3070,4640,400,2105,2391,145,5   2970,4100,550,3637,3981,199,1   2960,4180,450,2814,3158,163,3   2950,4020,1400,1093,1925,506,5   2930,4210,1600,467,1541,578,2   2830,4060,4000,0,2970,1445,2   2980,4270,700,1073,1755,253,5   3140,4060,200,2774,2920,72,3   3150,4070,650,2676,3240,235,5   3040,4270,250,474,612,90,1   3090,4450,400,225,539,145,5   2790,3990,600,1967,2467,217,3   3110,4420,150,1695,1785,54,5   3140,3940,1300,2724,3706,470,1   2900,4340,1700,0,1164,614,3
!----------------------------------------------------------------
!Recharge stations: x,y
3070,4640   2970,4100   2990,4010   2750,4200

g inverse recharge rate 0.45