!----------------------------------------------------------------
!Stores: (first: depot x,y; then: satellites x,y,maxCap)
2600,3750   3140,3940,29370   2830,4060,29370
!----------------------------------------------------------------
!Trucks: (total#, cap, cost/dist, fixcost)
2,16200,1,135   1,24200,1,165
!----------------------------------------------------------------
!CityFreighters: (max cf/sat, total#, cap, cost/dist, fixcost, maxCharge, energyConsumption)
2,2,6480,1,72,761,1   2,2,9680,1,88,1137,1
!----------------------------------------------------------------
!Customers: (x, y, demand, readyTime, dueDate, serviceTime, penalizationCost)
3140,3940,1300,1102,2192,433,4   2830,4060,4000,0,1712,1333,4   3210,3910,400,2550,2740,133,5   3210,3980,300,1075,1303,100,5   2790,3990,600,186,658,200,2   3140,4060,200,3209,3303,67,4   2950,4020,1400,1351,2301,466,3   3150,4070,650,569,1161,217,3   2710,4010,1000,2990,3650,333,1   2970,4100,550,973,1267,183,3   3040,3820,750,1433,2013,250,4   3130,3780,700,2163,2615,233,2   2960,4180,450,2820,3056,150,2   2930,4210,1600,2516,3844,533,5   2640,4140,500,3280,3620,167,4
!----------------------------------------------------------------
!Recharge stations: x,y
3140,3940   2830,4060   3230,4300   2600,3750

g inverse recharge rate 0.36