!----------------------------------------------------------------
!Stores: (first: depot x,y; then: satellites x,y,maxCap)
2920,4950   3090,4450,29370   3040,4270,29370
!----------------------------------------------------------------
!Trucks: (total#, cap, cost/dist, fixcost)
2,16200,1,135   1,24200,1,165
!----------------------------------------------------------------
!CityFreighters: (max cf/sat, total#, cap, cost/dist, fixcost, maxCharge, energyConsumption)
2,2,6480,1,72,737,1   2,2,9680,1,88,1101,1
!----------------------------------------------------------------
!Customers: (x, y, demand, readyTime, dueDate, serviceTime, penalizationCost)
3090,4450,400,1933,2201,113,5   3040,4270,250,3205,3327,71,3   3110,4420,150,1370,1452,43,4   2980,4270,700,322,638,198,3   3140,4350,1500,337,1111,425,1   2960,4180,450,2094,2290,128,5   3200,4390,40,1874,1898,11,1   2930,4210,1600,1951,3035,454,1   3210,4370,80,1810,1848,23,1   3220,4370,2000,1667,2629,567,3   3190,4330,1100,364,682,312,5   2900,4340,1700,1249,2033,482,2   3230,4330,900,0,470,255,5   2970,4100,550,2404,2662,156,2   3070,4640,400,2651,2873,113,5
!----------------------------------------------------------------
!Recharge stations: x,y
3090,4450   3040,4270   2950,4050   2610,4640

g inverse recharge rate 0.31