!----------------------------------------------------------------
!Stores: (first: depot x,y; then: satellites x,y,maxCap)
2600,3750   3040,3820,29370   2710,4010,29370
!----------------------------------------------------------------
!Trucks: (total#, cap, cost/dist, fixcost)
2,16200,1,135   1,24200,1,165
!----------------------------------------------------------------
!CityFreighters: (max cf/sat, total#, cap, cost/dist, fixcost, maxCharge, energyConsumption)
2,2,6480,1,72,802,1   2,2,9680,1,88,1198,1
!----------------------------------------------------------------
!Customers: (x, y, demand, readyTime, dueDate, serviceTime, penalizationCost)
3040,3820,750,992,1464,307,2   2710,4010,1000,2326,3348,409,5   2790,3990,600,4084,4642,246,1   3130,3780,700,2295,2977,287,4   2830,4060,4000,0,1989,1638,2   2640,4140,500,2441,2909,205,3   3140,3940,1300,2134,3396,532,2   3210,3910,400,3020,3252,164,1   2610,3840,700,1494,2298,287,1   2950,4020,1400,1701,2775,573,5   3210,3980,300,1343,1561,123,3   3140,4060,200,3412,3586,82,2   3150,4070,650,2533,3033,266,5   2970,4100,550,2479,2879,225,2   2930,4210,1600,76,1236,655,2
!----------------------------------------------------------------
!Recharge stations: x,y
3040,3820   2710,4010   3020,4020   2600,3750

g inverse recharge rate 0.42