!----------------------------------------------------------------
!Stores: (first: depot x,y; then: satellites x,y,maxCap)
1450,2150   1630,2360,22500   1290,1890,22500
!----------------------------------------------------------------
!Trucks: (total#, cap, cost/dist, fixcost)
2,12150,1,135   1,18150,1,165
!----------------------------------------------------------------
!CityFreighters: (max cf/sat, total#, cap, cost/dist, fixcost, maxCharge, energyConsumption)
2,2,4860,1,72,648,1   2,2,7260,1,88,968,1
!----------------------------------------------------------------
!Customers: (x, y, demand, readyTime, dueDate, serviceTime, penalizationCost)
1630,2360,500,2835,3127,150,4   1290,1890,2500,2419,3885,748,2   1610,2420,800,3293,3593,239,5   1630,2470,2100,237,1843,628,1   1390,1820,700,2078,2570,209,2   1480,2320,600,1352,1736,180,1   1470,1930,1000,2101,2817,299,2   1460,2460,400,2572,2834,120,4   1560,2170,1300,35,699,389,4   1410,2060,2100,0,1065,628,4   1420,2390,100,1515,1567,30,4   1290,2140,1300,197,627,389,1   1590,2610,700,2223,2729,209,2   1460,2080,300,220,420,90,2   1550,1850,1800,2899,3749,539,5
!----------------------------------------------------------------
!Recharge stations: x,y
1450,2150   1630,2360   1290,1890   1510,1870