!----------------------------------------------------------------
!Stores: (first: depot x,y; then: satellites x,y,maxCap)
1450,2150   1470,1930,22500
!----------------------------------------------------------------
!Trucks: (total#, cap, cost/dist, fixcost)
2,12150,1,135   1,18150,1,165
!----------------------------------------------------------------
!CityFreighters: (max cf/sat, total#, cap, cost/dist, fixcost, maxCharge, energyConsumption)
2,2,4860,1,72,381,1   2,2,7260,1,88,569,1
!----------------------------------------------------------------
!Customers: (x, y, demand, readyTime, dueDate, serviceTime, penalizationCost)
1470,1930,1000,1213,1941,270,1   1550,1850,1800,1932,2948,487,5   1390,1820,700,791,1117,189,1   1410,2060,2100,1795,2565,568,4   1460,2080,300,1113,1303,81,3   1640,1930,900,949,1557,243,4   1290,1890,2500,1015,2029,676,1   1640,2080,900,2886,3322,243,1   1560,2170,1300,2335,2783,352,5   1290,2140,1300,1988,2714,352,5
!----------------------------------------------------------------
!Recharge stations: x,y
1470,1930   1450,2150   1460,2460