!----------------------------------------------------------------
!Stores: (first: depot x,y; then: satellites x,y,maxCap)
1450,2150   1460,2460,22500   1470,1930,22500
!----------------------------------------------------------------
!Trucks: (total#, cap, cost/dist, fixcost)
2,12150,1,135   1,18150,1,165
!----------------------------------------------------------------
!CityFreighters: (max cf/sat, total#, cap, cost/dist, fixcost, maxCharge, energyConsumption)
2,2,4860,1,72,381,1   2,2,7260,1,88,569,1
!----------------------------------------------------------------
!Customers: (x, y, demand, readyTime, dueDate, serviceTime, penalizationCost)
1460,2460,400,2124,2320,108,5   1470,1930,1000,1213,1941,270,1   1420,2390,100,1133,1191,27,1   1550,1850,1800,1932,2948,487,5   1390,1820,700,791,1117,189,1   1480,2320,600,702,990,162,1   1410,2060,2100,1795,2565,568,4   1460,2080,300,1113,1303,81,3   1610,2420,800,390,910,216,1   1630,2470,2100,75,1719,568,5   1640,1930,900,949,1557,243,4   1300,2540,800,2322,2772,216,3   1290,1890,2500,1015,2029,676,1   1510,2640,1100,2129,2655,298,2   1280,2520,1400,1787,2711,379,2
!----------------------------------------------------------------
!Recharge stations: x,y
1450,2150   1460,2460   1470,1930   1200,2430