!----------------------------------------------------------------
!Stores: (first: depot x,y; then: satellites x,y,maxCap)
2920,4950   3220,4370,29370
!----------------------------------------------------------------
!Trucks: (total#, cap, cost/dist, fixcost)
2,16200,1,135   1,24200,1,165
!----------------------------------------------------------------
!CityFreighters: (max cf/sat, total#, cap, cost/dist, fixcost, maxCharge, energyConsumption)
2,2,6480,1,72,672,1   2,2,9680,1,88,1004,1
!----------------------------------------------------------------
!Customers: (x, y, demand, readyTime, dueDate, serviceTime, penalizationCost)
3220,4370,2000,432,1528,599,5   3210,4370,80,1809,1847,24,5   3200,4390,40,3064,3080,12,5   3230,4330,900,273,905,270,3   3240,4330,600,172,490,180,4   3190,4330,1100,2257,2711,329,5   3230,4290,750,2884,3390,225,4   3140,4350,1500,1992,2860,449,2   3110,4420,150,828,904,45,2   3090,4450,400,3071,3361,120,5
!----------------------------------------------------------------
!Recharge stations: x,y
3220,4370   2940,4300   2950,4020