!----------------------------------------------------------------
!Stores: (first: depot x,y; then: satellites x,y,maxCap)
2920,4950   2980,4270,29370
!----------------------------------------------------------------
!Trucks: (total#, cap, cost/dist, fixcost)
2,16200,1,135   1,24200,1,165
!----------------------------------------------------------------
!CityFreighters: (max cf/sat, total#, cap, cost/dist, fixcost, maxCharge, energyConsumption)
2,2,6480,1,72,932,1   2,2,9680,1,88,1392,1
!----------------------------------------------------------------
!Customers: (x, y, demand, readyTime, dueDate, serviceTime, penalizationCost)
2980,4270,700,200,574,195,2   3040,4270,250,2876,3064,70,5   2930,4210,1600,1720,2530,445,1   2960,4180,450,2073,2201,125,1   2900,4340,1700,909,1573,473,1   2970,4100,550,1027,1353,153,5   3140,4350,1500,0,814,417,1   3110,4420,150,2334,2410,42,4   3090,4450,400,1300,1564,111,5   3190,4330,1100,2124,2620,306,2
!----------------------------------------------------------------
!Recharge stations: x,y
2980,4270   2920,4390   3240,4330