!----------------------------------------------------------------
!Stores: (first: depot x,y; then: satellites x,y,maxCap)
2920,4950   3090,4450,29370   3040,4270,29370
!----------------------------------------------------------------
!Trucks: (total#, cap, cost/dist, fixcost)
2,16200,1,135   1,24200,1,165
!----------------------------------------------------------------
!CityFreighters: (max cf/sat, total#, cap, cost/dist, fixcost, maxCharge, energyConsumption)
2,2,6480,1,72,737,1   2,2,9680,1,88,1101,1
!----------------------------------------------------------------
!Customers: (x, y, demand, readyTime, dueDate, serviceTime, penalizationCost)
3090,4450,400,2712,2940,113,2   3040,4270,250,2890,2990,71,1   3110,4420,150,2282,2346,43,3   2980,4270,700,1420,1672,198,4   3140,4350,1500,1727,2463,425,4   2960,4180,450,2211,2365,128,2   3200,4390,40,342,366,11,1   2930,4210,1600,1979,2845,454,4   3210,4370,80,874,912,23,1   3220,4370,2000,2038,3332,567,3   3190,4330,1100,450,1232,312,4   2900,4340,1700,0,1051,482,1   3230,4330,900,1376,1916,255,3   2970,4100,550,2807,3165,156,3   3070,4640,400,1650,1922,113,1
!----------------------------------------------------------------
!Recharge stations: x,y
3090,4450   3040,4270   2950,4050   2610,4640