!----------------------------------------------------------------
!Stores: (first: depot x,y; then: satellites x,y,maxCap)
2920,4950   3090,4450,29370
!----------------------------------------------------------------
!Trucks: (total#, cap, cost/dist, fixcost)
2,16200,1,135   1,24200,1,165
!----------------------------------------------------------------
!CityFreighters: (max cf/sat, total#, cap, cost/dist, fixcost, maxCharge, energyConsumption)
2,2,6480,1,72,737,1   2,2,9680,1,88,1101,1
!----------------------------------------------------------------
!Customers: (x, y, demand, readyTime, dueDate, serviceTime, penalizationCost)
3090,4450,400,2712,2940,113,2   3110,4420,150,2282,2346,43,3   3140,4350,1500,1727,2463,425,4   3200,4390,40,342,366,11,1   3210,4370,80,874,912,23,1   3220,4370,2000,2038,3332,567,3   3190,4330,1100,450,1232,312,4   3230,4330,900,1376,1916,255,3   3040,4270,250,2890,2990,71,1   3070,4640,400,1650,1922,113,1
!----------------------------------------------------------------
!Recharge stations: x,y
3090,4450   3040,4270   2950,4050