!----------------------------------------------------------------
!Stores: (first: depot x,y; then: satellites x,y,maxCap)
1450,2150   1560,2170,22500   1410,2060,22500
!----------------------------------------------------------------
!Trucks: (total#, cap, cost/dist, fixcost)
2,12150,1,135   1,18150,1,165
!----------------------------------------------------------------
!CityFreighters: (max cf/sat, total#, cap, cost/dist, fixcost, maxCharge, energyConsumption)
2,2,4860,1,72,688,1   2,2,7260,1,88,1029,1
!----------------------------------------------------------------
!Customers: (x, y, demand, readyTime, dueDate, serviceTime, penalizationCost)
1560,2170,1300,2449,3087,306,4   1410,2060,2100,147,1021,494,1   1460,2080,300,1582,1764,71,2   1640,2080,900,167,497,212,4   1470,1930,1000,1089,1659,235,4   1290,2140,1300,2330,2950,306,1   1480,2320,600,308,578,141,3   1630,2360,500,1859,2065,118,3   1290,1890,2500,1011,2517,588,2   1390,1820,700,349,785,165,1   1550,1850,1800,1248,2218,423,2   1640,1930,900,399,983,212,4   1610,2420,800,1099,1477,188,1   1420,2390,100,2344,2402,24,2   1280,2310,1200,1638,2152,282,5
!----------------------------------------------------------------
!Recharge stations: x,y
1450,2150   1560,2170   1410,2060   1250,2490