!----------------------------------------------------------------
!Stores: (first: depot x,y; then: satellites x,y,maxCap)
1450,2150   1480,2320,22500   1460,2080,22500
!----------------------------------------------------------------
!Trucks: (total#, cap, cost/dist, fixcost)
2,12150,1,135   1,18150,1,165
!----------------------------------------------------------------
!CityFreighters: (max cf/sat, total#, cap, cost/dist, fixcost, maxCharge, energyConsumption)
2,2,4860,1,72,470,1   2,2,7260,1,88,702,1
!----------------------------------------------------------------
!Customers: (x, y, demand, readyTime, dueDate, serviceTime, penalizationCost)
1480,2320,600,1091,1399,135,3   1460,2080,300,96,210,67,3   1410,2060,2100,536,1568,471,3   1420,2390,100,270,306,22,5   1560,2170,1300,1392,1980,292,5   1460,2460,400,2608,2842,90,2   1470,1930,1000,475,1001,224,1   1630,2360,500,2282,2520,112,4   1610,2420,800,669,1091,180,3   1290,2140,1300,1626,2208,292,2   1640,2080,900,1173,1701,202,2   1280,2310,1200,2134,2588,269,3   1630,2470,2100,145,821,471,2   1640,1930,900,1775,2237,202,4   1550,1850,1800,1346,2180,404,3
!----------------------------------------------------------------
!Recharge stations: x,y
1450,2150   1480,2320   1460,2080   1600,2500