!----------------------------------------------------------------
!Stores: (first: depot x,y; then: satellites x,y,maxCap)
2600,3750   3140,4060,29370   2830,4060,29370
!----------------------------------------------------------------
!Trucks: (total#, cap, cost/dist, fixcost)
2,16200,1,135   1,24200,1,165
!----------------------------------------------------------------
!CityFreighters: (max cf/sat, total#, cap, cost/dist, fixcost, maxCharge, energyConsumption)
2,2,6480,1,72,640,1   2,2,9680,1,88,956,1
!----------------------------------------------------------------
!Customers: (x, y, demand, readyTime, dueDate, serviceTime, penalizationCost)
3140,4060,200,232,324,61,4   2830,4060,4000,942,3014,1225,5   3150,4070,650,2445,2789,199,2   2790,3990,600,283,729,184,5   3210,3980,300,2864,3052,92,5   3140,3940,1300,0,818,398,4   2950,4020,1400,2029,2743,429,4   2710,4010,1000,1974,2756,306,5   2970,4100,550,963,1349,168,2   3210,3910,400,2118,2302,123,1   2960,4180,450,567,959,138,1   2930,4210,1600,122,1070,490,2   2640,4140,500,1110,1538,153,2   3040,4270,250,2868,3066,77,1   3230,4290,750,1696,2256,230,1
!----------------------------------------------------------------
!Recharge stations: x,y
3140,4060   2830,4060   2970,4340   2600,3750