!----------------------------------------------------------------
!Stores: (first: depot x,y; then: satellites x,y,maxCap)
1250,1750   1290,2140,22500   1410,2060,22500
!----------------------------------------------------------------
!Trucks: (total#, cap, cost/dist, fixcost)
2,12150,1,135   1,18150,1,165
!----------------------------------------------------------------
!CityFreighters: (max cf/sat, total#, cap, cost/dist, fixcost, maxCharge, energyConsumption)
2,2,4860,1,72,494,1   2,2,7260,1,88,738,1
!----------------------------------------------------------------
!Customers: (x, y, demand, readyTime, dueDate, serviceTime, penalizationCost)
1290,2140,1300,531,1313,329,1   1410,2060,2100,2539,3303,531,3   1460,2080,300,1085,1265,76,2   1470,1930,1000,1079,1479,253,2   1280,2310,1200,2267,2993,303,2   1560,2170,1300,2208,2930,329,4   1290,1890,2500,1587,3193,632,2   1640,2080,900,694,1124,227,1   1390,1820,700,1774,2130,177,2   1550,1850,1800,1995,2967,455,3   1480,2320,600,1774,2126,152,2   1640,1930,900,1454,1722,227,1   1420,2390,100,1556,1618,25,4   1460,2460,400,1981,2177,101,4   1630,2360,500,1363,1651,126,1
!----------------------------------------------------------------
!Recharge stations: x,y
1250,1750   1290,2140   1410,2060   1460,2340