!----------------------------------------------------------------
!Stores: (first: depot x,y; then: satellites x,y,maxCap)
1250,1750   1290,2140,22500   1470,1930,22500
!----------------------------------------------------------------
!Trucks: (total#, cap, cost/dist, fixcost)
2,12150,1,135   1,18150,1,165
!----------------------------------------------------------------
!CityFreighters: (max cf/sat, total#, cap, cost/dist, fixcost, maxCharge, energyConsumption)
2,2,4860,1,72,502,1   2,2,7260,1,88,750,1
!----------------------------------------------------------------
!Customers: (x, y, demand, readyTime, dueDate, serviceTime, penalizationCost)
1290,2140,1300,1848,2498,360,4   1470,1930,1000,2676,3008,277,2   1550,1850,1800,1805,2415,498,1   1390,1820,700,1902,2408,194,5   1410,2060,2100,0,659,581,1   1460,2080,300,1586,1754,83,1   1280,2310,1200,2413,2869,332,4   1640,1930,900,590,1208,249,1   1290,1890,2500,367,1219,692,3   1640,2080,900,376,862,249,4   1560,2170,1300,61,959,360,3   1480,2320,600,1953,2187,166,2   1420,2390,100,2696,2756,28,1   1460,2460,400,405,601,111,3   1280,2520,1400,2078,2814,387,5
!----------------------------------------------------------------
!Recharge stations: x,y
1250,1750   1290,2140   1470,1930   1480,2630