!----------------------------------------------------------------
!Stores: (first: depot x,y; then: satellites x,y,maxCap)
2920,4950   3360,4750,29370   3200,4390,29370
!----------------------------------------------------------------
!Trucks: (total#, cap, cost/dist, fixcost)
2,16200,1,135   1,24200,1,165
!----------------------------------------------------------------
!CityFreighters: (max cf/sat, total#, cap, cost/dist, fixcost, maxCharge, energyConsumption)
2,2,6480,1,72,867,1   2,2,9680,1,88,1295,1
!----------------------------------------------------------------
!Customers: (x, y, demand, readyTime, dueDate, serviceTime, penalizationCost)
3360,4750,1200,3486,4672,546,3   3200,4390,40,770,798,18,3   3210,4370,80,1666,1748,36,3   3220,4370,2000,1209,2905,910,2   3190,4330,1100,953,1945,501,4   3230,4330,900,4416,5334,410,2   3240,4330,600,911,1337,273,5   3140,4350,1500,1496,2132,683,2   3110,4420,150,2675,2769,68,3   3230,4290,750,3479,4247,341,3   3090,4450,400,3974,4328,182,3   3040,4270,250,2261,2477,114,4   2980,4270,700,803,1539,319,4   3070,4640,400,88,568,182,1   2900,4340,1700,729,2487,774,2
!----------------------------------------------------------------
!Recharge stations: x,y
3360,4750   3200,4390   3220,4130   2920,4950