!----------------------------------------------------------------
!Stores: (first: depot x,y; then: satellites x,y,maxCap)
2600,3750   2950,4020,29370   2710,4010,29370
!----------------------------------------------------------------
!Trucks: (total#, cap, cost/dist, fixcost)
2,16200,1,135   1,24200,1,165
!----------------------------------------------------------------
!CityFreighters: (max cf/sat, total#, cap, cost/dist, fixcost, maxCharge, energyConsumption)
2,2,6480,1,72,948,1   2,2,9680,1,88,1416,1
!----------------------------------------------------------------
!Customers: (x, y, demand, readyTime, dueDate, serviceTime, penalizationCost)
2950,4020,1400,1003,2339,498,3   2710,4010,1000,722,1540,356,3   2970,4100,550,3087,3439,196,1   2790,3990,600,2109,2479,213,1   2830,4060,4000,0,1729,1422,1   2640,4140,500,2994,3364,178,2   2960,4180,450,2909,3149,160,3   2930,4210,1600,41,877,569,4   3140,4060,200,584,730,71,1   2610,3840,700,1535,2053,249,4   3150,4070,650,996,1426,231,4   3140,3940,1300,824,1768,462,5   3040,3820,750,3095,3693,267,2   2980,4270,700,231,607,249,1   3210,3980,300,3241,3341,107,2
!----------------------------------------------------------------
!Recharge stations: x,y
2950,4020   2710,4010   2680,4220   2930,4300