!----------------------------------------------------------------
!Stores: (first: depot x,y; then: satellites x,y,maxCap)
1250,1750   1290,1890,22500
!----------------------------------------------------------------
!Trucks: (total#, cap, cost/dist, fixcost)
2,12150,1,135   1,18150,1,165
!----------------------------------------------------------------
!CityFreighters: (max cf/sat, total#, cap, cost/dist, fixcost, maxCharge, energyConsumption)
2,2,4860,1,72,713,1   2,2,7260,1,88,1065,1
!----------------------------------------------------------------
!Customers: (x, y, demand, readyTime, dueDate, serviceTime, penalizationCost)
1290,1890,2500,2135,4115,888,3   1390,1820,700,2801,3247,249,1   1470,1930,1000,0,713,355,1   1410,2060,2100,1566,2854,746,1   1290,2140,1300,1782,2692,462,4   1460,2080,300,426,680,107,2   1550,1850,1800,775,1793,639,5   1640,1930,900,812,1688,320,5   1560,2170,1300,3392,4432,462,1   1640,2080,900,2627,3385,320,5
!----------------------------------------------------------------
!Recharge stations: x,y
1290,1890   1390,1820   1250,1750