!----------------------------------------------------------------
!Stores: (first: depot x,y; then: satellites x,y,maxCap)
1250,1750   1290,1890,22500
!----------------------------------------------------------------
!Trucks: (total#, cap, cost/dist, fixcost)
2,12150,1,135   1,18150,1,165
!----------------------------------------------------------------
!CityFreighters: (max cf/sat, total#, cap, cost/dist, fixcost, maxCharge, energyConsumption)
2,2,4860,1,72,826,1   2,2,7260,1,88,1234,1
!----------------------------------------------------------------
!Customers: (x, y, demand, readyTime, dueDate, serviceTime, penalizationCost)
1290,1890,2500,1371,2495,727,1   1390,1820,700,76,364,203,2   1470,1930,1000,3174,3684,291,4   1410,2060,2100,2382,3292,610,2   1290,2140,1300,2209,3025,378,1   1460,2080,300,236,440,87,5   1550,1850,1800,2383,3325,523,5   1640,1930,900,2152,2664,262,3   1560,2170,1300,2832,3558,378,4   1640,2080,900,2830,3216,262,1
!----------------------------------------------------------------
!Recharge stations: x,y
1290,1890   1250,1750   1460,2080