!----------------------------------------------------------------
!Stores: (first: depot x,y; then: satellites x,y,maxCap)
1450,2150   1460,2080,22500
!----------------------------------------------------------------
!Trucks: (total#, cap, cost/dist, fixcost)
2,12150,1,135   1,18150,1,165
!----------------------------------------------------------------
!CityFreighters: (max cf/sat, total#, cap, cost/dist, fixcost, maxCharge, energyConsumption)
2,2,4860,1,72,486,1   2,2,7260,1,88,726,1
!----------------------------------------------------------------
!Customers: (x, y, demand, readyTime, dueDate, serviceTime, penalizationCost)
1460,2080,300,2181,2329,70,2   1410,2060,2100,48,978,488,2   1560,2170,1300,1077,1695,302,1   1470,1930,1000,2360,2880,232,5   1290,2140,1300,274,856,302,4   1640,2080,900,1306,1688,209,4   1640,1930,900,957,1333,209,4   1480,2320,600,1552,1884,139,3   1550,1850,1800,47,845,418,2   1290,1890,2500,543,1619,581,2
!----------------------------------------------------------------
!Recharge stations: x,y
1460,2080   1450,2150   1700,1900