!----------------------------------------------------------------
!Stores: (first: depot x,y; then: satellites x,y,maxCap)
1450,2150   1420,2390,22500   1460,2080,22500
!----------------------------------------------------------------
!Trucks: (total#, cap, cost/dist, fixcost)
2,12150,1,135   1,18150,1,165
!----------------------------------------------------------------
!CityFreighters: (max cf/sat, total#, cap, cost/dist, fixcost, maxCharge, energyConsumption)
2,2,4860,1,72,486,1   2,2,7260,1,88,726,1
!----------------------------------------------------------------
!Customers: (x, y, demand, readyTime, dueDate, serviceTime, penalizationCost)
1420,2390,100,2531,2581,23,1   1460,2080,300,2181,2329,70,2   1410,2060,2100,48,978,488,2   1460,2460,400,1388,1580,93,2   1480,2320,600,1552,1884,139,3   1560,2170,1300,1077,1695,302,1   1470,1930,1000,2360,2880,232,5   1280,2310,1200,1939,2495,279,4   1290,2140,1300,274,856,302,4   1640,2080,900,1306,1688,209,4   1280,2520,1400,269,953,325,2   1300,2540,800,1231,1507,186,4   1610,2420,800,1096,1554,186,3   1630,2360,500,597,811,116,3   1630,2470,2100,19,1137,488,3
!----------------------------------------------------------------
!Recharge stations: x,y
1450,2150   1420,2390   1460,2080   1700,1900