!----------------------------------------------------------------
!Stores: (first: depot x,y; then: satellites x,y,maxCap)
300,0   1258,707,1000   742,378,1000   174,458,1000   1537,247,1000
!----------------------------------------------------------------
!Trucks: (total#, cap, cost/dist, fixcost)
3,202,1,135   3,303,1,165
!----------------------------------------------------------------
!CityFreighters: (max cf/sat, total#, cap, cost/dist, fixcost, maxCharge, energyConsumption)
5,5,101,1,72,810,1   5,5,151,1,88,1210,1
!----------------------------------------------------------------
!Customers: (x, y, demand, readyTime, dueDate, serviceTime, penalizationCost)
1078,257,15,2648,3470,480,3   918,628,27,404,1882,865,3   381,345,29,462,2246,929,4   816,329,22,4875,5971,705,5   799,696,8,5492,5992,256,5   423,464,10,2499,3275,320,4   1346,338,25,4668,6396,801,4   844,755,4,4111,4391,128,4   1010,342,6,1831,2149,192,1   825,749,29,2810,4942,929,5   873,553,22,1105,3045,705,1   1364,513,29,2667,3991,929,5   582,247,10,5490,6124,320,1   202,518,18,4074,5334,576,3   919,267,22,4849,6517,705,4   1686,510,4,4535,4827,128,4   1105,394,23,3602,5626,737,5   569,729,20,1016,2018,641,4   660,568,20,139,1737,641,1   1089,463,7,1700,2348,224,2   489,348,24,4654,5874,769,4   644,327,9,1859,2711,288,5   517,331,4,5367,5641,128,1   420,358,16,5572,6346,512,2   1669,384,22,1856,3230,705,3   394,671,10,1268,1688,320,3   1266,371,26,4334,6696,833,2   1260,399,28,3197,4989,897,1   1148,529,24,4790,5900,769,3   1161,311,13,4165,4579,416,3   1216,736,4,1583,1833,128,4   1065,715,5,5186,5500,160,5   1540,609,23,4195,5429,737,5   543,522,6,3899,4303,192,5   567,444,13,5313,6253,416,2   904,516,22,4788,6062,705,3   1716,406,6,3801,4203,192,4   460,677,18,4539,5589,576,3   1277,456,22,2209,3815,705,1   921,466,12,3985,4985,384,1   1801,385,27,3192,4722,865,5   197,438,21,3971,5075,673,3   1520,513,12,5704,6454,384,3   866,783,25,2594,4070,801,3   939,892,22,236,1492,705,3   1033,424,29,3438,5942,929,2   535,761,10,2419,3075,320,5   1986,442,10,1788,2594,320,5   664,627,3,4689,4915,96,4   1583,153,25,3935,5245,801,1
!----------------------------------------------------------------
!Recharge stations: x,y
300,0   1258,707   742,378   174,458   1537,247   934,581   1805,572   524,736   1767,528   1779,612   1046,238   1769,517   1339,698   824,700   762,402   1424,448   996,706   1842,529   555,586   1101,584

g inverse recharge rate 0.59
