!----------------------------------------------------------------
!Stores: (first: depot x,y; then: satellites x,y,maxCap)
300,0   1653,568,1000   1871,320,1000   1234,686,1000   279,699,1000
!----------------------------------------------------------------
!Trucks: (total#, cap, cost/dist, fixcost)
3,202,1,135   3,303,1,165
!----------------------------------------------------------------
!CityFreighters: (max cf/sat, total#, cap, cost/dist, fixcost, maxCharge, energyConsumption)
5,5,101,1,72,810,1   5,5,151,1,88,1210,1
!----------------------------------------------------------------
!Customers: (x, y, demand, readyTime, dueDate, serviceTime, penalizationCost)
1227,755,3,5875,6101,111,2   1781,476,27,4305,6327,996,3   1051,385,9,743,1549,332,5   366,540,25,2866,4790,922,1   801,289,7,2589,3001,258,4   1193,317,10,1069,1763,369,3   1060,468,29,2548,4750,1070,2   982,744,6,1985,2379,221,3   590,349,21,364,2260,775,5   679,272,25,446,2248,922,5   810,399,7,5238,5802,258,3   977,713,16,1986,3424,590,5   934,265,11,962,1610,406,2   458,492,21,3206,4584,775,2   1554,663,27,2189,4055,996,1   460,405,13,551,1553,480,1   1375,264,19,475,1631,701,1   784,295,7,4164,4712,258,2   1185,262,17,5404,7072,627,2   852,774,19,3430,4688,701,3   205,510,9,3627,4229,332,1   917,244,5,4587,5011,184,3   1339,726,18,6356,7160,664,4   1557,371,24,5676,6662,885,2   1252,738,16,758,1532,590,1   1173,621,29,1275,3617,1070,5   1636,352,28,5547,7171,1033,5   1435,523,26,1869,4183,959,1   441,334,8,3429,3959,295,4   237,572,3,2874,3062,111,3   321,577,12,2799,3667,443,5   1428,570,29,20,2490,1070,5   1536,287,20,3908,5638,738,4   794,332,27,4654,6748,996,5   1623,523,29,545,3089,1070,5   203,497,12,2190,2996,443,1   461,697,25,5177,6215,922,4   439,477,10,1751,2899,369,1   1354,714,20,3591,4793,738,4   1710,494,14,4137,5349,516,4   638,433,11,4533,5487,406,4   1594,622,25,736,2402,922,5   1350,165,5,1290,1700,184,5   1664,507,10,2348,2880,369,2   695,739,14,415,1237,516,4   1215,830,24,4075,5417,885,1   1584,213,27,1588,3416,996,4   318,339,20,5736,7094,738,1   1588,508,22,146,1456,812,4   138,336,19,2278,3688,701,4
!----------------------------------------------------------------
!Recharge stations: x,y
300,0   1653,568   1871,320   1234,686   279,699   661,466   1714,350   994,513

g inverse recharge rate 0.7
