!----------------------------------------------------------------
!Stores: (first: depot x,y; then: satellites x,y,maxCap)
300,0   737,750,1000   1403,735,1000   1207,746,1000   214,536,1000
!----------------------------------------------------------------
!Trucks: (total#, cap, cost/dist, fixcost)
3,202,1,135   3,303,1,165
!----------------------------------------------------------------
!CityFreighters: (max cf/sat, total#, cap, cost/dist, fixcost, maxCharge, energyConsumption)
5,5,101,1,72,810,1   5,5,151,1,88,1210,1
!----------------------------------------------------------------
!Customers: (x, y, demand, readyTime, dueDate, serviceTime, penalizationCost)
381,672,25,38,1572,848,5   235,448,15,3802,4998,509,5   1527,689,11,3761,4579,373,2   991,692,10,2369,3069,339,4   1381,463,24,1896,3846,815,5   1331,325,10,3722,4424,339,1   280,463,3,2056,2232,102,1   1649,482,20,4404,5542,679,4   1251,279,18,1630,3128,611,5   772,424,19,3159,4575,645,1   601,399,5,4191,4399,170,2   826,529,15,5319,6401,509,2   530,700,4,1415,1667,136,3   1347,369,20,2840,3644,679,2   358,653,26,129,1899,882,4   1456,310,20,261,1491,679,3   432,545,11,2657,3411,373,2   308,637,10,4652,5414,339,4   715,262,27,2690,4824,916,5   870,441,5,3731,4039,170,5   1624,425,17,488,1758,577,3   253,551,5,5287,5623,170,2   630,527,19,4903,6367,645,3   1106,459,12,1490,2304,407,2   968,772,26,4042,6026,882,4   993,689,13,3905,4801,441,5   242,444,28,4188,5968,950,2   1479,590,20,0,1734,679,3   1436,406,20,26,1636,679,3   516,737,26,2889,4463,882,4   1581,667,26,2484,3834,882,3   1019,358,16,347,989,543,1   1616,672,13,496,1134,441,5   557,378,18,3205,4691,611,4   1394,537,22,1033,2273,747,4   1601,345,21,3165,4733,713,5   769,350,14,3284,4326,475,2   1790,485,17,4276,5526,577,1   814,743,26,4330,6096,882,5   399,364,29,0,1915,984,5   835,490,8,709,1231,272,2   533,911,20,5,1411,679,2   630,548,10,284,1066,339,1   1296,446,14,992,1988,475,3   1428,556,6,5540,6078,204,4   278,269,6,2525,2835,204,2   646,530,3,1996,2128,102,4   1658,532,14,2087,2581,475,2   470,622,19,241,1929,645,5   1838,751,9,5641,6199,305,2
!----------------------------------------------------------------
!Recharge stations: x,y
300,0   737,750   1403,735   1207,746   214,536   1130,505   1578,314   1186,382   970,162   665,917   1713,789   37,542   1171,701   275,335   1325,207   585,786   855,801   517,331   1820,216   1356,325   756,278   383,615   1193,217   485,339   559,431

g inverse recharge rate 0.59
