!----------------------------------------------------------------
!Stores: (first: depot x,y; then: satellites x,y,maxCap)
300,0   54,456,1000   164,276,1000   1745,570,1000   1076,323,1000
!----------------------------------------------------------------
!Trucks: (total#, cap, cost/dist, fixcost)
3,202,1,135   3,303,1,165
!----------------------------------------------------------------
!CityFreighters: (max cf/sat, total#, cap, cost/dist, fixcost, maxCharge, energyConsumption)
5,5,101,1,72,810,1   5,5,151,1,88,1210,1
!----------------------------------------------------------------
!Customers: (x, y, demand, readyTime, dueDate, serviceTime, penalizationCost)
1267,379,15,4497,5807,656,2   588,332,25,5327,7365,1093,4   359,385,20,3497,4881,875,2   1711,446,21,2668,4244,918,2   1748,553,14,2073,3531,612,3   501,610,4,1976,2338,175,3   743,356,4,2480,2730,175,4   1253,700,20,1824,3590,875,2   212,516,11,1689,2669,481,1   817,431,25,1724,2990,1093,3   473,323,12,1813,2957,525,3   884,530,20,154,1974,875,4   319,527,29,3878,6292,1268,3   1013,202,12,4693,5511,525,5   666,690,7,4508,4954,306,2   1380,521,10,4164,5050,437,2   1542,585,17,3083,4561,743,3   218,469,18,2497,4205,787,1   1642,509,17,2522,3382,743,5   1370,431,25,1725,3611,1093,5   1398,390,15,4952,6294,656,4   1556,315,11,6592,7386,481,1   294,594,4,3739,4053,175,3   350,659,5,5698,6230,219,4   446,593,14,1812,2960,612,3   1467,397,23,797,3207,1006,5   205,524,8,2496,3084,350,4   790,276,27,1637,3915,1181,1   364,353,18,5325,6973,787,4   1157,436,21,47,1705,918,2   254,501,28,695,3687,1224,5   1672,607,20,771,3263,875,2   1391,587,26,3026,4878,1137,2   1096,593,4,6457,6945,175,1   1335,471,6,5084,5650,262,3   1178,614,23,5581,6659,1006,4   662,563,13,3744,4740,568,5   956,365,21,3034,4664,918,4   1175,619,22,198,2514,962,1   1492,323,24,496,2036,1049,5   1622,680,5,6658,7086,219,5   254,287,26,456,2442,1137,3   1860,336,17,4209,5587,743,3   1588,369,10,3433,4417,437,2   1199,247,5,4435,4975,219,1   885,670,11,6060,6904,481,1   108,629,6,7571,8127,262,5   1456,199,9,4698,5480,394,5   599,646,12,2324,3186,525,1   384,157,5,5657,6195,219,4
!----------------------------------------------------------------
!Recharge stations: x,y
300,0   54,456   164,276   1745,570   1076,323   895,312   1052,600   1666,701   1481,567   588,510   226,568   243,479   1265,205   1665,402   160,494   955,546   269,603   1421,693   639,189   1800,542

g inverse recharge rate 0.74
