!----------------------------------------------------------------
!Stores: (first: depot x,y; then: satellites x,y,maxCap)
300,0   14,516,1000   900,857,1000   226,729,1000   1523,387,1000
!----------------------------------------------------------------
!Trucks: (total#, cap, cost/dist, fixcost)
3,202,1,135   3,303,1,165
!----------------------------------------------------------------
!CityFreighters: (max cf/sat, total#, cap, cost/dist, fixcost, maxCharge, energyConsumption)
5,5,101,1,72,810,1   5,5,151,1,88,1210,1
!----------------------------------------------------------------
!Customers: (x, y, demand, readyTime, dueDate, serviceTime, penalizationCost)
1319,462,5,4308,4880,231,2   1081,616,7,2738,3642,324,1   450,560,7,1527,1971,324,3   744,686,25,3118,5280,1156,1   227,439,18,5636,7032,833,4   1544,529,20,1142,3094,925,3   1075,473,18,4962,6592,833,2   1297,233,19,5823,7219,879,3   904,687,29,3188,6092,1341,5   643,611,27,5397,8203,1249,2   1565,665,29,4636,7142,1341,3   1065,333,29,976,3860,1341,1   1500,324,11,1435,2555,509,3   1432,354,22,268,3064,1018,3   853,713,19,1009,2965,879,1   302,509,13,5783,6875,601,5   1286,463,28,1935,5363,1295,3   981,764,6,3897,4385,278,5   211,508,22,0,2589,1018,5   1151,357,4,5965,6159,185,3   780,320,5,1756,2074,231,5   1193,762,21,4320,7088,971,1   1067,379,8,5596,6308,370,2   282,420,18,4865,6705,833,5   469,601,3,6686,6978,139,3   1506,342,19,1350,3242,879,3   1686,616,7,4355,4899,324,1   1629,594,7,2963,3661,324,2   1703,469,9,6041,7051,416,3   1456,503,7,3094,3706,324,4   1129,307,8,488,1246,370,5   1160,338,15,4285,5713,694,5   361,615,15,3615,4227,694,5   1119,208,16,1190,2718,740,5   412,308,11,2113,2861,509,4   1528,661,5,7435,7997,231,4   1697,511,18,1400,3430,833,2   1184,516,3,7170,7408,139,1   1284,408,22,4611,6559,1018,2   1645,510,27,2657,4975,1249,4   1502,365,9,2811,3503,416,2   200,285,12,6327,7757,555,3   1168,618,5,6170,6640,231,1   1228,143,27,2204,5018,1249,2   887,54,19,3871,6127,879,4   934,389,18,674,2222,833,1   118,716,4,7560,7994,185,3   1557,122,26,3797,6053,1203,4   1865,539,5,1619,2091,231,4   0,500,7,2299,3039,324,2
!----------------------------------------------------------------
!Recharge stations: x,y
300,0   14,516   900,857   226,729   1523,387   1473,232   516,325

g inverse recharge rate 0.75
