!----------------------------------------------------------------
!Stores: (first: depot x,y; then: satellites x,y,maxCap)
300,0   1301,770,1000   254,805,1000   1042,125,1000   1949,604,1000
!----------------------------------------------------------------
!Trucks: (total#, cap, cost/dist, fixcost)
3,202,1,135   3,303,1,165
!----------------------------------------------------------------
!CityFreighters: (max cf/sat, total#, cap, cost/dist, fixcost, maxCharge, energyConsumption)
5,5,101,1,72,810,1   5,5,151,1,88,1210,1
!----------------------------------------------------------------
!Customers: (x, y, demand, readyTime, dueDate, serviceTime, penalizationCost)
629,336,12,5435,6211,496,5   460,387,11,4178,5130,455,3   1688,429,16,2399,3679,662,3   1449,542,25,47,2375,1034,3   1029,651,18,903,2609,745,3   747,647,19,2850,4092,786,2   944,670,19,4510,5986,786,5   459,321,9,4633,5495,372,3   748,672,13,3437,4763,538,5   1734,562,20,3869,5745,827,2   1006,523,10,3900,4822,414,2   1115,344,26,1258,3364,1075,4   525,572,20,1185,2677,827,5   1099,637,15,2358,3568,620,4   1733,426,29,415,3085,1200,1   1239,422,13,4077,5511,538,4   1582,312,21,13,2091,869,4   1221,729,21,617,2077,869,2   649,668,28,4949,7335,1158,5   1435,250,6,4673,5073,248,4   371,320,9,5367,6101,372,1   610,490,11,2325,3233,455,4   752,225,18,5979,7243,745,2   1763,453,14,3082,4160,579,5   865,652,6,569,1153,248,3   749,601,9,4208,4820,372,3   397,456,7,4734,5288,290,3   716,621,10,3688,4360,414,4   1500,608,12,209,1367,496,2   851,771,22,0,1985,910,3   1686,622,13,4612,5718,538,4   1555,455,11,1451,2673,455,4   680,485,6,5628,6182,248,3   1377,463,6,4424,4800,248,5   1630,501,6,1163,1653,248,4   1619,511,20,4052,6058,827,5   1578,620,11,3514,4468,455,1   387,409,15,3721,5041,620,2   859,326,16,4798,6174,662,4   586,446,8,2565,3385,331,3   1582,357,9,4297,5177,372,5   814,501,29,2592,4662,1200,2   1113,156,28,3154,5568,1158,5   1276,752,24,1574,3614,993,4   1706,620,19,4853,6175,786,3   1741,645,14,767,1829,579,3   1451,629,15,3411,4469,620,5   1925,391,14,3166,4276,579,1   1433,513,6,4545,5117,248,3   1047,330,18,2535,4129,745,5
!----------------------------------------------------------------
!Recharge stations: x,y
300,0   1301,770   254,805   1042,125   1949,604   786,558   961,757   592,546   1796,454   1828,482

g inverse recharge rate 0.69
