!----------------------------------------------------------------
!Stores: (first: depot x,y; then: satellites x,y,maxCap)
300,0   1002,917,1000   103,601,1000   426,696,1000   614,98,1000
!----------------------------------------------------------------
!Trucks: (total#, cap, cost/dist, fixcost)
3,202,1,135   3,303,1,165
!----------------------------------------------------------------
!CityFreighters: (max cf/sat, total#, cap, cost/dist, fixcost, maxCharge, energyConsumption)
5,5,101,1,72,810,1   5,5,151,1,88,1210,1
!----------------------------------------------------------------
!Customers: (x, y, demand, readyTime, dueDate, serviceTime, penalizationCost)
1347,608,18,2224,3580,772,1   411,612,7,2279,2873,300,5   852,558,4,7631,8067,172,1   953,749,6,2936,3654,257,3   1328,600,27,5256,7188,1159,3   1203,628,12,5171,6227,515,3   1401,354,21,3947,5653,901,3   1587,324,13,6372,7982,558,1   1522,633,5,6935,7383,215,1   1253,424,10,5293,5937,429,4   1024,672,8,3522,4286,343,5   1337,743,13,6181,7505,558,3   940,357,5,6555,7111,215,4   1311,642,16,1028,2234,687,1   1695,558,28,4011,6539,1202,5   585,586,19,4684,6034,815,5   1061,582,14,4995,6185,601,4   940,546,5,2633,3121,215,2   1386,509,26,4754,7394,1116,2   510,434,26,5838,7864,1116,5   1343,701,4,6052,6434,172,3   1721,609,23,1471,3203,987,3   1493,580,10,1543,2227,429,2   918,642,29,1383,4029,1244,2   320,576,23,3097,5473,987,3   851,720,19,4584,5960,815,4   437,347,18,6339,8327,772,3   1773,549,8,5955,6767,343,4   587,656,18,5423,7241,772,3   1318,469,25,3272,4928,1073,1   1086,232,6,2846,3462,257,4   959,214,19,2844,4468,815,1   359,442,5,2181,2649,215,2   702,558,21,2610,4594,901,4   1732,412,22,716,2278,944,4   809,732,25,5933,7469,1073,2   1590,695,8,4859,5503,343,2   649,476,11,2865,3627,472,4   1725,509,24,3404,5276,1030,5   552,397,18,6132,7558,772,4   1414,63,24,1900,3750,1030,1   1994,533,3,2326,2676,129,1   453,407,9,654,1282,386,4   1327,714,27,830,3214,1159,5   1354,537,18,5234,6522,772,2   1919,563,3,4323,4635,129,4   416,212,17,5907,7303,729,3   1372,201,23,2100,3388,987,5   1665,798,28,4059,6973,1202,2   1051,387,24,862,2394,1030,4
!----------------------------------------------------------------
!Recharge stations: x,y
300,0   1002,917   103,601   426,696   614,98   1498,536   1333,640   1301,579   1751,599   1842,499   1007,805   1591,542   917,770   1495,365   101,677   925,760   1295,746   499,651   511,538   1266,703   804,818   170,509   979,253   171,427   253,647

g inverse recharge rate 0.75
