!----------------------------------------------------------------
!Stores: (first: depot x,y; then: satellites x,y,maxCap)
300,0   1056,693,1000   103,661,1000   114,485,1000   1304,808,1000
!----------------------------------------------------------------
!Trucks: (total#, cap, cost/dist, fixcost)
3,202,1,135   3,303,1,165
!----------------------------------------------------------------
!CityFreighters: (max cf/sat, total#, cap, cost/dist, fixcost, maxCharge, energyConsumption)
5,5,101,1,72,810,1   5,5,151,1,88,1210,1
!----------------------------------------------------------------
!Customers: (x, y, demand, readyTime, dueDate, serviceTime, penalizationCost)
1163,500,29,2240,3692,1042,5   1367,493,17,4920,6268,611,4   1485,607,26,1620,3488,934,1   1714,389,16,1849,3105,575,5   1141,670,10,299,931,359,2   342,564,29,4298,6432,1042,4   881,394,10,3838,4542,359,3   363,652,13,720,1720,467,3   1144,739,20,2134,3660,719,2   262,395,5,5612,5938,180,2   1289,387,5,1530,1898,180,2   1060,256,28,3550,6220,1006,1   1137,712,4,3968,4262,144,4   877,554,6,1394,1820,216,3   387,602,17,2459,3875,611,2   499,280,28,1528,3586,1006,1   735,489,9,1583,1929,323,4   1138,223,5,1555,1891,180,1   1773,517,24,4007,5407,862,4   463,646,22,3520,5146,791,5   225,513,28,5001,6779,1006,2   987,328,14,2893,4153,503,4   1718,618,10,2587,3245,359,2   527,297,15,2784,3990,539,1   1653,580,26,1198,3492,934,5   847,769,3,5189,5435,108,1   429,548,20,2460,3718,719,5   745,448,19,3450,4754,683,1   1593,500,3,2372,2588,108,4   469,718,18,5405,6889,647,5   1343,759,21,3951,5279,755,1   1460,507,4,4403,4729,144,2   1261,735,24,3351,5151,862,2   722,686,29,4863,7335,1042,1   1404,478,14,2206,3414,503,2   677,632,22,3070,4942,791,2   1007,383,4,5024,5338,144,2   461,675,26,2453,4625,934,2   1362,527,13,5489,6485,467,5   980,486,3,2353,2535,108,3   644,679,20,5472,6970,719,4   406,154,21,2506,4102,755,3   1111,292,15,4936,5936,539,4   367,807,6,5783,6191,216,4   285,608,27,183,2731,970,3   849,557,29,624,2310,1042,2   394,411,29,4783,6505,1042,2   637,836,17,5326,6346,611,2   462,155,6,4084,4602,216,3   334,751,11,5151,5999,395,3
!----------------------------------------------------------------
!Recharge stations: x,y
300,0   1056,693   103,661   114,485   1304,808   1615,737   1344,598   1012,905   103,417   1523,354

g inverse recharge rate 0.65
