!----------------------------------------------------------------
!Stores: (first: depot x,y; then: satellites x,y,maxCap)
300,0   674,747,1000   1212,82,1000   1820,396,1000   146,610,1000
!----------------------------------------------------------------
!Trucks: (total#, cap, cost/dist, fixcost)
3,202,1,135   3,303,1,165
!----------------------------------------------------------------
!CityFreighters: (max cf/sat, total#, cap, cost/dist, fixcost, maxCharge, energyConsumption)
5,5,101,1,72,810,1   5,5,151,1,88,1210,1
!----------------------------------------------------------------
!Customers: (x, y, demand, readyTime, dueDate, serviceTime, penalizationCost)
780,646,22,5312,7318,802,1   711,230,24,646,2476,874,3   573,491,16,5375,7109,583,1   466,713,9,5439,5909,328,4   580,515,15,4565,5387,547,1   785,684,29,4219,5821,1057,5   1798,482,16,853,1701,583,2   1254,401,11,2086,2660,401,4   1267,503,24,2510,4248,874,1   1692,387,19,5962,7412,692,2   1346,517,24,1196,3434,874,2   1640,434,7,3698,4134,255,4   952,712,29,3289,5429,1057,3   300,610,19,3935,5453,692,1   735,309,5,5842,6228,182,1   1201,417,19,6571,7827,692,5   912,561,22,3388,5422,802,2   682,725,16,1890,2676,583,5   556,373,21,2645,4121,765,5   437,502,15,4897,6015,547,4   1244,258,8,3449,3951,291,2   346,373,24,2548,4510,874,3   1686,512,24,3084,5274,874,4   1612,372,12,1799,2919,437,4   1369,252,28,3883,5991,1020,4   869,647,3,5308,5536,109,1   1517,668,12,1216,1994,437,5   875,666,6,6602,7144,219,5   421,332,19,2624,4352,692,4   1487,492,10,5308,6088,364,3   734,421,8,7303,7675,291,5   555,624,25,2772,4128,911,2   1791,481,20,4030,5078,729,1   1089,427,3,5711,5867,109,5   1529,435,24,5377,7507,874,2   320,416,21,4447,6011,765,4   1670,625,8,2534,3130,291,5   512,609,22,1199,2705,802,1   1644,378,28,2528,4568,1020,2   1538,497,23,5132,6380,838,4   1697,615,20,4609,6185,729,2   106,330,22,5656,7358,802,4   1565,227,18,2151,3211,656,3   607,835,17,3381,4635,619,4   1837,538,13,4725,5587,474,3   1511,654,22,2948,4730,802,3   988,57,7,1426,1884,255,4   1437,655,29,4337,6325,1057,5   833,230,18,1892,3510,656,1   741,20,25,3488,5256,911,2
!----------------------------------------------------------------
!Recharge stations: x,y
300,0   674,747   1212,82   1820,396   146,610   594,208   900,186   1024,417

g inverse recharge rate 0.71
