!----------------------------------------------------------------
!Stores: (first: depot x,y; then: satellites x,y,maxCap)
300,0   1653,568,1000   1871,320,1000   1234,686,1000   279,699,1000
!----------------------------------------------------------------
!Trucks: (total#, cap, cost/dist, fixcost)
3,202,1,135   3,303,1,165
!----------------------------------------------------------------
!CityFreighters: (max cf/sat, total#, cap, cost/dist, fixcost, maxCharge, energyConsumption)
5,5,101,1,72,810,1   5,5,151,1,88,1210,1
!----------------------------------------------------------------
!Customers: (x, y, demand, readyTime, dueDate, serviceTime, penalizationCost)
1227,755,3,4859,5079,111,4   1781,476,27,1662,4464,996,2   1051,385,9,4591,5455,332,3   366,540,25,2296,3554,922,3   801,289,7,3419,3905,258,1   1193,317,10,533,1259,369,3   1060,468,29,649,2633,1070,3   982,744,6,6784,7280,221,1   590,349,21,3003,4727,775,4   679,272,25,4427,5895,922,1   810,399,7,3761,4295,258,1   977,713,16,1204,2414,590,5   934,265,11,3970,4612,406,5   458,492,21,3308,4606,775,5   1554,663,27,0,1943,996,1   460,405,13,1730,2702,480,1   1375,264,19,3589,4605,701,5   784,295,7,6316,6840,258,1   1185,262,17,1737,3047,627,1   852,774,19,4874,6436,701,1   205,510,9,4575,5473,332,2   917,244,5,6899,7253,184,3   1339,726,18,1979,3337,664,2   1557,371,24,204,1954,885,3   1252,738,16,1635,3289,590,5   1173,621,29,1508,4292,1070,4   1636,352,28,1946,4232,1033,3   1435,523,26,3815,5853,959,2   441,334,8,2448,2858,295,4   237,572,3,1946,2130,111,3   321,577,12,1341,2105,443,5   1428,570,29,0,2224,1070,4   1536,287,20,5711,6627,738,1   794,332,27,2663,4359,996,2   1623,523,29,2822,4934,1070,4   203,497,12,2629,3525,443,4   461,697,25,1953,3349,922,3   439,477,10,2305,2733,369,2   1354,714,20,2201,3607,738,4   1710,494,14,6365,7241,516,2   638,433,11,1230,1840,406,2   1594,622,25,5204,6536,922,4   1350,165,5,1487,1911,184,4   1664,507,10,3298,3968,369,5   695,739,14,2905,4109,516,5   1215,830,24,5562,6778,885,5   1584,213,27,4438,6602,996,5   318,339,20,1343,2891,738,2   1588,508,22,1576,2756,812,4   138,336,19,4205,5909,701,2
!----------------------------------------------------------------
!Recharge stations: x,y
300,0   1653,568   1871,320   1234,686   279,699   661,466   1714,350

g inverse recharge rate 0.7
