!----------------------------------------------------------------
!Stores: (first: depot x,y; then: satellites x,y,maxCap)
300,0   732,403,1000   1811,773,1000   1333,923,1000   292,524,1000
!----------------------------------------------------------------
!Trucks: (total#, cap, cost/dist, fixcost)
3,202,1,135   3,303,1,165
!----------------------------------------------------------------
!CityFreighters: (max cf/sat, total#, cap, cost/dist, fixcost, maxCharge, energyConsumption)
5,5,101,1,72,810,1   5,5,151,1,88,1210,1
!----------------------------------------------------------------
!Customers: (x, y, demand, readyTime, dueDate, serviceTime, penalizationCost)
272,537,9,2824,3434,351,1   717,464,19,2152,3716,741,2   753,610,16,1412,2720,624,2   1518,502,16,2589,3377,624,5   1131,684,12,1995,3131,468,4   276,491,14,2260,3890,546,2   1242,541,20,41,1863,780,4   1422,645,20,471,2277,780,2   1749,415,25,923,2597,974,3   841,499,16,938,2420,624,3   557,543,10,4730,5466,390,4   522,388,24,849,3081,936,2   1258,718,12,1552,2554,468,1   1072,451,15,2563,3927,585,2   1490,350,18,3712,5466,702,1   1141,314,12,4604,5680,468,1   484,494,10,2282,2838,390,4   428,624,18,4210,5652,702,2   342,653,23,2103,3651,897,2   578,526,22,367,2001,858,1   1372,269,7,4818,5300,273,5   830,523,4,1971,2331,156,5   482,297,5,5578,6058,195,1   1602,373,29,668,2928,1130,2   1486,588,10,3365,4183,390,4   649,414,25,5369,7251,974,1   1025,382,17,5136,6364,663,4   1065,439,14,1881,3275,546,2   660,685,6,5005,5547,234,3   656,350,16,6121,7249,624,4   989,787,23,5073,6701,897,3   905,667,8,1747,2227,312,5   1641,625,25,5046,6830,974,4   438,562,7,3009,3573,273,4   769,310,22,3659,5281,858,1   1748,516,26,1206,2990,1013,1   487,628,16,4784,6004,624,1   572,723,10,604,1448,390,5   216,479,6,4884,5258,234,5   798,595,22,1780,3626,858,1   1297,866,28,4592,7134,1091,1   1021,106,11,5272,6118,429,1   1523,174,3,3416,3588,117,1   31,431,20,4568,6464,780,2   1776,656,3,1857,2019,117,2   1660,243,24,4354,6250,936,2   1965,617,14,2533,3781,546,2   284,442,8,1128,1866,312,5   312,522,25,2829,4677,974,1   467,589,20,5734,7266,780,4
!----------------------------------------------------------------
!Recharge stations: x,y
300,0   732,403   1811,773   1333,923   292,524   532,607   1579,633   1365,729   1029,248   1581,368   930,657   1714,335   1549,605   1569,637   1008,253   1149,587   1442,744   1062,156   706,456   516,322

g inverse recharge rate 0.67
