!----------------------------------------------------------------
!Stores: (first: depot x,y; then: satellites x,y,maxCap)
300,0   1002,917,1000   103,601,1000   426,696,1000   614,98,1000
!----------------------------------------------------------------
!Trucks: (total#, cap, cost/dist, fixcost)
3,202,1,135   3,303,1,165
!----------------------------------------------------------------
!CityFreighters: (max cf/sat, total#, cap, cost/dist, fixcost, maxCharge, energyConsumption)
5,5,101,1,72,810,1   5,5,151,1,88,1210,1
!----------------------------------------------------------------
!Customers: (x, y, demand, readyTime, dueDate, serviceTime, penalizationCost)
1347,608,18,1629,2661,772,3   411,612,7,2661,3471,300,3   852,558,4,3959,4365,172,3   953,749,6,7690,8218,257,2   1328,600,27,4024,6336,1159,1   1203,628,12,2019,2505,515,5   1401,354,21,2901,4923,901,1   1587,324,13,2928,4326,558,4   1522,633,5,1475,1941,215,2   1253,424,10,3075,4089,429,4   1024,672,8,2233,2973,343,4   1337,743,13,1539,2869,558,1   940,357,5,5411,5881,215,3   1311,642,16,2953,3901,687,5   1695,558,28,2916,4386,1202,1   585,586,19,4435,6277,815,1   1061,582,14,6201,7441,601,5   940,546,5,3038,3508,215,5   1386,509,26,3318,5554,1116,3   510,434,26,4786,7262,1116,4   1343,701,4,6859,7317,172,5   1721,609,23,4028,5916,987,1   1493,580,10,4099,4913,429,1   918,642,29,4719,7619,1244,1   320,576,23,1654,3002,987,2   851,720,19,7034,8420,815,4   437,347,18,1587,3197,772,1   1773,549,8,2339,3107,343,3   587,656,18,5265,6737,772,2   1318,469,25,5190,7540,1073,5   1086,232,6,6732,7482,257,3   959,214,19,3961,6187,815,5   359,442,5,6328,6820,215,2   702,558,21,3447,5245,901,5   1732,412,22,855,2767,944,2   809,732,25,1260,3018,1073,2   1590,695,8,6945,7559,343,2   649,476,11,7355,8247,472,1   1725,509,24,5450,7700,1030,3   552,397,18,5337,7045,772,5   1414,63,24,5634,8108,1030,5   1994,533,3,1459,1769,129,3   453,407,9,4818,5620,386,4   1327,714,27,4690,6454,1159,1   1354,537,18,654,2596,772,1   1919,563,3,5680,6076,129,5   416,212,17,4339,5159,729,5   1372,201,23,6007,8085,987,5   1665,798,28,2675,5227,1202,3   1051,387,24,2440,4392,1030,3
!----------------------------------------------------------------
!Recharge stations: x,y
300,0   1002,917   103,601   426,696   614,98   1498,536   1333,640   1301,579   1751,599   1842,499   1007,805   1591,542   917,770   1495,365   101,677

g inverse recharge rate 0.75
