!----------------------------------------------------------------
!Stores: (first: depot x,y; then: satellites x,y,maxCap)
300,0   1982,476,1000   985,805,1000   1474,624,1000   1117,188,1000
!----------------------------------------------------------------
!Trucks: (total#, cap, cost/dist, fixcost)
3,202,1,135   3,303,1,165
!----------------------------------------------------------------
!CityFreighters: (max cf/sat, total#, cap, cost/dist, fixcost, maxCharge, energyConsumption)
5,5,101,1,72,810,1   5,5,151,1,88,1210,1
!----------------------------------------------------------------
!Customers: (x, y, demand, readyTime, dueDate, serviceTime, penalizationCost)
615,600,27,1580,3832,1042,2   1511,329,23,328,1936,888,2   1782,526,8,4956,5550,309,4   509,649,9,2454,3228,347,1   450,391,4,5938,6264,154,2   1103,297,6,5583,6077,232,2   1090,759,8,1358,1900,309,3   1777,471,16,702,1874,617,1   503,585,9,2607,3355,347,2   991,253,27,3260,5548,1042,3   236,534,13,1440,2308,502,3   1027,793,24,926,3184,926,3   1206,221,6,5155,5731,232,5   1774,556,7,6288,6748,270,1   500,471,22,2637,4573,849,3   220,533,17,2106,3750,656,3   270,402,22,1475,3677,849,3   370,540,17,1043,2577,656,3   248,532,7,5204,5786,270,5   1473,452,19,4738,6500,733,4   1005,700,6,4016,4472,232,4   1218,251,4,2428,2762,154,4   1461,480,29,253,2107,1119,5   729,658,4,4536,4828,154,2   1377,537,25,0,1650,965,1   1747,396,8,588,1104,309,3   524,662,7,3377,3871,270,1   490,273,19,2197,4099,733,2   217,544,6,2017,2437,232,4   445,318,24,4178,6108,926,3   1401,748,23,1469,3867,888,2   858,647,16,1631,3175,617,2   1700,356,25,2596,4308,965,1   1207,342,12,6019,6903,463,1   924,339,5,2253,2621,193,4   1074,619,25,2479,3559,965,1   1391,295,26,5134,7146,1003,1   789,284,18,391,1935,695,2   884,539,16,740,1826,617,3   277,552,23,2302,4376,888,4   1234,712,29,5190,6984,1119,5   1048,910,5,6656,6992,193,3   1718,576,27,1936,3700,1042,3   629,161,16,5107,6433,617,4   363,216,5,3248,3670,193,3   1205,170,29,1160,4220,1119,1   993,642,8,2256,2824,309,3   1381,476,7,3925,4669,270,5   1648,835,20,1438,3350,772,4   1243,138,19,2437,3857,733,1
!----------------------------------------------------------------
!Recharge stations: x,y
300,0   1982,476   985,805   1474,624   1117,188   470,426   1269,663   687,469   521,365   1752,431   808,433   718,386   674,489   539,450   698,349   1401,422   1427,512   467,422   1207,579   91,480   1482,486   1531,472   1263,685   1496,216   586,610

g inverse recharge rate 0.66
