!----------------------------------------------------------------
!Stores: (first: depot x,y; then: satellites x,y,maxCap)
300,0   674,747,1000   1212,82,1000   1820,396,1000   146,610,1000
!----------------------------------------------------------------
!Trucks: (total#, cap, cost/dist, fixcost)
3,202,1,135   3,303,1,165
!----------------------------------------------------------------
!CityFreighters: (max cf/sat, total#, cap, cost/dist, fixcost, maxCharge, energyConsumption)
5,5,101,1,72,810,1   5,5,151,1,88,1210,1
!----------------------------------------------------------------
!Customers: (x, y, demand, readyTime, dueDate, serviceTime, penalizationCost)
780,646,22,2254,4362,802,4   711,230,24,1175,3339,874,2   573,491,16,693,2029,583,3   466,713,9,4543,5105,328,4   580,515,15,2466,3420,547,5   785,684,29,2419,5137,1057,4   1798,482,16,1075,2113,583,5   1254,401,11,1694,2600,401,3   1267,503,24,3272,5000,874,2   1692,387,19,5722,6812,692,3   1346,517,24,1591,3161,874,4   1640,434,7,1858,2332,255,2   952,712,29,0,1849,1057,1   300,610,19,4466,5670,692,2   735,309,5,7475,7805,182,3   1201,417,19,770,2150,692,5   912,561,22,6109,7637,802,3   682,725,16,4715,6001,583,2   556,373,21,3512,4550,765,4   437,502,15,5541,6507,547,4   1244,258,8,890,1198,291,4   346,373,24,2907,4399,874,3   1686,512,24,2259,3897,874,5   1612,372,12,4336,5174,437,2   1369,252,28,1723,3799,1020,4   869,647,3,3778,3986,109,1   1517,668,12,5817,6495,437,5   875,666,6,4207,4635,219,5   421,332,19,1002,2232,692,3   1487,492,10,4400,5014,364,1   734,421,8,5052,5654,291,4   555,624,25,242,2096,911,3   1791,481,20,5497,6091,729,3   1089,427,3,3459,3695,109,4   1529,435,24,5848,7714,874,4   320,416,21,4158,5468,765,4   1670,625,8,5326,5994,291,1   512,609,22,3186,4436,802,3   1644,378,28,2854,5374,1020,5   1538,497,23,4322,6186,838,3   1697,615,20,5638,6494,729,3   106,330,22,6040,7536,802,3   1565,227,18,5029,6353,656,4   607,835,17,1378,2272,619,2   1837,538,13,3957,4885,474,3   1511,654,22,4178,5554,802,4   988,57,7,6664,7160,255,3   1437,655,29,2994,4978,1057,2   833,230,18,5261,6577,656,3   741,20,25,0,2094,911,3
!----------------------------------------------------------------
!Recharge stations: x,y
300,0   674,747   1212,82   1820,396   146,610   594,208   900,186   1024,417   1145,426   1792,477   576,776   239,630   1713,323   1471,501   1667,668   355,687   236,202   588,459   1324,526   153,521   239,502   1273,594   965,466   350,401   1270,734   1344,753   1297,883   808,615   1762,287   1049,510   897,814   1351,431   1505,599   1515,237   1661,328   755,456   335,543   1118,648   1077,152   868,445   909,258   213,435   1209,810   1007,437   974,253

g inverse recharge rate 0.71
