!----------------------------------------------------------------
!Stores: (first: depot x,y; then: satellites x,y,maxCap)
300,0   1653,568,1000   1871,320,1000   1234,686,1000   279,699,1000
!----------------------------------------------------------------
!Trucks: (total#, cap, cost/dist, fixcost)
3,202,1,135   3,303,1,165
!----------------------------------------------------------------
!CityFreighters: (max cf/sat, total#, cap, cost/dist, fixcost, maxCharge, energyConsumption)
5,5,101,1,72,810,1   5,5,151,1,88,1210,1
!----------------------------------------------------------------
!Customers: (x, y, demand, readyTime, dueDate, serviceTime, penalizationCost)
1227,755,3,4492,4666,111,2   1781,476,27,4452,6552,996,4   1051,385,9,6787,7809,332,5   366,540,25,1330,3410,922,1   801,289,7,1730,2068,258,3   1193,317,10,4373,5165,369,3   1060,468,29,1015,2363,1070,2   982,744,6,3094,3558,221,5   590,349,21,3103,5341,775,3   679,272,25,3070,4808,922,3   810,399,7,5478,6020,258,3   977,713,16,847,1905,590,2   934,265,11,3703,4609,406,4   458,492,21,2120,3816,775,3   1554,663,27,5439,6613,996,2   460,405,13,1553,2655,480,2   1375,264,19,4532,5122,701,5   784,295,7,2108,2668,258,2   1185,262,17,1149,2471,627,3   852,774,19,2207,3317,701,3   205,510,9,1984,2482,332,5   917,244,5,2645,3063,184,4   1339,726,18,2940,4382,664,5   1557,371,24,1183,3639,885,5   1252,738,16,1106,2178,590,3   1173,621,29,2839,4957,1070,3   1636,352,28,3860,5644,1033,5   1435,523,26,3033,4481,959,5   441,334,8,3549,4093,295,1   237,572,3,4855,5133,111,3   321,577,12,4221,5307,443,3   1428,570,29,0,1892,1070,3   1536,287,20,581,2037,738,1   794,332,27,119,2337,996,4   1623,523,29,2469,4587,1070,3   203,497,12,6077,6829,443,5   461,697,25,3937,5667,922,3   439,477,10,2370,3272,369,5   1354,714,20,2167,3415,738,5   1710,494,14,3135,3771,516,1   638,433,11,2944,3728,406,2   1594,622,25,470,1984,922,2   1350,165,5,5271,5665,184,3   1664,507,10,2628,3552,369,2   695,739,14,700,2014,516,1   1215,830,24,4579,6111,885,2   1584,213,27,484,2286,996,3   318,339,20,5295,7349,738,4   1588,508,22,445,2381,812,3   138,336,19,3832,5518,701,1
!----------------------------------------------------------------
!Recharge stations: x,y
300,0   1653,568   1871,320   1234,686   279,699   661,466   1714,350   994,513   564,385   1804,498   949,186   1456,213   1683,691   740,798   1284,621   107,487   185,487   1486,215   1524,745   856,617   1515,676   1355,275   1007,173   1143,935   1282,788

g inverse recharge rate 0.7
