!----------------------------------------------------------------
!Stores: (first: depot x,y; then: satellites x,y,maxCap)
300,0   1659,775,1000   808,901,1000   1591,509,1000   392,464,1000
!----------------------------------------------------------------
!Trucks: (total#, cap, cost/dist, fixcost)
3,202,1,135   3,303,1,165
!----------------------------------------------------------------
!CityFreighters: (max cf/sat, total#, cap, cost/dist, fixcost, maxCharge, energyConsumption)
5,5,101,1,72,810,1   5,5,151,1,88,1210,1
!----------------------------------------------------------------
!Customers: (x, y, demand, readyTime, dueDate, serviceTime, penalizationCost)
792,282,11,6315,7159,383,2   1380,598,3,5893,6109,104,2   618,441,29,1317,3609,1009,3   1553,584,13,1622,2402,452,3   998,533,4,1201,1529,139,2   1244,774,6,1850,2312,209,2   884,770,19,4803,6165,661,5   1080,404,6,2051,2531,209,2   481,409,16,5951,6793,557,4   664,358,29,2700,4012,1009,2   1498,576,26,1405,2883,905,3   1652,651,22,2910,4574,765,2   622,687,23,4855,6531,800,3   900,495,19,2037,2917,661,3   719,221,10,1242,1936,348,2   579,264,11,1050,1672,383,4   1361,307,10,4825,5613,348,2   365,366,21,1142,2620,731,2   1258,562,20,1912,3466,696,3   1600,540,13,4391,5617,452,2   560,562,15,5772,7156,522,4   382,682,14,1973,2789,487,4   1757,481,28,58,2628,974,3   1129,555,13,3260,4250,452,3   1358,384,14,2555,3351,487,3   1222,388,22,3319,5195,765,1   447,529,25,4645,5257,870,3   986,327,10,2648,3532,348,2   1488,332,16,5623,6839,557,2   303,614,7,5866,6396,244,3   322,547,6,5807,6119,209,5   1167,396,19,5874,6986,661,5   1210,425,22,1807,3893,765,4   1031,395,23,2409,4303,800,3   829,439,14,1139,2045,487,3   1062,223,29,985,3077,1009,1   1714,373,20,2382,4192,696,1   1083,289,6,4736,5246,209,5   675,307,9,2860,3422,313,4   985,532,12,223,1191,418,3   1507,186,27,3115,5901,939,2   1645,498,21,1154,2356,731,5   560,830,29,2670,5314,1009,4   46,552,28,1052,3068,974,1   98,507,12,4027,4805,418,5   1372,399,23,2698,4102,800,5   202,283,18,3428,4752,626,1   1186,634,22,1025,2543,765,1   764,580,6,1189,1487,209,5   1628,760,25,5268,7140,870,1
!----------------------------------------------------------------
!Recharge stations: x,y
300,0   1659,775   808,901   1591,509   392,464   1757,423   1107,6   1049,303

g inverse recharge rate 0.65
