!----------------------------------------------------------------
!Stores: (first: depot x,y; then: satellites x,y,maxCap)
300,0   1002,917,1000   103,601,1000   426,696,1000   614,98,1000
!----------------------------------------------------------------
!Trucks: (total#, cap, cost/dist, fixcost)
3,202,1,135   3,303,1,165
!----------------------------------------------------------------
!CityFreighters: (max cf/sat, total#, cap, cost/dist, fixcost, maxCharge, energyConsumption)
5,5,101,1,72,810,1   5,5,151,1,88,1210,1
!----------------------------------------------------------------
!Customers: (x, y, demand, readyTime, dueDate, serviceTime, penalizationCost)
1347,608,18,3197,4523,772,2   411,612,7,3787,4573,300,3   852,558,4,628,966,172,1   953,749,6,7441,7933,257,4   1328,600,27,4832,6324,1159,2   1203,628,12,2342,3346,515,4   1401,354,21,3719,5417,901,4   1587,324,13,6695,7621,558,3   1522,633,5,6539,6907,215,2   1253,424,10,2837,3613,429,4   1024,672,8,7093,7911,343,1   1337,743,13,4043,5391,558,3   940,357,5,6623,7111,215,1   1311,642,16,1809,3209,687,5   1695,558,28,973,3085,1202,3   585,586,19,3622,5390,815,3   1061,582,14,1084,2040,601,5   940,546,5,1566,2118,215,5   1386,509,26,2690,4608,1116,2   510,434,26,1647,4889,1116,3   1343,701,4,5357,5609,172,2   1721,609,23,2944,4976,987,2   1493,580,10,4389,5239,429,2   918,642,29,4704,6940,1244,4   320,576,23,4377,6643,987,3   851,720,19,1158,3016,815,2   437,347,18,299,1467,772,3   1773,549,8,2506,3110,343,2   587,656,18,1212,2738,772,3   1318,469,25,1678,4538,1073,5   1086,232,6,4343,4727,257,1   959,214,19,1010,2780,815,1   359,442,5,7843,8239,215,4   702,558,21,3803,5303,901,5   1732,412,22,1952,3584,944,5   809,732,25,3903,5739,1073,5   1590,695,8,5767,6499,343,1   649,476,11,2665,3599,472,2   1725,509,24,1825,4399,1030,1   552,397,18,2449,3927,772,2   1414,63,24,4141,6457,1030,3   1994,533,3,5575,5771,129,1   453,407,9,823,1689,386,2   1327,714,27,5038,6708,1159,4   1354,537,18,550,1888,772,1   1919,563,3,4069,4303,129,5   416,212,17,6249,7721,729,3   1372,201,23,3429,5499,987,5   1665,798,28,3233,6193,1202,4   1051,387,24,5110,6402,1030,1
!----------------------------------------------------------------
!Recharge stations: x,y
300,0   1002,917   103,601   426,696   614,98   1498,536   1333,640   1301,579   1751,599   1842,499

g inverse recharge rate 0.75
