!----------------------------------------------------------------
!Stores: (first: depot x,y; then: satellites x,y,maxCap)
300,0   1659,775,1000   808,901,1000   1591,509,1000   392,464,1000
!----------------------------------------------------------------
!Trucks: (total#, cap, cost/dist, fixcost)
3,202,1,135   3,303,1,165
!----------------------------------------------------------------
!CityFreighters: (max cf/sat, total#, cap, cost/dist, fixcost, maxCharge, energyConsumption)
5,5,101,1,72,810,1   5,5,151,1,88,1210,1
!----------------------------------------------------------------
!Customers: (x, y, demand, readyTime, dueDate, serviceTime, penalizationCost)
792,282,11,1427,2233,383,2   1380,598,3,2426,2722,104,4   618,441,29,1784,4086,1009,4   1553,584,13,4414,5224,452,4   998,533,4,4122,4350,139,5   1244,774,6,2101,2453,209,1   884,770,19,3127,4445,661,3   1080,404,6,4250,4842,209,4   481,409,16,4759,5861,557,5   664,358,29,2000,3854,1009,3   1498,576,26,4484,6200,905,3   1652,651,22,5642,7186,765,4   622,687,23,1270,3302,800,5   900,495,19,5596,6840,661,2   719,221,10,3050,3824,348,2   579,264,11,2867,3749,383,1   1361,307,10,2943,3741,348,3   365,366,21,3235,4745,731,5   1258,562,20,331,2075,696,5   1600,540,13,4035,5069,452,3   560,562,15,5603,7131,522,2   382,682,14,951,2253,487,5   1757,481,28,4280,6216,974,2   1129,555,13,4349,5379,452,3   1358,384,14,6186,7228,487,3   1222,388,22,3432,5102,765,4   447,529,25,3171,5501,870,5   986,327,10,6366,6934,348,2   1488,332,16,2322,3524,557,2   303,614,7,3552,4122,244,4   322,547,6,2627,3157,209,5   1167,396,19,1595,2835,661,3   1210,425,22,3696,5062,765,1   1031,395,23,410,2100,800,4   829,439,14,5662,6794,487,1   1062,223,29,3453,5065,1009,5   1714,373,20,2219,4369,696,2   1083,289,6,2226,2608,209,1   675,307,9,5028,5654,313,5   985,532,12,2853,3607,418,1   1507,186,27,0,1919,939,3   1645,498,21,3651,5517,731,1   560,830,29,402,2194,1009,1   46,552,28,2682,3952,974,1   98,507,12,4277,5285,418,4   1372,399,23,3235,5151,800,3   202,283,18,5128,6534,626,5   1186,634,22,4927,6335,765,2   764,580,6,5815,6167,209,3   1628,760,25,609,2437,870,1
!----------------------------------------------------------------
!Recharge stations: x,y
300,0   1659,775   808,901   1591,509   392,464   1757,423   1107,6   1049,303   1705,574   1363,190   1397,760   456,754   119,636   897,432   1297,408

g inverse recharge rate 0.65
