!----------------------------------------------------------------
!Stores: (first: depot x,y; then: satellites x,y,maxCap)
300,0   1104,923,1000   265,570,1000   1281,290,1000   997,241,1000
!----------------------------------------------------------------
!Trucks: (total#, cap, cost/dist, fixcost)
3,202,1,135   3,303,1,165
!----------------------------------------------------------------
!CityFreighters: (max cf/sat, total#, cap, cost/dist, fixcost, maxCharge, energyConsumption)
5,5,101,1,72,810,1   5,5,151,1,88,1210,1
!----------------------------------------------------------------
!Customers: (x, y, demand, readyTime, dueDate, serviceTime, penalizationCost)
1080,593,8,4786,5356,272,3   1753,528,17,2019,2857,578,5   445,400,22,4179,6349,748,2   812,373,17,2420,3674,578,2   1472,533,8,1052,1672,272,1   533,449,11,5067,5705,374,3   1500,396,28,1859,3943,951,5   783,520,8,546,928,272,3   447,670,25,760,2980,849,3   1673,643,11,3175,3765,374,2   295,397,24,4757,5859,815,4   674,443,18,4967,6145,612,1   293,545,25,126,1902,849,2   941,487,4,3669,3815,136,4   1501,317,16,5547,6365,544,2   1263,474,8,6252,6620,272,5   1796,478,13,3031,3691,442,5   219,495,6,1168,1596,204,3   352,509,19,1038,1860,646,5   1628,651,7,2814,3358,238,4   1419,708,29,1705,4467,985,2   1547,410,3,4833,5043,102,3   688,719,13,800,1706,442,3   244,550,27,1272,2868,917,5   1548,575,8,6007,6343,272,1   1494,578,22,1949,3377,748,1   1582,371,13,1317,2017,442,5   1183,560,28,2696,4730,951,2   1142,241,24,0,1238,815,3   1203,670,19,887,2023,646,3   1177,440,12,349,1269,408,1   549,720,22,3612,5388,748,3   1499,389,22,484,1450,748,2   1019,209,10,1178,2064,340,2   1299,607,28,1858,4150,951,4   1198,224,16,5535,6213,544,2   1770,470,19,1955,3227,646,2   1127,515,22,233,1757,748,4   603,584,8,2409,3117,272,4   1027,603,15,591,1453,510,5   1772,355,3,963,1197,102,5   744,204,11,4441,5259,374,5   1723,488,5,2698,3134,170,2   933,674,23,3870,5996,781,2   1154,645,17,4011,5149,578,4   1093,727,27,1059,2979,917,1   1683,195,24,1037,2755,815,3   220,563,6,2223,2461,204,2   1524,784,22,3138,4370,748,4   1407,661,7,3752,4260,238,5
!----------------------------------------------------------------
!Recharge stations: x,y
300,0   1104,923   265,570   1281,290   997,241   1508,355   1486,550   368,875   1766,541   1717,671

g inverse recharge rate 0.6
