!----------------------------------------------------------------
!Stores: (first: depot x,y; then: satellites x,y,maxCap)
300,0   1258,707,1000   742,378,1000   174,458,1000   1537,247,1000
!----------------------------------------------------------------
!Trucks: (total#, cap, cost/dist, fixcost)
3,202,1,135   3,303,1,165
!----------------------------------------------------------------
!CityFreighters: (max cf/sat, total#, cap, cost/dist, fixcost, maxCharge, energyConsumption)
5,5,101,1,72,810,1   5,5,151,1,88,1210,1
!----------------------------------------------------------------
!Customers: (x, y, demand, readyTime, dueDate, serviceTime, penalizationCost)
1078,257,15,5175,6165,480,5   918,628,27,4410,5400,865,4   381,345,29,3779,5925,929,2   816,329,22,476,1626,705,3   799,696,8,3503,3935,256,4   423,464,10,3717,4269,320,3   1346,338,25,2539,4129,801,2   844,755,4,4016,4248,128,2   1010,342,6,3096,3470,192,3   825,749,29,2955,4877,929,2   873,553,22,4141,5493,705,5   1364,513,29,2322,3586,929,5   582,247,10,5822,6406,320,1   202,518,18,5321,6291,576,3   919,267,22,265,1009,705,5   1686,510,4,5381,5571,128,5   1105,394,23,811,2547,737,3   569,729,20,2093,2993,641,2   660,568,20,245,1439,641,1   1089,463,7,5200,5590,224,3   489,348,24,3407,4643,769,3   644,327,9,3988,4666,288,3   517,331,4,4106,4414,128,3   420,358,16,462,1726,512,5   1669,384,22,49,1869,705,3   394,671,10,4619,5203,320,4   1266,371,26,3380,5060,833,2   1260,399,28,1599,2881,897,2   1148,529,24,539,2267,769,5   1161,311,13,1614,2422,416,5   1216,736,4,433,773,128,3   1065,715,5,5154,5444,160,3   1540,609,23,3532,5078,737,4   543,522,6,1137,1585,192,1   567,444,13,3121,3881,416,4   904,516,22,800,1950,705,2   1716,406,6,1095,1391,192,2   460,677,18,4893,6643,576,4   1277,456,22,2050,3124,705,5   921,466,12,1774,2522,384,4   1801,385,27,2448,5202,865,4   197,438,21,1072,2384,673,2   1520,513,12,5185,5777,384,4   866,783,25,4913,6467,801,1   939,892,22,3482,4956,705,4   1033,424,29,4722,6286,929,5   535,761,10,2926,3538,320,5   1986,442,10,2720,3426,320,3   664,627,3,4365,4487,96,2   1583,153,25,4514,6104,801,3
!----------------------------------------------------------------
!Recharge stations: x,y
300,0   1258,707   742,378   174,458   1537,247   934,581   1805,572   524,736   1767,528   1779,612   1046,238   1769,517   1339,698   824,700   762,402   1424,448   996,706   1842,529   555,586   1101,584   787,361   1107,409   1572,359   889,355   1722,382   481,247   336,465   1639,394   1521,468   644,700

g inverse recharge rate 0.59
