!----------------------------------------------------------------
!Stores: (first: depot x,y; then: satellites x,y,maxCap)
300,0   19,412,1000   1569,459,1000   942,291,1000   915,886,1000
!----------------------------------------------------------------
!Trucks: (total#, cap, cost/dist, fixcost)
3,202,1,135   3,303,1,165
!----------------------------------------------------------------
!CityFreighters: (max cf/sat, total#, cap, cost/dist, fixcost, maxCharge, energyConsumption)
5,5,101,1,72,810,1   5,5,151,1,88,1210,1
!----------------------------------------------------------------
!Customers: (x, y, demand, readyTime, dueDate, serviceTime, penalizationCost)
351,600,3,6260,6456,99,5   1478,561,13,6332,6926,429,5   343,526,13,2919,3757,429,1   1430,715,15,5374,6258,495,4   1180,363,24,263,1949,793,5   1694,455,24,4307,5557,793,1   729,716,24,96,1904,793,3   1431,751,7,4929,5331,231,4   1121,679,13,592,1436,429,3   1730,487,7,1380,1882,231,1   1011,611,13,1729,2869,429,4   936,759,3,4928,5114,99,3   566,574,25,2368,4102,826,5   1375,345,29,2239,4397,958,1   1404,295,8,6215,6879,264,5   1157,552,18,3178,4260,594,5   1088,740,15,6030,6912,495,1   1156,345,28,5396,6776,925,2   297,560,11,5434,6100,363,5   335,368,23,2136,3750,760,1   455,416,20,1922,3302,661,5   1569,399,25,3922,5108,826,4   1106,454,25,5093,6643,826,5   1026,309,25,4185,5915,826,1   1712,607,26,2880,5064,859,2   1667,468,18,4852,5890,594,4   1326,541,21,5196,6352,694,5   446,474,16,1280,2142,528,1   1027,276,15,3652,4680,495,4   601,343,28,4660,5928,925,5   1234,725,12,4375,5321,396,3   577,344,24,4190,6240,793,5   997,505,28,3787,5993,925,1   689,655,11,4495,5195,363,4   820,475,7,1423,1695,231,5   1386,363,12,5103,5981,396,4   1374,619,28,4499,6507,925,1   634,766,17,2964,4470,561,4   1069,762,11,4136,4962,363,3   1463,514,9,1358,1946,297,2   380,752,20,118,1404,661,3   267,433,22,2444,3964,727,5   697,595,6,4047,4355,198,5   367,732,27,4353,6417,892,5   757,20,16,2251,3229,528,2   289,398,16,4809,6449,528,4   1696,780,24,1288,2728,793,3   1568,507,9,1571,2265,297,1   728,52,28,2965,4801,925,2   708,701,21,159,1495,694,3
!----------------------------------------------------------------
!Recharge stations: x,y
300,0   19,412   1569,459   942,291   915,886   472,502   1451,479   700,699   1437,418   1166,164   1531,323   568,226   1411,440   1451,451   320,860   1059,540   864,669   1521,408   1604,357   1541,246

g inverse recharge rate 0.64
