!----------------------------------------------------------------
!Stores: (first: depot x,y; then: satellites x,y,maxCap)
300,0   1982,476,1000   985,805,1000   1474,624,1000   1117,188,1000
!----------------------------------------------------------------
!Trucks: (total#, cap, cost/dist, fixcost)
3,202,1,135   3,303,1,165
!----------------------------------------------------------------
!CityFreighters: (max cf/sat, total#, cap, cost/dist, fixcost, maxCharge, energyConsumption)
5,5,101,1,72,810,1   5,5,151,1,88,1210,1
!----------------------------------------------------------------
!Customers: (x, y, demand, readyTime, dueDate, serviceTime, penalizationCost)
615,600,27,1696,4076,1042,4   1511,329,23,1810,3024,888,4   1782,526,8,5889,6283,309,1   509,649,9,5701,6373,347,5   450,391,4,1439,1755,154,3   1103,297,6,3621,4043,232,4   1090,759,8,5934,6586,309,5   1777,471,16,1352,2696,617,3   503,585,9,740,1306,347,4   991,253,27,4768,7010,1042,5   236,534,13,1867,3205,502,3   1027,793,24,3668,5762,926,2   1206,221,6,5357,5751,232,4   1774,556,7,4344,4770,270,3   500,471,22,1067,2877,849,2   220,533,17,1120,2542,656,5   270,402,22,1042,2436,849,3   370,540,17,2826,3818,656,1   248,532,7,1157,1521,270,4   1473,452,19,1308,2870,733,2   1005,700,6,3831,4335,232,2   1218,251,4,1364,1714,154,5   1461,480,29,1741,4363,1119,3   729,658,4,4565,4879,154,4   1377,537,25,4318,6152,965,1   1747,396,8,4941,5581,309,5   524,662,7,3983,4641,270,3   490,273,19,3919,4949,733,5   217,544,6,2433,2925,232,2   445,318,24,2152,4632,926,1   1401,748,23,2556,3950,888,3   858,647,16,649,1737,617,4   1700,356,25,105,2937,965,2   1207,342,12,80,1140,463,5   924,339,5,2888,3200,193,5   1074,619,25,3286,5222,965,3   1391,295,26,5312,7062,1003,2   789,284,18,5088,6600,695,5   884,539,16,427,1901,617,4   277,552,23,1799,4379,888,3   1234,712,29,4401,6067,1119,3   1048,910,5,1080,1490,193,4   1718,576,27,4880,7204,1042,5   629,161,16,4072,5190,617,3   363,216,5,4846,5294,193,4   1205,170,29,1456,4080,1119,4   993,642,8,6680,7102,309,2   1381,476,7,1334,2040,270,4   1648,835,20,4674,6374,772,2   1243,138,19,3000,4172,733,5
!----------------------------------------------------------------
!Recharge stations: x,y
300,0   1982,476   985,805   1474,624   1117,188   470,426   1269,663   687,469

g inverse recharge rate 0.66
