!----------------------------------------------------------------
!Stores: (first: depot x,y; then: satellites x,y,maxCap)
300,0   202,728,1000   890,151,1000   513,786,1000   1784,582,1000
!----------------------------------------------------------------
!Trucks: (total#, cap, cost/dist, fixcost)
3,202,1,135   3,303,1,165
!----------------------------------------------------------------
!CityFreighters: (max cf/sat, total#, cap, cost/dist, fixcost, maxCharge, energyConsumption)
5,5,101,1,72,810,1   5,5,151,1,88,1210,1
!----------------------------------------------------------------
!Customers: (x, y, demand, readyTime, dueDate, serviceTime, penalizationCost)
1750,415,9,2758,3338,325,3   841,486,16,5159,5965,577,3   899,411,18,2293,3251,650,1   388,556,12,4230,5226,433,3   393,583,29,1901,3917,1046,2   839,230,24,4056,5614,866,2   643,498,20,2874,4960,722,3   337,493,29,2090,4564,1046,2   999,763,12,4982,5728,433,5   1500,311,15,2667,3729,541,4   963,247,4,4015,4351,144,1   798,280,29,2227,4461,1046,1   577,520,6,3394,3886,217,5   1797,503,9,3049,3707,325,3   677,431,16,3926,5044,577,4   824,704,7,6313,6857,253,5   459,457,24,0,2034,866,1   1114,683,29,0,2007,1046,3   619,594,18,1353,2809,650,3   1160,259,7,2541,2901,253,2   1047,255,26,573,3195,938,1   343,365,6,5173,5829,217,3   441,433,9,6916,7354,325,1   473,433,12,3474,4474,433,5   407,687,26,0,2367,938,1   790,432,16,1320,2528,577,3   1297,414,19,5281,6597,686,1   405,375,3,2757,2965,108,2   1439,389,25,320,2010,902,3   594,417,9,2061,2575,325,5   341,609,23,3792,5454,830,1   775,660,11,4388,5156,397,4   352,634,22,4502,5972,794,4   357,638,10,6432,7100,361,1   1159,427,3,2559,2741,108,2   281,607,27,403,2975,974,4   1068,421,25,835,3307,902,1   905,634,14,5882,7222,505,1   1419,319,20,4608,6302,722,3   1686,485,28,456,3216,1010,4   944,857,27,3475,5005,974,3   1666,342,10,6417,7103,361,1   1434,829,9,6138,6746,325,4   1057,640,13,4673,5603,469,5   364,687,25,2711,5005,902,4   409,496,20,3514,4582,722,3   1720,468,29,3950,6284,1046,4   1379,702,24,5109,7149,866,4   1772,212,16,2131,3013,577,2   1585,896,7,3224,3700,253,2
!----------------------------------------------------------------
!Recharge stations: x,y
300,0   202,728   890,151   513,786   1784,582   448,468   986,218   351,644   341,622   717,273   826,244   365,552   746,715   636,773   1015,235   1683,331   143,585   1643,462   660,516   260,418   461,471   450,654   1756,444   260,623   1744,579   391,581   1264,621   460,695   1223,648   517,706   721,350   983,821   1769,595   656,406   1731,586   1722,641   1447,781   1601,506   1001,480   901,645   1409,408   828,400   654,511   1581,281   1379,634

g inverse recharge rate 0.67
