!----------------------------------------------------------------
!Stores: (first: depot x,y; then: satellites x,y,maxCap)
300,0   674,747,1000   1212,82,1000   1820,396,1000   146,610,1000
!----------------------------------------------------------------
!Trucks: (total#, cap, cost/dist, fixcost)
3,202,1,135   3,303,1,165
!----------------------------------------------------------------
!CityFreighters: (max cf/sat, total#, cap, cost/dist, fixcost, maxCharge, energyConsumption)
5,5,101,1,72,810,1   5,5,151,1,88,1210,1
!----------------------------------------------------------------
!Customers: (x, y, demand, readyTime, dueDate, serviceTime, penalizationCost)
780,646,22,3804,5222,802,3   711,230,24,4762,7194,874,4   573,491,16,718,1626,583,1   466,713,9,2400,2932,328,2   580,515,15,994,2022,547,1   785,684,29,2535,5235,1057,1   1798,482,16,1702,2686,583,5   1254,401,11,961,1779,401,2   1267,503,24,2404,4292,874,4   1692,387,19,3941,5203,692,1   1346,517,24,4463,6367,874,2   1640,434,7,5807,6255,255,2   952,712,29,192,2408,1057,3   300,610,19,3349,4719,692,2   735,309,5,7020,7298,182,1   1201,417,19,1781,2857,692,2   912,561,22,4828,6618,802,5   682,725,16,477,1517,583,1   556,373,21,4268,6240,765,1   437,502,15,5985,6903,547,3   1244,258,8,827,1565,291,5   346,373,24,3023,4023,874,4   1686,512,24,4056,6268,874,5   1612,372,12,2592,3124,437,2   1369,252,28,1284,3330,1020,2   869,647,3,3673,3887,109,2   1517,668,12,6727,7769,437,2   875,666,6,4685,5231,219,3   421,332,19,2903,4113,692,1   1487,492,10,6004,6730,364,5   734,421,8,6779,7547,291,5   555,624,25,122,1698,911,5   1791,481,20,1629,2707,729,2   1089,427,3,5033,5275,109,2   1529,435,24,2115,4377,874,1   320,416,21,2003,3015,765,3   1670,625,8,1247,2119,291,1   512,609,22,1618,3628,802,4   1644,378,28,1648,3258,1020,3   1538,497,23,3280,4932,838,5   1697,615,20,1181,2525,729,2   106,330,22,3973,6019,802,1   1565,227,18,5791,7071,656,4   607,835,17,5027,6535,619,1   1837,538,13,5267,5987,474,4   1511,654,22,458,2132,802,4   988,57,7,5660,6214,255,5   1437,655,29,4803,7059,1057,2   833,230,18,5524,6486,656,5   741,20,25,1690,3516,911,1
!----------------------------------------------------------------
!Recharge stations: x,y
300,0   674,747   1212,82   1820,396   146,610   594,208   900,186   1024,417   1145,426   1792,477   576,776   239,630   1713,323   1471,501   1667,668

g inverse recharge rate 0.71
