!----------------------------------------------------------------
!Stores: (first: depot x,y; then: satellites x,y,maxCap)
300,0   941,202,1000   764,856,1000   989,385,1000   706,294,1000
!----------------------------------------------------------------
!Trucks: (total#, cap, cost/dist, fixcost)
3,202,1,135   3,303,1,165
!----------------------------------------------------------------
!CityFreighters: (max cf/sat, total#, cap, cost/dist, fixcost, maxCharge, energyConsumption)
5,5,101,1,72,810,1   5,5,151,1,88,1210,1
!----------------------------------------------------------------
!Customers: (x, y, demand, readyTime, dueDate, serviceTime, penalizationCost)
395,389,21,103,1431,568,1   1351,406,17,1544,2004,459,1   811,620,26,812,2388,703,2   1558,318,7,2237,2515,189,1   1093,597,25,481,1663,676,5   1670,525,9,3715,4229,243,5   1364,741,27,1319,2543,730,1   1108,353,6,4129,4483,162,4   811,277,23,1084,2526,622,1   570,613,13,3807,4511,351,3   695,289,23,0,984,622,3   617,241,8,1206,1602,216,2   1471,373,12,4048,4662,324,3   846,746,4,1458,1684,108,1   486,281,19,200,1352,513,2   1423,306,24,1044,2172,649,2   1317,658,22,662,1552,595,1   1613,640,25,1319,2823,676,1   1043,609,14,2025,2839,378,3   482,401,15,4026,4904,405,5   1375,313,14,2868,3598,378,3   1698,587,27,1626,2792,730,5   1425,250,7,3597,4047,189,1   1435,294,7,1345,1855,189,3   910,429,16,2222,3056,432,1   726,695,9,3610,4050,243,4   467,338,3,809,947,81,5   277,487,18,1066,1794,486,2   1079,513,15,1995,2807,405,3   341,514,12,222,1046,324,3   875,338,16,84,898,432,2   331,498,15,3896,4982,405,4   314,395,15,1028,1910,405,5   616,561,23,3553,4759,622,1   907,722,27,288,1644,730,4   855,247,21,2510,3856,568,2   1116,540,27,3557,4623,730,4   1531,429,10,2633,3165,270,5   582,522,10,2224,2796,270,1   628,409,11,4428,5068,297,4   1717,715,8,2087,2647,216,4   336,142,27,2403,3747,730,2   1495,602,12,3158,3728,324,4   1059,62,13,2668,3460,351,3   1114,692,21,3184,4532,568,5   673,414,26,4178,5042,703,3   527,885,11,3581,4129,297,3   1841,629,20,2854,3490,540,1   1315,472,23,731,2133,622,2   465,222,19,614,1552,513,4
!----------------------------------------------------------------
!Recharge stations: x,y
300,0   941,202   764,856   989,385   706,294   1527,333   1472,253   261,554   532,279   384,280   947,742   1506,457   263,387   511,644   238,352   662,615   188,567   1827,519   1644,482   905,333

g inverse recharge rate 0.49
