!----------------------------------------------------------------
!Stores: (first: depot x,y; then: satellites x,y,maxCap)
300,0   14,516,1000   900,857,1000   226,729,1000   1523,387,1000
!----------------------------------------------------------------
!Trucks: (total#, cap, cost/dist, fixcost)
3,202,1,135   3,303,1,165
!----------------------------------------------------------------
!CityFreighters: (max cf/sat, total#, cap, cost/dist, fixcost, maxCharge, energyConsumption)
5,5,101,1,72,810,1   5,5,151,1,88,1210,1
!----------------------------------------------------------------
!Customers: (x, y, demand, readyTime, dueDate, serviceTime, penalizationCost)
1319,462,5,6989,7519,231,5   1081,616,7,7613,8383,324,3   450,560,7,4343,4943,324,1   744,686,25,2454,5032,1156,4   227,439,18,2997,5041,833,2   1544,529,20,1343,3529,925,1   1075,473,18,312,1462,833,3   1297,233,19,1572,3528,879,4   904,687,29,441,2931,1341,4   643,611,27,5492,7476,1249,1   1565,665,29,4085,6317,1341,1   1065,333,29,3394,5584,1341,3   1500,324,11,2365,3035,509,4   1432,354,22,5984,8008,1018,2   853,713,19,4280,5662,879,2   302,509,13,2195,3359,601,5   1286,463,28,2113,5385,1295,1   981,764,6,6003,6485,278,2   211,508,22,2696,5066,1018,5   1151,357,4,2781,3219,185,3   780,320,5,6126,6478,231,3   1193,762,21,2527,4579,971,1   1067,379,8,4325,5205,370,3   282,420,18,3445,4927,833,1   469,601,3,7001,7287,139,1   1506,342,19,4858,7264,879,1   1686,616,7,5056,5788,324,4   1629,594,7,5841,6335,324,1   1703,469,9,2512,3154,416,3   1456,503,7,6779,7543,324,5   1129,307,8,1292,1902,370,3   1160,338,15,6624,8410,694,1   361,615,15,5488,6520,694,3   1119,208,16,4829,5757,740,1   412,308,11,887,1727,509,1   1528,661,5,2969,3341,231,3   1697,511,18,1638,3206,833,2   1184,516,3,3709,4035,139,4   1284,408,22,1398,2862,1018,1   1645,510,27,4852,7110,1249,2   1502,365,9,5622,6760,416,3   200,285,12,4830,6068,555,1   1168,618,5,1902,2426,231,5   1228,143,27,2144,4024,1249,5   887,54,19,4096,6138,879,3   934,389,18,3005,5039,833,4   118,716,4,7729,8143,185,2   1557,122,26,3397,5271,1203,1   1865,539,5,6933,7247,231,4   0,500,7,3087,3581,324,2
!----------------------------------------------------------------
!Recharge stations: x,y
300,0   14,516   900,857   226,729   1523,387   1473,232   516,325   1556,602   321,460   1133,641   162,451   212,453   1307,759   289,677   766,685   600,305   832,269   336,217   247,557   405,277   1381,107   1851,680   1374,251   806,514   199,418   1579,586   1087,211   1822,438   391,715   501,262

g inverse recharge rate 0.75
