!----------------------------------------------------------------
!Stores: (first: depot x,y; then: satellites x,y,maxCap)
300,0   1258,707,1000   742,378,1000   174,458,1000   1537,247,1000
!----------------------------------------------------------------
!Trucks: (total#, cap, cost/dist, fixcost)
3,202,1,135   3,303,1,165
!----------------------------------------------------------------
!CityFreighters: (max cf/sat, total#, cap, cost/dist, fixcost, maxCharge, energyConsumption)
5,5,101,1,72,810,1   5,5,151,1,88,1210,1
!----------------------------------------------------------------
!Customers: (x, y, demand, readyTime, dueDate, serviceTime, penalizationCost)
1078,257,15,5682,6514,480,1   918,628,27,3994,6256,865,3   381,345,29,3053,4965,929,2   816,329,22,416,1910,705,2   799,696,8,2060,2606,256,5   423,464,10,3862,4554,320,1   1346,338,25,2650,3910,801,5   844,755,4,4335,4639,128,5   1010,342,6,4473,4877,192,5   825,749,29,1652,4108,929,2   873,553,22,5021,6225,705,1   1364,513,29,2046,3816,929,3   582,247,10,1738,2264,320,1   202,518,18,4152,5100,576,3   919,267,22,1676,3322,705,4   1686,510,4,5277,5539,128,2   1105,394,23,1474,3202,737,3   569,729,20,3295,4283,641,3   660,568,20,107,1627,641,5   1089,463,7,5308,5720,224,1   489,348,24,1244,2180,769,1   644,327,9,5038,5328,288,3   517,331,4,5469,5855,128,1   420,358,16,3565,4429,512,5   1669,384,22,4485,6061,705,1   394,671,10,5803,6389,320,1   1266,371,26,787,2213,833,5   1260,399,28,3271,4885,897,5   1148,529,24,1162,2436,769,5   1161,311,13,4238,5048,416,5   1216,736,4,4197,4383,128,2   1065,715,5,4851,5125,160,4   1540,609,23,3941,5837,737,1   543,522,6,2825,3075,192,4   567,444,13,748,1456,416,1   904,516,22,5011,6207,705,1   1716,406,6,3741,4021,192,2   460,677,18,4309,5669,576,2   1277,456,22,171,1463,705,3   921,466,12,3903,4491,384,2   1801,385,27,677,2617,865,5   197,438,21,930,2948,673,4   1520,513,12,1908,2274,384,3   866,783,25,690,2302,801,1   939,892,22,3414,4948,705,2   1033,424,29,1563,3501,929,5   535,761,10,4082,4712,320,3   1986,442,10,2133,2523,320,3   664,627,3,6325,6591,96,2   1583,153,25,1209,3105,801,1
!----------------------------------------------------------------
!Recharge stations: x,y
300,0   1258,707   742,378   174,458   1537,247   934,581   1805,572

g inverse recharge rate 0.59
