!----------------------------------------------------------------
!Stores: (first: depot x,y; then: satellites x,y,maxCap)
300,0   1680,198,1000   1105,702,1000   1469,679,1000   967,345,1000
!----------------------------------------------------------------
!Trucks: (total#, cap, cost/dist, fixcost)
3,202,1,135   3,303,1,165
!----------------------------------------------------------------
!CityFreighters: (max cf/sat, total#, cap, cost/dist, fixcost, maxCharge, energyConsumption)
5,5,101,1,72,810,1   5,5,151,1,88,1210,1
!----------------------------------------------------------------
!Customers: (x, y, demand, readyTime, dueDate, serviceTime, penalizationCost)
802,540,20,3020,4364,591,1   1641,343,5,1240,1598,148,5   1184,667,26,3503,5005,769,4   942,312,28,0,1632,828,4   1136,426,11,876,1750,325,3   1212,394,11,2753,3427,325,2   962,605,16,5025,5985,473,1   463,582,13,3364,3848,384,5   491,462,25,715,2545,739,2   675,621,26,691,1695,769,5   1505,436,12,5360,6154,355,3   1719,382,10,4191,4787,296,2   378,359,25,932,2396,739,3   843,452,14,2644,3422,414,2   625,721,19,3338,4700,562,1   1634,400,25,4539,6477,739,4   1057,607,29,1495,2761,857,2   768,507,10,1154,1852,296,2   1543,611,14,4382,5284,414,4   685,382,10,569,1129,296,5   1027,322,17,4621,5653,503,5   816,578,7,2954,3432,207,4   727,698,8,2335,2993,237,4   1301,421,18,2217,3103,532,2   358,485,13,794,1300,384,5   1767,538,18,3634,4770,532,3   310,555,15,3811,4821,443,5   693,574,18,0,1610,532,5   878,305,18,141,1179,532,5   976,524,23,521,1655,680,2   920,554,13,3857,4787,384,4   1291,546,23,2403,4005,680,2   799,506,10,536,1148,296,3   890,602,24,737,2009,710,3   1746,558,19,4094,5192,562,5   1331,642,25,3255,5083,739,4   1567,456,27,3411,5231,798,5   1295,261,18,2377,3469,532,1   1304,310,5,5440,5664,148,3   681,714,14,4890,5698,414,2   809,607,16,4533,5145,473,4   725,388,8,3158,3760,237,5   103,632,4,5171,5487,118,3   1090,56,29,1063,2591,857,5   1906,663,25,2559,3977,739,2   408,559,23,2504,3498,680,4   387,541,25,2960,4248,739,1   138,358,12,1071,1725,355,2   1414,489,25,3562,5546,739,2   1645,614,3,5365,5555,89,1
!----------------------------------------------------------------
!Recharge stations: x,y
300,0   1680,198   1105,702   1469,679   967,345   326,462   761,296   1152,234   351,436   675,802

g inverse recharge rate 0.55
