!----------------------------------------------------------------
!Stores: (first: depot x,y; then: satellites x,y,maxCap)
300,0   54,456,1000   164,276,1000   1745,570,1000   1076,323,1000
!----------------------------------------------------------------
!Trucks: (total#, cap, cost/dist, fixcost)
3,202,1,135   3,303,1,165
!----------------------------------------------------------------
!CityFreighters: (max cf/sat, total#, cap, cost/dist, fixcost, maxCharge, energyConsumption)
5,5,101,1,72,810,1   5,5,151,1,88,1210,1
!----------------------------------------------------------------
!Customers: (x, y, demand, readyTime, dueDate, serviceTime, penalizationCost)
1267,379,15,1042,2322,656,5   588,332,25,0,2105,1093,4   359,385,20,2814,4796,875,5   1711,446,21,1245,3391,918,5   1748,553,14,1583,3191,612,3   501,610,4,923,1247,175,3   743,356,4,4672,5080,175,1   1253,700,20,1662,3612,875,3   212,516,11,3714,4758,481,2   817,431,25,5055,8171,1093,2   473,323,12,6922,7826,525,2   884,530,20,3328,4638,875,1   319,527,29,3853,5763,1268,2   1013,202,12,3685,4383,525,3   666,690,7,3027,3573,306,3   1380,521,10,2674,3872,437,2   1542,585,17,4143,6439,743,4   218,469,18,6547,8107,787,3   1642,509,17,5492,7592,743,4   1370,431,25,3674,5980,1093,5   1398,390,15,1228,2372,656,4   1556,315,11,5575,6665,481,5   294,594,4,1636,1950,175,5   350,659,5,2948,3278,219,1   446,593,14,3580,4406,612,4   1467,397,23,698,2742,1006,1   205,524,8,5693,6225,350,1   790,276,27,4498,6500,1181,5   364,353,18,3095,4955,787,4   1157,436,21,3207,5759,918,3   254,501,28,3651,5675,1224,2   1672,607,20,1591,3443,875,5   1391,587,26,3710,6606,1137,1   1096,593,4,5429,5759,175,5   1335,471,6,1121,1501,262,2   1178,614,23,631,3173,1006,2   662,563,13,6462,7580,568,2   956,365,21,571,2531,918,4   1175,619,22,784,2428,962,4   1492,323,24,3023,4711,1049,5   1622,680,5,3368,3802,219,1   254,287,26,5540,7216,1137,2   1860,336,17,1153,2235,743,1   1588,369,10,6859,7707,437,1   1199,247,5,4050,4520,219,3   885,670,11,1135,2237,481,5   108,629,6,1541,1977,262,2   1456,199,9,7133,7885,394,1   599,646,12,2495,3415,525,2   384,157,5,7554,7942,219,2
!----------------------------------------------------------------
!Recharge stations: x,y
300,0   54,456   164,276   1745,570   1076,323   895,312   1052,600

g inverse recharge rate 0.74
