!----------------------------------------------------------------
!Stores: (first: depot x,y; then: satellites x,y,maxCap)
300,0   1301,770,1000   254,805,1000   1042,125,1000   1949,604,1000
!----------------------------------------------------------------
!Trucks: (total#, cap, cost/dist, fixcost)
3,202,1,135   3,303,1,165
!----------------------------------------------------------------
!CityFreighters: (max cf/sat, total#, cap, cost/dist, fixcost, maxCharge, energyConsumption)
5,5,101,1,72,810,1   5,5,151,1,88,1210,1
!----------------------------------------------------------------
!Customers: (x, y, demand, readyTime, dueDate, serviceTime, penalizationCost)
629,336,12,1225,2371,496,2   460,387,11,4609,5125,455,1   1688,429,16,804,1764,662,1   1449,542,25,2421,4495,1034,1   1029,651,18,51,1323,745,5   747,647,19,1755,3515,786,2   944,670,19,0,1667,786,2   459,321,9,5241,6125,372,1   748,672,13,3577,4701,538,5   1734,562,20,3067,4455,827,3   1006,523,10,5111,5897,414,5   1115,344,26,4428,6554,1075,4   525,572,20,2573,4675,827,1   1099,637,15,265,1337,620,4   1733,426,29,338,2670,1200,2   1239,422,13,5542,6264,538,3   1582,312,21,754,2690,869,1   1221,729,21,1659,3397,869,1   649,668,28,3898,6866,1158,1   1435,250,6,6333,6847,248,1   371,320,9,6304,6960,372,1   610,490,11,5011,6039,455,2   752,225,18,2734,3932,745,2   1763,453,14,5406,6752,579,3   865,652,6,3906,4350,248,5   749,601,9,3494,4064,372,1   397,456,7,1392,1856,290,2   716,621,10,5604,6342,414,5   1500,608,12,1295,2367,496,2   851,771,22,1217,3371,910,1   1686,622,13,2858,4036,538,4   1555,455,11,4648,5790,455,3   680,485,6,2632,3230,248,5   1377,463,6,4932,5344,248,3   1630,501,6,3236,3936,248,1   1619,511,20,1038,2168,827,4   1578,620,11,5994,6672,455,2   387,409,15,1286,2318,620,2   859,326,16,3137,4267,662,1   586,446,8,3328,4000,331,3   1582,357,9,1922,2792,372,3   814,501,29,2996,4692,1200,5   1113,156,28,2280,4542,1158,3   1276,752,24,403,2205,993,5   1706,620,19,2666,4048,786,2   1741,645,14,2245,3333,579,2   1451,629,15,3164,4516,620,1   1925,391,14,4482,5446,579,2   1433,513,6,3985,4603,248,5   1047,330,18,1033,2447,745,5
!----------------------------------------------------------------
!Recharge stations: x,y
300,0   1301,770   254,805   1042,125   1949,604   786,558   961,757   592,546   1796,454   1828,482   282,366   306,487   1226,891   1253,280   420,427   1251,482   1168,320   1721,411   990,186   1576,561   495,385   1383,371   615,242   587,320   238,365   1256,600   795,756   405,268   1698,530   818,694

g inverse recharge rate 0.69
