!----------------------------------------------------------------
!Stores: (first: depot x,y; then: satellites x,y,maxCap)
300,0   1653,568,1000   1871,320,1000   1234,686,1000   279,699,1000
!----------------------------------------------------------------
!Trucks: (total#, cap, cost/dist, fixcost)
3,202,1,135   3,303,1,165
!----------------------------------------------------------------
!CityFreighters: (max cf/sat, total#, cap, cost/dist, fixcost, maxCharge, energyConsumption)
5,5,101,1,72,810,1   5,5,151,1,88,1210,1
!----------------------------------------------------------------
!Customers: (x, y, demand, readyTime, dueDate, serviceTime, penalizationCost)
1227,755,3,2393,2563,111,1   1781,476,27,2702,5056,996,2   1051,385,9,3739,4465,332,3   366,540,25,1404,2786,922,5   801,289,7,5926,6558,258,4   1193,317,10,361,1251,369,4   1060,468,29,243,2541,1070,1   982,744,6,5730,6132,221,4   590,349,21,929,2565,775,3   679,272,25,4572,6326,922,2   810,399,7,720,1222,258,3   977,713,16,2806,4006,590,4   934,265,11,5806,6930,406,5   458,492,21,433,2071,775,1   1554,663,27,5320,7278,996,3   460,405,13,5928,7076,480,5   1375,264,19,1736,3602,701,2   784,295,7,5677,6143,258,2   1185,262,17,3700,5336,627,4   852,774,19,4321,5597,701,1   205,510,9,6451,7173,332,1   917,244,5,1347,1631,184,5   1339,726,18,6315,7909,664,2   1557,371,24,5638,7618,885,4   1252,738,16,5134,6752,590,4   1173,621,29,2390,3986,1070,3   1636,352,28,1180,2686,1033,5   1435,523,26,5559,6831,959,5   441,334,8,796,1368,295,5   237,572,3,2787,3003,111,4   321,577,12,3116,4094,443,5   1428,570,29,949,2505,1070,4   1536,287,20,1654,2926,738,1   794,332,27,438,2780,996,4   1623,523,29,3854,5954,1070,3   203,497,12,2059,2845,443,3   461,697,25,1305,2923,922,5   439,477,10,6172,7052,369,4   1354,714,20,2484,3806,738,5   1710,494,14,3033,4141,516,3   638,433,11,4677,5321,406,1   1594,622,25,2023,3593,922,2   1350,165,5,7167,7531,184,5   1664,507,10,3299,4005,369,5   695,739,14,709,1549,516,5   1215,830,24,3605,5507,885,4   1584,213,27,5092,7332,996,2   318,339,20,5500,6676,738,5   1588,508,22,4537,5713,812,2   138,336,19,2972,4430,701,5
!----------------------------------------------------------------
!Recharge stations: x,y
300,0   1653,568   1871,320   1234,686   279,699   661,466   1714,350   994,513   564,385   1804,498   949,186   1456,213   1683,691   740,798   1284,621   107,487   185,487   1486,215   1524,745   856,617

g inverse recharge rate 0.7
