!----------------------------------------------------------------
!Stores: (first: depot x,y; then: satellites x,y,maxCap)
300,0   14,516,1000   900,857,1000   226,729,1000   1523,387,1000
!----------------------------------------------------------------
!Trucks: (total#, cap, cost/dist, fixcost)
3,202,1,135   3,303,1,165
!----------------------------------------------------------------
!CityFreighters: (max cf/sat, total#, cap, cost/dist, fixcost, maxCharge, energyConsumption)
5,5,101,1,72,810,1   5,5,151,1,88,1210,1
!----------------------------------------------------------------
!Customers: (x, y, demand, readyTime, dueDate, serviceTime, penalizationCost)
1319,462,5,7402,8058,231,2   1081,616,7,5100,5866,324,4   450,560,7,6302,6912,324,1   744,686,25,3763,5155,1156,4   227,439,18,2730,5182,833,1   1544,529,20,2549,4199,925,4   1075,473,18,6598,8364,833,1   1297,233,19,4394,6082,879,2   904,687,29,2737,4521,1341,2   643,611,27,427,2919,1249,4   1565,665,29,2135,5157,1341,5   1065,333,29,0,2621,1341,5   1500,324,11,882,1786,509,4   1432,354,22,690,3396,1018,5   853,713,19,2440,3516,879,4   302,509,13,3113,4401,601,1   1286,463,28,2540,5010,1295,5   981,764,6,7409,8025,278,5   211,508,22,6473,7833,1018,2   1151,357,4,5966,6510,185,5   780,320,5,4472,4936,231,1   1193,762,21,4118,6408,971,1   1067,379,8,4901,5893,370,3   282,420,18,428,2012,833,3   469,601,3,7547,7843,139,5   1506,342,19,3574,5024,879,5   1686,616,7,4672,5086,324,3   1629,594,7,1231,1917,324,5   1703,469,9,7002,7548,416,3   1456,503,7,5737,6451,324,1   1129,307,8,452,1288,370,4   1160,338,15,5179,6283,694,3   361,615,15,3473,5213,694,3   1119,208,16,1761,3097,740,2   412,308,11,5259,6467,509,3   1528,661,5,6975,7557,231,2   1697,511,18,368,2124,833,4   1184,516,3,7523,7875,139,5   1284,408,22,1594,3362,1018,4   1645,510,27,4254,6890,1249,1   1502,365,9,4702,5608,416,5   200,285,12,2796,4078,555,3   1168,618,5,7087,7535,231,2   1228,143,27,74,2766,1249,2   887,54,19,4879,6433,879,2   934,389,18,512,2348,833,4   118,716,4,5563,5735,185,5   1557,122,26,1610,4390,1203,4   1865,539,5,3591,4093,231,4   0,500,7,3472,4230,324,4
!----------------------------------------------------------------
!Recharge stations: x,y
300,0   14,516   900,857   226,729   1523,387   1473,232   516,325   1556,602

g inverse recharge rate 0.75
