!----------------------------------------------------------------
!Stores: (first: depot x,y; then: satellites x,y,maxCap)
300,0   1056,693,1000   103,661,1000   114,485,1000   1304,808,1000
!----------------------------------------------------------------
!Trucks: (total#, cap, cost/dist, fixcost)
3,202,1,135   3,303,1,165
!----------------------------------------------------------------
!CityFreighters: (max cf/sat, total#, cap, cost/dist, fixcost, maxCharge, energyConsumption)
5,5,101,1,72,810,1   5,5,151,1,88,1210,1
!----------------------------------------------------------------
!Customers: (x, y, demand, readyTime, dueDate, serviceTime, penalizationCost)
1163,500,29,38,1882,1042,1   1367,493,17,1937,2829,611,5   1485,607,26,1953,3243,934,2   1714,389,16,5139,6233,575,4   1141,670,10,6378,7166,359,1   342,564,29,3810,6266,1042,3   881,394,10,5986,6870,359,5   363,652,13,1181,1893,467,5   1144,739,20,3667,4983,719,5   262,395,5,1678,2148,180,4   1289,387,5,3336,3680,180,3   1060,256,28,1477,3173,1006,3   1137,712,4,3894,4204,144,2   877,554,6,4656,4990,216,1   387,602,17,0,1452,611,4   499,280,28,2817,4447,1006,1   735,489,9,3476,4036,323,3   1138,223,5,3090,3460,180,3   1773,517,24,1961,3407,862,5   463,646,22,3362,4868,791,3   225,513,28,0,2109,1006,4   987,328,14,5941,6917,503,4   1718,618,10,2461,3113,359,3   527,297,15,1471,2781,539,2   1653,580,26,1356,3576,934,5   847,769,3,1252,1488,108,1   429,548,20,5295,6817,719,5   745,448,19,0,1371,683,2   1593,500,3,2217,2407,108,3   469,718,18,1815,3085,647,1   1343,759,21,3195,4619,755,5   1460,507,4,5548,5872,144,5   1261,735,24,4902,6396,862,1   722,686,29,0,2251,1042,5   1404,478,14,1648,2608,503,1   677,632,22,5194,6446,791,4   1007,383,4,6309,6545,144,3   461,675,26,2984,5060,934,3   1362,527,13,3221,4095,467,2   980,486,3,4419,4577,108,1   644,679,20,1956,3398,719,1   406,154,21,4614,5406,755,4   1111,292,15,2321,3117,539,5   367,807,6,5815,6409,216,2   285,608,27,0,2138,970,5   849,557,29,3466,5594,1042,4   394,411,29,2373,4673,1042,1   637,836,17,2257,3605,611,1   462,155,6,1228,1682,216,1   334,751,11,2874,3712,395,2
!----------------------------------------------------------------
!Recharge stations: x,y
300,0   1056,693   103,661   114,485   1304,808   1615,737   1344,598   1012,905   103,417   1523,354   1299,814   158,541   567,722   1701,635   976,253   845,391   1608,700   459,496   1691,557   973,187   558,529   701,686   1708,812   514,389   271,327   1836,555   1778,569   1028,203   1546,492   21,499

g inverse recharge rate 0.65
