!----------------------------------------------------------------
!Stores: (first: depot x,y; then: satellites x,y,maxCap)
300,0   1002,917,1000   103,601,1000   426,696,1000   614,98,1000
!----------------------------------------------------------------
!Trucks: (total#, cap, cost/dist, fixcost)
3,202,1,135   3,303,1,165
!----------------------------------------------------------------
!CityFreighters: (max cf/sat, total#, cap, cost/dist, fixcost, maxCharge, energyConsumption)
5,5,101,1,72,810,1   5,5,151,1,88,1210,1
!----------------------------------------------------------------
!Customers: (x, y, demand, readyTime, dueDate, serviceTime, penalizationCost)
1347,608,18,5750,7592,772,5   411,612,7,1716,2378,300,2   852,558,4,1421,1663,172,4   953,749,6,1391,1801,257,1   1328,600,27,1019,3867,1159,3   1203,628,12,889,2113,515,4   1401,354,21,914,2630,901,3   1587,324,13,5099,6679,558,3   1522,633,5,7010,7344,215,2   1253,424,10,682,1588,429,1   1024,672,8,4830,5214,343,5   1337,743,13,4925,6113,558,4   940,357,5,6768,7170,215,2   1311,642,16,4813,6039,687,5   1695,558,28,3406,5618,1202,1   585,586,19,1652,3700,815,4   1061,582,14,2976,4368,601,4   940,546,5,5424,5870,215,5   1386,509,26,988,3498,1116,5   510,434,26,5028,6982,1116,1   1343,701,4,2698,3102,172,2   1721,609,23,5612,7542,987,3   1493,580,10,4393,5253,429,3   918,642,29,0,2929,1244,4   320,576,23,3211,5595,987,3   851,720,19,6276,7526,815,4   437,347,18,2421,4199,772,2   1773,549,8,2730,3346,343,2   587,656,18,899,2573,772,4   1318,469,25,4039,6097,1073,2   1086,232,6,2017,2413,257,5   959,214,19,412,2066,815,4   359,442,5,4340,4824,215,2   702,558,21,2556,4336,901,5   1732,412,22,912,2788,944,5   809,732,25,3088,5942,1073,1   1590,695,8,6232,6768,343,3   649,476,11,2472,3412,472,3   1725,509,24,4001,6297,1030,4   552,397,18,2827,4527,772,1   1414,63,24,1078,3488,1030,4   1994,533,3,2531,2715,129,5   453,407,9,1494,2286,386,5   1327,714,27,1189,3531,1159,1   1354,537,18,3209,4593,772,3   1919,563,3,4612,4864,129,1   416,212,17,5550,7246,729,2   1372,201,23,778,2438,987,5   1665,798,28,4594,6888,1202,4   1051,387,24,3736,5878,1030,5
!----------------------------------------------------------------
!Recharge stations: x,y
300,0   1002,917   103,601   426,696   614,98   1498,536   1333,640   1301,579

g inverse recharge rate 0.75
