!----------------------------------------------------------------
!Stores: (first: depot x,y; then: satellites x,y,maxCap)
300,0   1301,770,1000   254,805,1000   1042,125,1000   1949,604,1000
!----------------------------------------------------------------
!Trucks: (total#, cap, cost/dist, fixcost)
3,202,1,135   3,303,1,165
!----------------------------------------------------------------
!CityFreighters: (max cf/sat, total#, cap, cost/dist, fixcost, maxCharge, energyConsumption)
5,5,101,1,72,810,1   5,5,151,1,88,1210,1
!----------------------------------------------------------------
!Customers: (x, y, demand, readyTime, dueDate, serviceTime, penalizationCost)
629,336,12,5333,6383,496,3   460,387,11,5624,6748,455,2   1688,429,16,3151,4261,662,5   1449,542,25,3350,5770,1034,5   1029,651,18,5732,7214,745,4   747,647,19,1,1577,786,3   944,670,19,5720,7946,786,5   459,321,9,4592,5132,372,4   748,672,13,5865,6957,538,5   1734,562,20,0,1664,827,3   1006,523,10,2242,2910,414,1   1115,344,26,0,2148,1075,2   525,572,20,4879,6707,827,5   1099,637,15,354,1044,620,5   1733,426,29,3785,6051,1200,1   1239,422,13,4439,5841,538,5   1582,312,21,531,2485,869,4   1221,729,21,818,3068,869,3   649,668,28,548,2890,1158,5   1435,250,6,3638,4208,248,5   371,320,9,3229,4073,372,3   610,490,11,4725,5639,455,5   752,225,18,3194,4324,745,4   1763,453,14,6022,6976,579,1   865,652,6,2436,2736,248,1   749,601,9,3533,4037,372,4   397,456,7,6353,6831,290,5   716,621,10,4457,4907,414,4   1500,608,12,2925,4157,496,2   851,771,22,2776,4658,910,3   1686,622,13,2501,3535,538,1   1555,455,11,5913,6825,455,5   680,485,6,5251,5567,248,3   1377,463,6,6145,6569,248,4   1630,501,6,6761,7117,248,1   1619,511,20,1796,3456,827,4   1578,620,11,4994,5880,455,3   387,409,15,4749,6105,620,5   859,326,16,1501,2903,662,4   586,446,8,770,1318,331,4   1582,357,9,2727,3733,372,4   814,501,29,510,3040,1200,4   1113,156,28,2270,5138,1158,2   1276,752,24,5189,7481,993,2   1706,620,19,4150,5172,786,2   1741,645,14,5826,7118,579,5   1451,629,15,5080,6318,620,3   1925,391,14,4528,5916,579,1   1433,513,6,6570,6994,248,1   1047,330,18,886,2268,745,5
!----------------------------------------------------------------
!Recharge stations: x,y
300,0   1301,770   254,805   1042,125   1949,604   786,558   961,757   592,546   1796,454   1828,482   282,366   306,487   1226,891   1253,280   420,427

g inverse recharge rate 0.69
