!----------------------------------------------------------------
!Stores: (first: depot x,y; then: satellites x,y,maxCap)
300,0   1104,923,1000   265,570,1000   1281,290,1000   997,241,1000
!----------------------------------------------------------------
!Trucks: (total#, cap, cost/dist, fixcost)
3,202,1,135   3,303,1,165
!----------------------------------------------------------------
!CityFreighters: (max cf/sat, total#, cap, cost/dist, fixcost, maxCharge, energyConsumption)
5,5,101,1,72,810,1   5,5,151,1,88,1210,1
!----------------------------------------------------------------
!Customers: (x, y, demand, readyTime, dueDate, serviceTime, penalizationCost)
1080,593,8,2251,2927,272,4   1753,528,17,2535,3741,578,3   445,400,22,3575,5375,748,3   812,373,17,583,2081,578,2   1472,533,8,431,1103,272,3   533,449,11,1504,2386,374,2   1500,396,28,1019,2471,951,4   783,520,8,2054,2520,272,4   447,670,25,0,1846,849,4   1673,643,11,852,1482,374,2   295,397,24,0,1615,815,2   674,443,18,1216,2292,612,1   293,545,25,1939,3139,849,3   941,487,4,3592,3900,136,2   1501,317,16,903,2317,544,5   1263,474,8,5208,5744,272,5   1796,478,13,4682,5670,442,4   219,495,6,5656,5976,204,1   352,509,19,487,1653,646,1   1628,651,7,3344,3930,238,4   1419,708,29,677,2245,985,4   1547,410,3,4302,4508,102,1   688,719,13,1304,2116,442,1   244,550,27,1050,3382,917,5   1548,575,8,5064,5702,272,3   1494,578,22,1168,2992,748,5   1582,371,13,3786,4802,442,3   1183,560,28,2842,4420,951,5   1142,241,24,4404,5608,815,4   1203,670,19,3773,5101,646,5   1177,440,12,4575,5495,408,4   549,720,22,263,1621,748,2   1499,389,22,1087,2467,748,5   1019,209,10,4291,5035,340,2   1299,607,28,1719,3905,951,3   1198,224,16,1996,3162,544,1   1770,470,19,3184,4360,646,4   1127,515,22,1115,2499,748,4   603,584,8,3319,3835,272,1   1027,603,15,938,1866,510,3   1772,355,3,4729,4919,102,5   744,204,11,3069,3725,374,3   1723,488,5,2378,2720,170,4   933,674,23,4217,5681,781,1   1154,645,17,1988,3016,578,1   1093,727,27,0,2012,917,2   1683,195,24,2663,4119,815,2   220,563,6,3606,3990,204,3   1524,784,22,2870,4198,748,4   1407,661,7,2325,2585,238,2
!----------------------------------------------------------------
!Recharge stations: x,y
300,0   1104,923   265,570   1281,290   997,241   1508,355   1486,550   368,875   1766,541   1717,671   1244,246   1438,333   1269,613   1833,520   535,532   1338,766   189,400   1131,503   554,230   374,386   1411,747   282,613   789,370   457,537   1796,516

g inverse recharge rate 0.6
