!----------------------------------------------------------------
!Stores: (first: depot x,y; then: satellites x,y,maxCap)
300,0   341,811,1000   468,469,1000   1903,681,1000   1739,317,1000
!----------------------------------------------------------------
!Trucks: (total#, cap, cost/dist, fixcost)
3,202,1,135   3,303,1,165
!----------------------------------------------------------------
!CityFreighters: (max cf/sat, total#, cap, cost/dist, fixcost, maxCharge, energyConsumption)
5,5,101,1,72,810,1   5,5,151,1,88,1210,1
!----------------------------------------------------------------
!Customers: (x, y, demand, readyTime, dueDate, serviceTime, penalizationCost)
1457,621,29,3035,5247,1354,3   1369,514,15,1825,2979,701,4   450,294,18,6024,7822,841,3   1201,625,4,2888,3142,187,3   303,393,10,6816,7862,467,3   626,373,9,5864,6562,420,4   986,751,21,1949,3885,981,3   1687,572,6,1400,1948,280,1   807,535,17,1258,2746,794,3   957,602,7,2814,3358,327,2   1341,466,14,5555,6917,654,3   868,335,19,1864,3636,887,3   1477,427,3,5991,6247,140,2   1710,513,7,4114,4774,327,4   297,516,18,4278,6104,841,1   1566,595,15,4500,5630,701,1   982,373,19,799,2713,887,2   602,560,12,4063,5213,560,1   1018,575,17,4419,5653,794,4   681,511,19,6022,8032,887,3   390,389,12,928,2118,560,4   1717,407,3,846,1218,140,3   812,728,4,2920,3324,187,3   1482,411,11,2720,3598,514,1   1121,230,9,6872,7664,420,3   724,609,5,1983,2427,234,5   732,543,7,5150,5774,327,3   1701,427,5,4479,4893,234,2   1429,411,26,3776,6128,1214,5   1580,334,6,2500,3254,280,5   1542,363,4,814,1070,187,3   446,356,26,1381,3633,1214,1   1325,511,28,3253,7057,1308,3   1040,543,14,1155,2383,654,1   839,762,10,5983,6783,467,3   826,427,25,4776,7392,1168,5   1622,535,18,4603,6271,841,5   1205,493,22,3467,5225,1027,4   1756,487,13,1047,2345,607,4   1757,458,13,1033,2317,607,4   1205,634,26,5129,7517,1214,2   968,82,17,2100,3572,794,3   552,907,29,1150,3582,1354,5   933,725,11,1910,3118,514,5   1702,535,16,3059,4549,747,1   1374,356,9,6832,7670,420,1   1225,149,10,3863,4805,467,4   1029,837,20,1910,3152,934,3   894,84,23,5854,6908,1074,4   210,630,15,5859,7293,701,1
!----------------------------------------------------------------
!Recharge stations: x,y
300,0   341,811   468,469   1903,681   1739,317   848,592   1099,507   911,413   213,615   548,783   383,254   565,713   1717,496   1501,750   472,394   835,532   1065,724   1063,755   378,567   1418,245

g inverse recharge rate 0.74
