!----------------------------------------------------------------
!Stores: (first: depot x,y; then: satellites x,y,maxCap)
300,0   19,412,1000   1569,459,1000   942,291,1000   915,886,1000
!----------------------------------------------------------------
!Trucks: (total#, cap, cost/dist, fixcost)
3,202,1,135   3,303,1,165
!----------------------------------------------------------------
!CityFreighters: (max cf/sat, total#, cap, cost/dist, fixcost, maxCharge, energyConsumption)
5,5,101,1,72,810,1   5,5,151,1,88,1210,1
!----------------------------------------------------------------
!Customers: (x, y, demand, readyTime, dueDate, serviceTime, penalizationCost)
351,600,3,5498,5640,99,3   1478,561,13,5135,5713,429,3   343,526,13,2828,3434,429,5   1430,715,15,3302,4560,495,5   1180,363,24,0,1739,793,3   1694,455,24,1365,2805,793,1   729,716,24,4797,6641,793,4   1431,751,7,6638,6922,231,5   1121,679,13,2103,3175,429,2   1730,487,7,2077,2571,231,1   1011,611,13,383,1147,429,4   936,759,3,5971,6193,99,1   566,574,25,5235,6515,826,1   1375,345,29,1923,4491,958,5   1404,295,8,4291,4711,264,1   1157,552,18,2624,4326,594,1   1088,740,15,2852,4148,495,5   1156,345,28,4263,6389,925,5   297,560,11,2019,2687,363,2   335,368,23,1486,2572,760,2   455,416,20,4224,5744,661,4   1569,399,25,475,1957,826,4   1106,454,25,1519,3423,826,4   1026,309,25,2239,3659,826,2   1712,607,26,795,1845,859,1   1667,468,18,1352,2686,594,2   1326,541,21,44,1270,694,4   446,474,16,1812,2952,528,5   1027,276,15,1081,2013,495,5   601,343,28,0,1992,925,2   1234,725,12,806,1242,396,3   577,344,24,5227,7079,793,2   997,505,28,3350,5932,925,4   689,655,11,6375,7193,363,5   820,475,7,2177,2641,231,1   1386,363,12,3260,3786,396,3   1374,619,28,1229,2967,925,5   634,766,17,4988,6094,561,3   1069,762,11,2649,3469,363,3   1463,514,9,935,1491,297,4   380,752,20,3890,5142,661,5   267,433,22,3936,5410,727,4   697,595,6,3236,3526,198,2   367,732,27,773,2683,892,5   757,20,16,3642,4636,528,5   289,398,16,1765,2785,528,2   1696,780,24,5032,6886,793,3   1568,507,9,4081,4411,297,5   728,52,28,2873,4615,925,3   708,701,21,4169,5213,694,4
!----------------------------------------------------------------
!Recharge stations: x,y
300,0   19,412   1569,459   942,291   915,886   472,502   1451,479   700,699   1437,418   1166,164   1531,323   568,226   1411,440   1451,451   320,860   1059,540   864,669   1521,408   1604,357   1541,246   1630,431   1036,722   761,47   868,333   249,687   417,773   1696,449   1338,388   1629,353   1540,607

g inverse recharge rate 0.64
