!----------------------------------------------------------------
!Stores: (first: depot x,y; then: satellites x,y,maxCap)
300,0   1314,650,1000   548,85,1000   70,356,1000   844,731,1000
!----------------------------------------------------------------
!Trucks: (total#, cap, cost/dist, fixcost)
3,202,1,135   3,303,1,165
!----------------------------------------------------------------
!CityFreighters: (max cf/sat, total#, cap, cost/dist, fixcost, maxCharge, energyConsumption)
5,5,101,1,72,810,1   5,5,151,1,88,1210,1
!----------------------------------------------------------------
!Customers: (x, y, demand, readyTime, dueDate, serviceTime, penalizationCost)
1140,489,22,661,2503,844,3   1210,344,10,2006,3096,384,1   283,552,7,4688,5466,269,1   1743,579,11,1640,2742,422,3   660,253,15,4544,5912,575,2   808,679,4,3262,3514,153,5   288,610,3,3109,3313,115,3   1320,570,10,2142,2796,384,4   984,331,29,5050,7466,1112,4   1198,680,17,4079,5339,652,3   1390,344,18,1869,3509,691,4   1427,604,7,1419,1949,269,2   1264,777,19,4328,5878,729,1   1192,450,16,1899,2605,614,2   1350,439,21,632,1834,806,3   890,676,22,5641,7681,844,4   1265,750,17,5527,6593,652,2   1488,311,23,401,2089,882,1   1676,533,17,1525,3323,652,5   232,547,26,4641,6147,997,2   1548,424,16,213,1633,614,3   1087,469,19,4772,5934,729,1   577,324,11,3054,4050,422,1   200,500,25,2453,4035,959,4   1621,484,11,4217,5059,422,3   1585,514,27,3285,5465,1036,4   457,347,10,2074,2736,384,4   1507,592,12,537,1243,460,2   316,368,13,4645,5765,499,1   512,602,9,2238,2846,345,3   1445,645,28,833,2615,1074,3   805,561,5,5105,5471,192,4   342,511,23,5329,7315,882,5   1639,556,18,5742,7028,691,3   825,343,7,1434,1864,269,1   1751,499,18,3313,4641,691,3   1684,637,18,5532,7160,691,2   1472,666,8,4722,5272,307,5   1094,424,11,560,1156,422,1   1701,426,18,2601,3595,691,2   1345,660,19,4597,5943,729,4   878,16,28,4908,6122,1074,3   216,792,7,3820,4376,269,5   961,798,21,4099,6005,806,3   1184,801,12,1165,2177,460,4   1274,186,22,3105,5083,844,3   928,905,19,5226,7070,729,1   1061,989,25,2845,4539,959,3   474,471,11,3690,4358,422,4   248,292,11,4302,5302,422,1
!----------------------------------------------------------------
!Recharge stations: x,y
300,0   1314,650   548,85   70,356   844,731   273,357   372,710   1529,261   1270,389   655,302   1674,380   1396,767   244,452   1523,709   426,287   921,702   861,575   1356,580   529,269   122,368   690,624   750,182   364,612   1301,231   417,330   281,308   1132,181   439,657   734,413   1224,385   840,816   1815,590   1370,713   862,611   1502,652   1187,751   318,588   1592,320   419,416   318,424   1472,775   445,409   1578,674   842,489   676,290

g inverse recharge rate 0.67
