!----------------------------------------------------------------
!Stores: (first: depot x,y; then: satellites x,y,maxCap)
300,0   737,750,1000   1403,735,1000   1207,746,1000   214,536,1000
!----------------------------------------------------------------
!Trucks: (total#, cap, cost/dist, fixcost)
3,202,1,135   3,303,1,165
!----------------------------------------------------------------
!CityFreighters: (max cf/sat, total#, cap, cost/dist, fixcost, maxCharge, energyConsumption)
5,5,101,1,72,810,1   5,5,151,1,88,1210,1
!----------------------------------------------------------------
!Customers: (x, y, demand, readyTime, dueDate, serviceTime, penalizationCost)
381,672,25,1850,3710,848,3   235,448,15,4738,5826,509,4   1527,689,11,5717,6383,373,3   991,692,10,1485,2191,339,2   1381,463,24,1129,2941,815,2   1331,325,10,2030,2774,339,5   280,463,3,2094,2318,102,1   1649,482,20,1317,2701,679,2   1251,279,18,960,2336,611,3   772,424,19,4850,6508,645,3   601,399,5,1597,1995,170,1   826,529,15,3712,4780,509,1   530,700,4,2967,3213,136,1   1347,369,20,4349,5545,679,5   358,653,26,103,1811,882,4   1456,310,20,641,2325,679,4   432,545,11,3011,3483,373,5   308,637,10,311,1127,339,3   715,262,27,2975,5339,916,2   870,441,5,1397,1685,170,4   1624,425,17,3551,4343,577,1   253,551,5,973,1207,170,3   630,527,19,5286,6310,645,4   1106,459,12,257,1437,407,4   968,772,26,1371,2697,882,5   993,689,13,3199,3819,441,5   242,444,28,0,1742,950,4   1479,590,20,2340,4308,679,5   1436,406,20,4298,5760,679,5   516,737,26,4603,6591,882,3   1581,667,26,3967,5339,882,2   1019,358,16,3760,4924,543,4   1616,672,13,4135,4963,441,3   557,378,18,2753,3783,611,3   1394,537,22,4854,6634,747,3   1601,345,21,1883,3277,713,2   769,350,14,1480,2308,475,3   1790,485,17,3019,4483,577,2   814,743,26,0,1868,882,3   399,364,29,4821,6223,984,5   835,490,8,3380,3840,272,2   533,911,20,1392,2802,679,3   630,548,10,2595,3365,339,3   1296,446,14,3399,4559,475,3   1428,556,6,2246,2754,204,2   278,269,6,5200,5602,204,4   646,530,3,1091,1267,102,5   1658,532,14,3889,4877,475,5   470,622,19,4839,6071,645,1   1838,751,9,5178,5876,305,1
!----------------------------------------------------------------
!Recharge stations: x,y
300,0   737,750   1403,735   1207,746   214,536   1130,505   1578,314   1186,382   970,162   665,917   1713,789   37,542   1171,701   275,335   1325,207   585,786   855,801   517,331   1820,216   1356,325   756,278   383,615   1193,217   485,339   559,431   1459,662   1110,813   790,432   802,645   1136,165   885,220   1144,675   1504,766   463,535   1376,763   1479,596   1369,527   1155,533   499,329   1251,345   259,645   954,341   1391,584   1065,423   917,610   1982,483   1023,390   1566,736   1100,457   1842,519   217,406   1535,292   813,436   1341,714   804,869

g inverse recharge rate 0.59
