!----------------------------------------------------------------
!Stores: (first: depot x,y; then: satellites x,y,maxCap)
300,0   1258,707,1000   742,378,1000   174,458,1000   1537,247,1000
!----------------------------------------------------------------
!Trucks: (total#, cap, cost/dist, fixcost)
3,202,1,135   3,303,1,165
!----------------------------------------------------------------
!CityFreighters: (max cf/sat, total#, cap, cost/dist, fixcost, maxCharge, energyConsumption)
5,5,101,1,72,810,1   5,5,151,1,88,1210,1
!----------------------------------------------------------------
!Customers: (x, y, demand, readyTime, dueDate, serviceTime, penalizationCost)
1078,257,15,492,1634,480,1   918,628,27,791,2425,865,5   381,345,29,3321,5289,929,1   816,329,22,0,1415,705,1   799,696,8,529,1045,256,3   423,464,10,3778,4632,320,3   1346,338,25,350,1822,801,1   844,755,4,2965,3139,128,3   1010,342,6,1265,1829,192,5   825,749,29,358,1788,929,4   873,553,22,836,2466,705,3   1364,513,29,3897,6231,929,4   582,247,10,442,1334,320,5   202,518,18,411,1565,576,5   919,267,22,2041,3673,705,1   1686,510,4,2231,2531,128,3   1105,394,23,4174,5416,737,5   569,729,20,5099,6321,641,5   660,568,20,4615,6357,641,3   1089,463,7,4230,4620,224,1   489,348,24,3791,5269,769,5   644,327,9,2405,2775,288,5   517,331,4,5865,6087,128,4   420,358,16,2903,4061,512,5   1669,384,22,3079,4531,705,5   394,671,10,3915,4597,320,3   1266,371,26,3651,5127,833,3   1260,399,28,2508,5050,897,1   1148,529,24,1791,3405,769,3   1161,311,13,389,1227,416,1   1216,736,4,802,966,128,1   1065,715,5,1656,1898,160,1   1540,609,23,994,2514,737,1   543,522,6,731,1105,192,3   567,444,13,1584,2484,416,1   904,516,22,2313,3979,705,5   1716,406,6,3822,4300,192,5   460,677,18,415,1565,576,2   1277,456,22,4188,5050,705,3   921,466,12,631,1403,384,2   1801,385,27,3340,5270,865,4   197,438,21,599,1987,673,2   1520,513,12,1597,2329,384,5   866,783,25,894,2970,801,1   939,892,22,3393,4563,705,4   1033,424,29,775,2819,929,1   535,761,10,852,1486,320,2   1986,442,10,2775,3317,320,4   664,627,3,861,1075,96,5   1583,153,25,2808,4158,801,2
!----------------------------------------------------------------
!Recharge stations: x,y
300,0   1258,707   742,378   174,458   1537,247   934,581   1805,572   524,736   1767,528   1779,612   1046,238   1769,517   1339,698   824,700   762,402   1424,448   996,706   1842,529   555,586   1101,584   787,361   1107,409   1572,359   889,355   1722,382   481,247   336,465   1639,394   1521,468   644,700   1004,198   472,414   642,404   1440,388   699,758   1290,761   636,771   1818,631   1522,264   661,584   1088,917   549,677   757,546   1122,428   248,683   593,561   557,574   982,846   236,766   1443,641   1407,459   1443,308   1637,568   425,502   1304,775

g inverse recharge rate 0.59
