!----------------------------------------------------------------
!Stores: (first: depot x,y; then: satellites x,y,maxCap)
300,0   14,516,1000   900,857,1000   226,729,1000   1523,387,1000
!----------------------------------------------------------------
!Trucks: (total#, cap, cost/dist, fixcost)
3,202,1,135   3,303,1,165
!----------------------------------------------------------------
!CityFreighters: (max cf/sat, total#, cap, cost/dist, fixcost, maxCharge, energyConsumption)
5,5,101,1,72,810,1   5,5,151,1,88,1210,1
!----------------------------------------------------------------
!Customers: (x, y, demand, readyTime, dueDate, serviceTime, penalizationCost)
1319,462,5,6221,6709,231,4   1081,616,7,4691,5261,324,3   450,560,7,5581,6183,324,5   744,686,25,476,3414,1156,3   227,439,18,4309,6283,833,4   1544,529,20,6135,7675,925,4   1075,473,18,6339,8051,833,1   1297,233,19,4614,6398,879,1   904,687,29,825,3273,1341,5   643,611,27,2557,4661,1249,1   1565,665,29,0,3367,1341,5   1065,333,29,4989,7343,1341,5   1500,324,11,4288,5546,509,3   1432,354,22,4520,6506,1018,1   853,713,19,1840,3288,879,4   302,509,13,476,1574,601,1   1286,463,28,1122,3274,1295,5   981,764,6,3301,4087,278,4   211,508,22,4394,6628,1018,4   1151,357,4,3853,4209,185,3   780,320,5,4721,5199,231,3   1193,762,21,1673,4389,971,2   1067,379,8,5599,6423,370,2   282,420,18,554,2318,833,3   469,601,3,3297,3611,139,4   1506,342,19,3794,5148,879,5   1686,616,7,2820,3620,324,3   1629,594,7,5395,6131,324,4   1703,469,9,4262,4904,416,3   1456,503,7,2506,3186,324,5   1129,307,8,2790,3468,370,1   1160,338,15,1382,2664,694,3   361,615,15,5302,6348,694,2   1119,208,16,767,2707,740,3   412,308,11,2682,3898,509,3   1528,661,5,4224,4592,231,2   1697,511,18,496,2148,833,5   1184,516,3,4630,4920,139,1   1284,408,22,1993,4683,1018,2   1645,510,27,3371,6097,1249,5   1502,365,9,6575,7805,416,3   200,285,12,3643,4697,555,4   1168,618,5,6654,7122,231,3   1228,143,27,2622,5000,1249,3   887,54,19,796,2058,879,3   934,389,18,58,2110,833,4   118,716,4,4180,4628,185,1   1557,122,26,0,2727,1203,4   1865,539,5,1772,2318,231,2   0,500,7,5047,5603,324,2
!----------------------------------------------------------------
!Recharge stations: x,y
300,0   14,516   900,857   226,729   1523,387   1473,232   516,325   1556,602   321,460   1133,641   162,451   212,453   1307,759   289,677   766,685   600,305   832,269   336,217   247,557   405,277   1381,107   1851,680   1374,251   806,514   199,418

g inverse recharge rate 0.75
