!----------------------------------------------------------------
!Stores: (first: depot x,y; then: satellites x,y,maxCap)
300,0   54,456,1000   164,276,1000   1745,570,1000   1076,323,1000
!----------------------------------------------------------------
!Trucks: (total#, cap, cost/dist, fixcost)
3,202,1,135   3,303,1,165
!----------------------------------------------------------------
!CityFreighters: (max cf/sat, total#, cap, cost/dist, fixcost, maxCharge, energyConsumption)
5,5,101,1,72,810,1   5,5,151,1,88,1210,1
!----------------------------------------------------------------
!Customers: (x, y, demand, readyTime, dueDate, serviceTime, penalizationCost)
1267,379,15,4049,5675,656,3   588,332,25,3978,6240,1093,3   359,385,20,5601,7977,875,4   1711,446,21,215,2209,918,1   1748,553,14,3781,4783,612,2   501,610,4,4995,5337,175,1   743,356,4,3007,3401,175,3   1253,700,20,4231,6247,875,5   212,516,11,2103,3483,481,4   817,431,25,1637,3951,1093,3   473,323,12,5959,7125,525,3   884,530,20,54,1936,875,4   319,527,29,0,2363,1268,4   1013,202,12,6455,7567,525,1   666,690,7,6455,7119,306,2   1380,521,10,5185,6161,437,5   1542,585,17,5808,7794,743,1   218,469,18,4035,5773,787,2   1642,509,17,5135,6857,743,5   1370,431,25,643,2515,1093,2   1398,390,15,5604,7236,656,1   1556,315,11,6770,7528,481,4   294,594,4,4180,4474,175,1   350,659,5,3734,4188,219,1   446,593,14,3787,5009,612,1   1467,397,23,1250,2990,1006,1   205,524,8,5892,6598,350,5   790,276,27,2049,3811,1181,5   364,353,18,6217,8289,787,4   1157,436,21,920,2686,918,4   254,501,28,2522,4464,1224,2   1672,607,20,83,2327,875,4   1391,587,26,4480,6056,1137,2   1096,593,4,3069,3559,175,1   1335,471,6,2798,3482,262,1   1178,614,23,3102,4342,1006,1   662,563,13,2947,4463,568,1   956,365,21,0,2142,918,3   1175,619,22,5910,7646,962,1   1492,323,24,1058,3456,1049,3   1622,680,5,3371,4013,219,2   254,287,26,1725,3403,1137,1   1860,336,17,5018,6544,743,1   1588,369,10,2766,3578,437,3   1199,247,5,5352,5830,219,5   885,670,11,2818,3594,481,2   108,629,6,2246,2574,262,4   1456,199,9,1257,1785,394,5   599,646,12,734,1582,525,3   384,157,5,4494,5056,219,3
!----------------------------------------------------------------
!Recharge stations: x,y
300,0   54,456   164,276   1745,570   1076,323   895,312   1052,600   1666,701   1481,567   588,510   226,568   243,479   1265,205   1665,402   160,494   955,546   269,603   1421,693   639,189   1800,542   949,499   336,352   768,838   1590,129   266,356   191,517   330,504   1159,802   531,93   1419,558   1659,493   1616,593   935,638   303,405   1580,332

g inverse recharge rate 0.74
