!----------------------------------------------------------------
!Stores: (first: depot x,y; then: satellites x,y,maxCap)
300,0   1913,443,1000   1219,926,1000   608,792,1000   1816,280,1000
!----------------------------------------------------------------
!Trucks: (total#, cap, cost/dist, fixcost)
3,202,1,135   3,303,1,165
!----------------------------------------------------------------
!CityFreighters: (max cf/sat, total#, cap, cost/dist, fixcost, maxCharge, energyConsumption)
5,5,101,1,72,810,1   5,5,151,1,88,1210,1
!----------------------------------------------------------------
!Customers: (x, y, demand, readyTime, dueDate, serviceTime, penalizationCost)
623,450,10,2920,3640,415,5   281,390,29,1253,3161,1203,4   884,287,9,3055,3639,373,5   1629,573,29,2499,5853,1203,5   974,731,8,2442,3246,332,5   529,469,12,6433,7557,498,5   1551,495,8,6720,7204,332,2   1351,754,3,5986,6274,124,2   602,631,10,6516,7306,415,5   898,367,3,4141,4405,124,1   1699,559,21,6227,7917,871,1   378,609,17,1310,2454,705,5   370,498,3,4667,4897,124,5   469,445,17,3562,5164,705,5   1184,511,12,363,1369,498,5   495,516,8,1154,1772,332,5   1495,720,6,1106,1708,249,3   530,438,28,3370,5738,1161,1   981,779,7,5126,5596,290,3   510,736,25,4336,7466,1037,4   361,612,10,5749,6659,415,2   1250,678,25,4749,6733,1037,3   756,555,10,4241,4955,415,3   800,283,3,2894,3130,124,3   490,577,16,1747,3285,664,1   461,372,20,3884,5352,830,2   654,765,15,1684,3314,622,2   1709,537,25,6419,7945,1037,2   440,471,27,2368,4412,1120,1   571,333,21,5639,6951,871,1   1234,454,25,2638,3928,1037,5   1631,401,20,5471,6537,830,2   598,321,13,1099,2033,539,2   1653,656,20,439,1819,830,2   913,741,8,5573,6393,332,3   1356,482,28,3679,5639,1161,1   1699,452,29,4175,7093,1203,5   484,331,9,5026,5808,373,2   1148,231,7,4547,5145,290,4   1454,444,24,2657,4119,996,4   1784,634,11,4650,5424,456,1   1304,192,12,2081,3101,498,5   1100,315,12,3388,4468,498,1   1382,546,17,4136,5528,705,5   1638,743,29,527,2911,1203,3   633,80,29,1390,3458,1203,3   1600,703,24,6423,8041,996,1   1675,196,3,778,982,124,4   1892,642,20,464,2260,830,3   1161,242,23,4652,6858,954,4
!----------------------------------------------------------------
!Recharge stations: x,y
300,0   1913,443   1219,926   608,792   1816,280   1120,355   857,292   1951,593   934,802   1543,499   446,556   1631,279   618,418   876,562   1684,653   179,492   1561,414   220,579   881,173   364,870   1589,151   1300,690   1699,338   1107,831   125,616   1222,262   536,286   1214,623   381,712   1673,507

g inverse recharge rate 0.73
