!----------------------------------------------------------------
!Stores: (first: depot x,y; then: satellites x,y,maxCap)
300,0   341,811,1000   468,469,1000   1903,681,1000   1739,317,1000
!----------------------------------------------------------------
!Trucks: (total#, cap, cost/dist, fixcost)
3,202,1,135   3,303,1,165
!----------------------------------------------------------------
!CityFreighters: (max cf/sat, total#, cap, cost/dist, fixcost, maxCharge, energyConsumption)
5,5,101,1,72,810,1   5,5,151,1,88,1210,1
!----------------------------------------------------------------
!Customers: (x, y, demand, readyTime, dueDate, serviceTime, penalizationCost)
1457,621,29,2581,6177,1354,3   1369,514,15,4031,6057,701,4   450,294,18,4665,6249,841,4   1201,625,4,6872,7032,187,2   303,393,10,1717,2875,467,2   626,373,9,6627,7477,420,3   986,751,21,4353,6341,981,1   1687,572,6,6654,7140,280,4   807,535,17,2616,4640,794,5   957,602,7,2400,3232,327,1   1341,466,14,296,1340,654,4   868,335,19,5848,7506,887,2   1477,427,3,5040,5400,140,4   1710,513,7,5154,5506,327,5   297,516,18,2059,3561,841,3   1566,595,15,668,2128,701,4   982,373,19,4175,5989,887,5   602,560,12,3155,4377,560,5   1018,575,17,1894,3432,794,3   681,511,19,2281,3771,887,3   390,389,12,4862,5714,560,2   1717,407,3,4697,4897,140,2   812,728,4,615,1009,187,1   1482,411,11,2958,3902,514,4   1121,230,9,6000,6586,420,5   724,609,5,4748,5232,234,5   732,543,7,4759,5295,327,2   1701,427,5,2875,3347,234,2   1429,411,26,2945,5517,1214,3   1580,334,6,1162,1616,280,3   1542,363,4,3835,4253,187,5   446,356,26,1569,4609,1214,2   1325,511,28,1808,4900,1308,3   1040,543,14,3190,4632,654,5   839,762,10,6352,7338,467,4   826,427,25,903,2803,1168,1   1622,535,18,5541,7587,841,3   1205,493,22,2275,4717,1027,5   1756,487,13,1904,3252,607,2   1757,458,13,5705,7003,607,1   1205,634,26,1559,4153,1214,2   968,82,17,412,1982,794,1   552,907,29,5292,8094,1354,3   933,725,11,1489,2607,514,3   1702,535,16,817,2261,747,4   1374,356,9,1974,2758,420,5   1225,149,10,4673,5657,467,3   1029,837,20,4284,6946,934,5   894,84,23,2713,5487,1074,1   210,630,15,1187,2093,701,3
!----------------------------------------------------------------
!Recharge stations: x,y
300,0   341,811   468,469   1903,681   1739,317   848,592   1099,507   911,413   213,615   548,783   383,254   565,713   1717,496   1501,750   472,394   835,532   1065,724   1063,755   378,567   1418,245   1695,575   395,552   357,294   1675,329   1330,785   1592,275   407,405   708,223   1708,690   804,641

g inverse recharge rate 0.74
