!----------------------------------------------------------------
!Stores: (first: depot x,y; then: satellites x,y,maxCap)
300,0   1982,476,1000   985,805,1000   1474,624,1000   1117,188,1000
!----------------------------------------------------------------
!Trucks: (total#, cap, cost/dist, fixcost)
3,202,1,135   3,303,1,165
!----------------------------------------------------------------
!CityFreighters: (max cf/sat, total#, cap, cost/dist, fixcost, maxCharge, energyConsumption)
5,5,101,1,72,810,1   5,5,151,1,88,1210,1
!----------------------------------------------------------------
!Customers: (x, y, demand, readyTime, dueDate, serviceTime, penalizationCost)
615,600,27,1306,3714,1042,1   1511,329,23,3744,5300,888,1   1782,526,8,3786,4660,309,3   509,649,9,3369,4055,347,5   450,391,4,2899,3121,154,3   1103,297,6,2597,2941,232,3   1090,759,8,1634,2382,309,1   1777,471,16,2444,3494,617,2   503,585,9,3995,4729,347,3   991,253,27,516,2232,1042,3   236,534,13,3212,4548,502,2   1027,793,24,3787,5881,926,2   1206,221,6,258,782,232,1   1774,556,7,2538,3070,270,1   500,471,22,1675,3283,849,1   220,533,17,2848,4376,656,5   270,402,22,2758,4830,849,2   370,540,17,4587,6295,656,1   248,532,7,3513,3985,270,2   1473,452,19,6206,6714,733,4   1005,700,6,5633,6037,232,1   1218,251,4,6176,6402,154,2   1461,480,29,0,1550,1119,5   729,658,4,3841,4105,154,4   1377,537,25,0,1354,965,4   1747,396,8,6569,7235,309,2   524,662,7,4424,4994,270,1   490,273,19,852,2444,733,3   217,544,6,4516,4784,232,4   445,318,24,1903,3487,926,3   1401,748,23,3694,5566,888,5   858,647,16,1504,2594,617,5   1700,356,25,1856,2984,965,2   1207,342,12,5204,6194,463,1   924,339,5,1890,2406,193,3   1074,619,25,5005,7113,965,3   1391,295,26,2141,4143,1003,4   789,284,18,1916,2940,695,2   884,539,16,4080,5142,617,5   277,552,23,217,2149,888,5   1234,712,29,0,2257,1119,1   1048,910,5,2219,2651,193,1   1718,576,27,2962,5218,1042,5   629,161,16,1810,3288,617,4   363,216,5,4474,4876,193,3   1205,170,29,3053,5153,1119,3   993,642,8,3929,4605,309,5   1381,476,7,5654,6144,270,2   1648,835,20,101,1723,772,1   1243,138,19,1815,2857,733,2
!----------------------------------------------------------------
!Recharge stations: x,y
300,0   1982,476   985,805   1474,624   1117,188   470,426   1269,663   687,469   521,365   1752,431   808,433   718,386   674,489   539,450   698,349

g inverse recharge rate 0.66
