!----------------------------------------------------------------
!Stores: (first: depot x,y; then: satellites x,y,maxCap)
300,0   732,403,1000   1811,773,1000   1333,923,1000   292,524,1000
!----------------------------------------------------------------
!Trucks: (total#, cap, cost/dist, fixcost)
3,202,1,135   3,303,1,165
!----------------------------------------------------------------
!CityFreighters: (max cf/sat, total#, cap, cost/dist, fixcost, maxCharge, energyConsumption)
5,5,101,1,72,810,1   5,5,151,1,88,1210,1
!----------------------------------------------------------------
!Customers: (x, y, demand, readyTime, dueDate, serviceTime, penalizationCost)
272,537,9,3968,4602,351,5   717,464,19,5405,6897,741,5   753,610,16,3212,4346,624,3   1518,502,16,5666,6886,624,5   1131,684,12,2960,3868,468,2   276,491,14,3092,4130,546,5   1242,541,20,2634,4166,780,3   1422,645,20,2345,3901,780,3   1749,415,25,110,2406,974,1   841,499,16,4280,5160,624,4   557,543,10,4110,4728,390,1   522,388,24,4151,6851,936,4   1258,718,12,4763,5873,468,3   1072,451,15,1925,3071,585,3   1490,350,18,5481,6693,702,4   1141,314,12,2160,3144,468,2   484,494,10,5605,6459,390,1   428,624,18,594,2158,702,5   342,653,23,2504,4572,897,4   578,526,22,2273,4549,858,5   1372,269,7,6478,7000,273,2   830,523,4,5685,6093,156,3   482,297,5,4540,4894,195,3   1602,373,29,628,2448,1130,5   1486,588,10,973,1775,390,3   649,414,25,81,1317,974,4   1025,382,17,614,1476,663,3   1065,439,14,1159,1895,546,5   660,685,6,2967,3567,234,4   656,350,16,563,1833,624,4   989,787,23,4806,6252,897,5   905,667,8,338,920,312,1   1641,625,25,1227,2563,974,3   438,562,7,4517,4983,273,3   769,310,22,2577,4423,858,1   1748,516,26,4261,6303,1013,2   487,628,16,4722,5810,624,3   572,723,10,2543,3255,390,3   216,479,6,4179,4729,234,4   798,595,22,1057,3457,858,2   1297,866,28,4831,7067,1091,3   1021,106,11,2019,2683,429,1   1523,174,3,1130,1440,117,5   31,431,20,2093,3327,780,1   1776,656,3,2431,2727,117,1   1660,243,24,1904,2808,936,4   1965,617,14,3563,4901,546,2   284,442,8,1001,1533,312,4   312,522,25,2698,4072,974,2   467,589,20,3252,4740,780,1
!----------------------------------------------------------------
!Recharge stations: x,y
300,0   732,403   1811,773   1333,923   292,524   532,607   1579,633

g inverse recharge rate 0.67
