!----------------------------------------------------------------
!Stores: (first: depot x,y; then: satellites x,y,maxCap)
300,0   1913,443,1000   1219,926,1000   608,792,1000   1816,280,1000
!----------------------------------------------------------------
!Trucks: (total#, cap, cost/dist, fixcost)
3,202,1,135   3,303,1,165
!----------------------------------------------------------------
!CityFreighters: (max cf/sat, total#, cap, cost/dist, fixcost, maxCharge, energyConsumption)
5,5,101,1,72,810,1   5,5,151,1,88,1210,1
!----------------------------------------------------------------
!Customers: (x, y, demand, readyTime, dueDate, serviceTime, penalizationCost)
623,450,10,6269,7551,415,3   281,390,29,4340,7248,1203,5   884,287,9,6792,7528,373,4   1629,573,29,4029,6093,1203,5   974,731,8,3386,4038,332,3   529,469,12,5403,6447,498,4   1551,495,8,7204,7968,332,3   1351,754,3,3029,3305,124,3   602,631,10,5809,6491,415,3   898,367,3,1127,1303,124,3   1699,559,21,5857,7449,871,4   378,609,17,4720,6432,705,5   370,498,3,1629,1751,124,4   469,445,17,3756,5310,705,3   1184,511,12,5645,7113,498,5   495,516,8,2649,3243,332,3   1495,720,6,1825,2385,249,2   530,438,28,2817,6157,1161,3   981,779,7,2828,3210,290,1   510,736,25,5450,7808,1037,2   361,612,10,2692,3598,415,4   1250,678,25,455,2303,1037,5   756,555,10,7002,7838,415,2   800,283,3,4261,4449,124,1   490,577,16,2060,3258,664,4   461,372,20,60,2052,830,4   654,765,15,599,1695,622,5   1709,537,25,4489,7355,1037,3   440,471,27,4892,6930,1120,5   571,333,21,5466,6884,871,3   1234,454,25,4457,6547,1037,2   1631,401,20,2655,4181,830,1   598,321,13,2017,2847,539,3   1653,656,20,1830,3354,830,1   913,741,8,3007,3727,332,5   1356,482,28,4580,6320,1161,5   1699,452,29,3009,6005,1203,2   484,331,9,6502,7106,373,5   1148,231,7,4221,4603,290,5   1454,444,24,0,2344,996,2   1784,634,11,5485,6387,456,1   1304,192,12,3910,4748,498,4   1100,315,12,5620,6656,498,4   1382,546,17,1912,3370,705,2   1638,743,29,4296,6862,1203,3   633,80,29,999,3471,1203,2   1600,703,24,3932,6562,996,4   1675,196,3,1048,1344,124,5   1892,642,20,2790,3966,830,4   1161,242,23,2497,4373,954,4
!----------------------------------------------------------------
!Recharge stations: x,y
300,0   1913,443   1219,926   608,792   1816,280   1120,355   857,292   1951,593   934,802   1543,499   446,556   1631,279   618,418   876,562   1684,653   179,492   1561,414   220,579   881,173   364,870

g inverse recharge rate 0.73
