!----------------------------------------------------------------
!Stores: (first: depot x,y; then: satellites x,y,maxCap)
300,0   19,412,1000   1569,459,1000   942,291,1000   915,886,1000
!----------------------------------------------------------------
!Trucks: (total#, cap, cost/dist, fixcost)
3,202,1,135   3,303,1,165
!----------------------------------------------------------------
!CityFreighters: (max cf/sat, total#, cap, cost/dist, fixcost, maxCharge, energyConsumption)
5,5,101,1,72,810,1   5,5,151,1,88,1210,1
!----------------------------------------------------------------
!Customers: (x, y, demand, readyTime, dueDate, serviceTime, penalizationCost)
351,600,3,1045,1283,99,2   1478,561,13,4262,4920,429,2   343,526,13,2732,3504,429,1   1430,715,15,2918,4114,495,1   1180,363,24,4218,5862,793,2   1694,455,24,3032,5020,793,2   729,716,24,1164,2248,793,2   1431,751,7,928,1318,231,5   1121,679,13,1792,2436,429,5   1730,487,7,1055,1621,231,5   1011,611,13,6138,6888,429,1   936,759,3,4356,4624,99,4   566,574,25,3788,5346,826,3   1375,345,29,3077,5083,958,1   1404,295,8,5924,6656,264,2   1157,552,18,3890,4996,594,1   1088,740,15,3193,4033,495,1   1156,345,28,3388,5768,925,4   297,560,11,4094,4808,363,2   335,368,23,1673,3071,760,3   455,416,20,930,2584,661,2   1569,399,25,2504,4166,826,1   1106,454,25,2454,4956,826,1   1026,309,25,5055,6723,826,5   1712,607,26,3686,5972,859,2   1667,468,18,2926,3958,594,2   1326,541,21,2195,3449,694,5   446,474,16,4718,5970,528,5   1027,276,15,3713,4469,495,4   601,343,28,4517,6765,925,2   1234,725,12,2357,3229,396,1   577,344,24,3608,5932,793,3   997,505,28,4077,5653,925,4   689,655,11,4552,5398,363,4   820,475,7,5700,6268,231,5   1386,363,12,1434,2062,396,3   1374,619,28,2536,4888,925,3   634,766,17,5369,6473,561,3   1069,762,11,1116,1694,363,3   1463,514,9,5735,6359,297,4   380,752,20,5384,7196,661,5   267,433,22,1153,2461,727,1   697,595,6,6017,6415,198,1   367,732,27,3343,5067,892,3   757,20,16,3116,4136,528,2   289,398,16,5065,6139,528,2   1696,780,24,692,2588,793,5   1568,507,9,4989,5505,297,1   728,52,28,4355,6487,925,1   708,701,21,2243,3571,694,5
!----------------------------------------------------------------
!Recharge stations: x,y
300,0   19,412   1569,459   942,291   915,886   472,502   1451,479   700,699   1437,418   1166,164   1531,323   568,226   1411,440   1451,451   320,860   1059,540   864,669   1521,408   1604,357   1541,246   1630,431   1036,722   761,47   868,333   249,687

g inverse recharge rate 0.64
