!----------------------------------------------------------------
!Stores: (first: depot x,y; then: satellites x,y,maxCap)
300,0   202,728,1000   890,151,1000   513,786,1000   1784,582,1000
!----------------------------------------------------------------
!Trucks: (total#, cap, cost/dist, fixcost)
3,202,1,135   3,303,1,165
!----------------------------------------------------------------
!CityFreighters: (max cf/sat, total#, cap, cost/dist, fixcost, maxCharge, energyConsumption)
5,5,101,1,72,810,1   5,5,151,1,88,1210,1
!----------------------------------------------------------------
!Customers: (x, y, demand, readyTime, dueDate, serviceTime, penalizationCost)
1750,415,9,2092,2636,325,1   841,486,16,2661,3827,577,2   899,411,18,2540,4012,650,4   388,556,12,2325,3229,433,3   393,583,29,2994,4588,1046,5   839,230,24,1705,3011,866,2   643,498,20,5541,6917,722,1   337,493,29,4080,6256,1046,3   999,763,12,4677,5539,433,1   1500,311,15,3415,4115,541,3   963,247,4,1434,1710,144,1   798,280,29,723,3307,1046,2   577,520,6,723,1207,217,3   1797,503,9,2742,3616,325,5   677,431,16,4456,5460,577,4   824,704,7,4330,4968,253,1   459,457,24,2902,5154,866,3   1114,683,29,2182,4496,1046,2   619,594,18,2917,4693,650,3   1160,259,7,4048,4518,253,2   1047,255,26,4291,6003,938,1   343,365,6,3110,3536,217,5   441,433,9,4858,5736,325,5   473,433,12,1141,2009,433,1   407,687,26,4370,6524,938,5   790,432,16,5024,6358,577,1   1297,414,19,3376,5012,686,3   405,375,3,5460,5702,108,3   1439,389,25,966,3136,902,1   594,417,9,2239,3063,325,1   341,609,23,5583,6839,830,3   775,660,11,1558,2436,397,2   352,634,22,1342,2728,794,2   357,638,10,2333,2891,361,1   1159,427,3,2578,2794,108,1   281,607,27,4110,6464,974,4   1068,421,25,5298,6896,902,1   905,634,14,1661,3077,505,1   1419,319,20,346,2094,722,1   1686,485,28,4125,6241,1010,1   944,857,27,5191,7585,974,5   1666,342,10,3000,3760,361,5   1434,829,9,2282,2904,325,3   1057,640,13,3264,4284,469,2   364,687,25,4555,6889,902,3   409,496,20,4966,6770,722,4   1720,468,29,264,2622,1046,3   1379,702,24,4884,6158,866,3   1772,212,16,1895,3143,577,5   1585,896,7,3303,3859,253,2
!----------------------------------------------------------------
!Recharge stations: x,y
300,0   202,728   890,151   513,786   1784,582   448,468   986,218   351,644   341,622   717,273

g inverse recharge rate 0.67
