!----------------------------------------------------------------
!Stores: (first: depot x,y; then: satellites x,y,maxCap)
300,0   341,811,1000   468,469,1000   1903,681,1000   1739,317,1000
!----------------------------------------------------------------
!Trucks: (total#, cap, cost/dist, fixcost)
3,202,1,135   3,303,1,165
!----------------------------------------------------------------
!CityFreighters: (max cf/sat, total#, cap, cost/dist, fixcost, maxCharge, energyConsumption)
5,5,101,1,72,810,1   5,5,151,1,88,1210,1
!----------------------------------------------------------------
!Customers: (x, y, demand, readyTime, dueDate, serviceTime, penalizationCost)
1457,621,29,3732,6138,1354,2   1369,514,15,4445,5767,701,2   450,294,18,3474,4948,841,5   1201,625,4,5953,6299,187,1   303,393,10,6444,7506,467,1   626,373,9,4950,5910,420,3   986,751,21,637,2611,981,3   1687,572,6,5186,5808,280,2   807,535,17,5857,7331,794,5   957,602,7,969,1401,327,3   1341,466,14,582,1770,654,1   868,335,19,2580,4914,887,2   1477,427,3,3664,3924,140,5   1710,513,7,2786,3504,327,2   297,516,18,1355,2773,841,5   1566,595,15,4223,5471,701,5   982,373,19,2305,3639,887,2   602,560,12,211,1427,560,1   1018,575,17,968,2404,794,4   681,511,19,1761,3705,887,1   390,389,12,545,1411,560,3   1717,407,3,1555,1881,140,2   812,728,4,4113,4483,187,2   1482,411,11,4177,5525,514,3   1121,230,9,6790,7726,420,3   724,609,5,633,1121,234,1   732,543,7,4221,4933,327,4   1701,427,5,7522,7978,234,2   1429,411,26,1439,4973,1214,5   1580,334,6,6464,7076,280,4   1542,363,4,3794,4256,187,4   446,356,26,2776,4682,1214,3   1325,511,28,720,3182,1308,3   1040,543,14,5805,6971,654,2   839,762,10,4139,4911,467,2   826,427,25,3543,5459,1168,2   1622,535,18,2496,4070,841,4   1205,493,22,1818,2892,1027,4   1756,487,13,3554,4610,607,5   1757,458,13,4452,5678,607,5   1205,634,26,0,2319,1214,2   968,82,17,2857,4201,794,2   552,907,29,4891,8187,1354,3   933,725,11,4550,5848,514,5   1702,535,16,3744,5324,747,4   1374,356,9,4517,5485,420,2   1225,149,10,3688,4658,467,2   1029,837,20,1721,4635,934,5   894,84,23,1813,4765,1074,3   210,630,15,5197,6655,701,3
!----------------------------------------------------------------
!Recharge stations: x,y
300,0   341,811   468,469   1903,681   1739,317   848,592   1099,507

g inverse recharge rate 0.74
