!----------------------------------------------------------------
!Stores: (first: depot x,y; then: satellites x,y,maxCap)
300,0   732,403,1000   1811,773,1000   1333,923,1000   292,524,1000
!----------------------------------------------------------------
!Trucks: (total#, cap, cost/dist, fixcost)
3,202,1,135   3,303,1,165
!----------------------------------------------------------------
!CityFreighters: (max cf/sat, total#, cap, cost/dist, fixcost, maxCharge, energyConsumption)
5,5,101,1,72,810,1   5,5,151,1,88,1210,1
!----------------------------------------------------------------
!Customers: (x, y, demand, readyTime, dueDate, serviceTime, penalizationCost)
272,537,9,5941,6877,351,3   717,464,19,2692,4724,741,1   753,610,16,5708,6694,624,5   1518,502,16,5398,6200,624,2   1131,684,12,5172,6338,468,2   276,491,14,4957,5807,546,1   1242,541,20,5350,6812,780,3   1422,645,20,2366,4410,780,5   1749,415,25,1590,2964,974,4   841,499,16,4711,6033,624,5   557,543,10,615,1179,390,5   522,388,24,4823,6403,936,4   1258,718,12,2548,3342,468,2   1072,451,15,5030,6552,585,3   1490,350,18,1794,3032,702,3   1141,314,12,3044,3934,468,2   484,494,10,6609,7447,390,5   428,624,18,5250,6792,702,3   342,653,23,0,1925,897,3   578,526,22,85,2195,858,3   1372,269,7,4944,5464,273,5   830,523,4,4738,4994,156,1   482,297,5,4651,5127,195,4   1602,373,29,1304,2896,1130,4   1486,588,10,1872,2594,390,3   649,414,25,2725,5027,974,5   1025,382,17,556,2028,663,5   1065,439,14,6101,7113,546,2   660,685,6,6833,7157,234,4   656,350,16,4896,6140,624,4   989,787,23,787,2743,897,3   905,667,8,2159,2651,312,3   1641,625,25,892,2650,974,4   438,562,7,5744,6298,273,1   769,310,22,3959,5943,858,3   1748,516,26,4933,6987,1013,5   487,628,16,1219,2783,624,5   572,723,10,897,1509,390,5   216,479,6,2979,3395,234,3   798,595,22,4903,6689,858,4   1297,866,28,4501,6819,1091,3   1021,106,11,2731,3559,429,2   1523,174,3,6414,6632,117,4   31,431,20,4588,6478,780,2   1776,656,3,3968,4238,117,1   1660,243,24,1648,3764,936,5   1965,617,14,866,2148,546,4   284,442,8,3204,3794,312,2   312,522,25,3416,5434,974,3   467,589,20,930,2636,780,4
!----------------------------------------------------------------
!Recharge stations: x,y
300,0   732,403   1811,773   1333,923   292,524   532,607   1579,633   1365,729

g inverse recharge rate 0.67
