!----------------------------------------------------------------
!Stores: (first: depot x,y; then: satellites x,y,maxCap)
300,0   1104,923,1000   265,570,1000   1281,290,1000   997,241,1000
!----------------------------------------------------------------
!Trucks: (total#, cap, cost/dist, fixcost)
3,202,1,135   3,303,1,165
!----------------------------------------------------------------
!CityFreighters: (max cf/sat, total#, cap, cost/dist, fixcost, maxCharge, energyConsumption)
5,5,101,1,72,810,1   5,5,151,1,88,1210,1
!----------------------------------------------------------------
!Customers: (x, y, demand, readyTime, dueDate, serviceTime, penalizationCost)
1080,593,8,1462,1994,272,2   1753,528,17,3499,4851,578,4   445,400,22,1449,2879,748,4   812,373,17,4063,5157,578,5   1472,533,8,1482,1966,272,2   533,449,11,4709,5577,374,5   1500,396,28,2105,3383,951,2   783,520,8,4675,5183,272,2   447,670,25,4709,6689,849,2   1673,643,11,4408,5150,374,5   295,397,24,3869,5739,815,1   674,443,18,5361,6421,612,5   293,545,25,3310,5136,849,4   941,487,4,5292,5514,136,2   1501,317,16,1034,2092,544,3   1263,474,8,4431,5011,272,4   1796,478,13,1558,2696,442,1   219,495,6,5578,5804,204,1   352,509,19,3290,4760,646,2   1628,651,7,3167,3671,238,2   1419,708,29,3353,5721,985,1   1547,410,3,3760,3944,102,3   688,719,13,4046,4886,442,3   244,550,27,1866,3220,917,3   1548,575,8,3218,3792,272,5   1494,578,22,3951,5859,748,1   1582,371,13,1288,2468,442,4   1183,560,28,3764,5970,951,2   1142,241,24,3487,5235,815,5   1203,670,19,4114,4998,646,5   1177,440,12,5993,6695,408,1   549,720,22,3329,4453,748,1   1499,389,22,820,1798,748,4   1019,209,10,4404,5060,340,1   1299,607,28,1839,3733,951,4   1198,224,16,3714,4294,544,1   1770,470,19,3058,4586,646,4   1127,515,22,1294,3252,748,3   603,584,8,643,1249,272,3   1027,603,15,5820,6560,510,4   1772,355,3,5339,5607,102,5   744,204,11,2849,3415,374,4   1723,488,5,3808,4170,170,2   933,674,23,808,2876,781,1   1154,645,17,1300,2620,578,2   1093,727,27,2256,4076,917,1   1683,195,24,4030,5858,815,5   220,563,6,5379,5795,204,3   1524,784,22,2403,3737,748,1   1407,661,7,4610,4898,238,4
!----------------------------------------------------------------
!Recharge stations: x,y
300,0   1104,923   265,570   1281,290   997,241   1508,355   1486,550   368,875

g inverse recharge rate 0.6
