!----------------------------------------------------------------
!Stores: (first: depot x,y; then: satellites x,y,maxCap)
300,0   1659,775,1000   808,901,1000   1591,509,1000   392,464,1000
!----------------------------------------------------------------
!Trucks: (total#, cap, cost/dist, fixcost)
3,202,1,135   3,303,1,165
!----------------------------------------------------------------
!CityFreighters: (max cf/sat, total#, cap, cost/dist, fixcost, maxCharge, energyConsumption)
5,5,101,1,72,810,1   5,5,151,1,88,1210,1
!----------------------------------------------------------------
!Customers: (x, y, demand, readyTime, dueDate, serviceTime, penalizationCost)
792,282,11,5145,5861,383,4   1380,598,3,1983,2151,104,2   618,441,29,4096,5906,1009,3   1553,584,13,291,1189,452,5   998,533,4,2611,2961,139,5   1244,774,6,2195,2879,209,4   884,770,19,1440,3370,661,3   1080,404,6,4633,5191,209,1   481,409,16,3618,4356,557,4   664,358,29,2815,5181,1009,2   1498,576,26,4524,6466,905,4   1652,651,22,54,1974,765,1   622,687,23,4810,6272,800,1   900,495,19,1969,3651,661,1   719,221,10,2704,3464,348,4   579,264,11,6266,6836,383,3   1361,307,10,3529,4181,348,1   365,366,21,796,1998,731,2   1258,562,20,4754,5924,696,2   1600,540,13,5289,6613,452,4   560,562,15,948,2202,522,1   382,682,14,5254,6458,487,5   1757,481,28,3339,5001,974,4   1129,555,13,2759,3777,452,2   1358,384,14,1801,2645,487,1   1222,388,22,982,2180,765,3   447,529,25,1624,2846,870,4   986,327,10,5045,5627,348,3   1488,332,16,5947,6687,557,2   303,614,7,4815,5283,244,3   322,547,6,5589,6029,209,4   1167,396,19,1852,3752,661,1   1210,425,22,1223,2417,765,3   1031,395,23,5387,7059,800,1   829,439,14,4766,5806,487,3   1062,223,29,3524,5188,1009,3   1714,373,20,1064,2666,696,2   1083,289,6,4856,5200,209,5   675,307,9,1133,1989,313,5   985,532,12,2151,3173,418,5   1507,186,27,4746,7494,939,3   1645,498,21,5309,6997,731,2   560,830,29,2282,4348,1009,5   46,552,28,3077,4785,974,4   98,507,12,4010,4568,418,1   1372,399,23,2093,3789,800,1   202,283,18,3876,4952,626,1   1186,634,22,3890,5990,765,5   764,580,6,2038,2516,209,1   1628,760,25,4646,6620,870,3
!----------------------------------------------------------------
!Recharge stations: x,y
300,0   1659,775   808,901   1591,509   392,464   1757,423   1107,6   1049,303   1705,574   1363,190   1397,760   456,754   119,636   897,432   1297,408   289,574   617,747   1580,499   1489,401   328,706   1562,584   1735,269   1433,279   1597,283   189,504

g inverse recharge rate 0.65
