!----------------------------------------------------------------
!Stores: (first: depot x,y; then: satellites x,y,maxCap)
300,0   737,750,1000   1403,735,1000   1207,746,1000   214,536,1000
!----------------------------------------------------------------
!Trucks: (total#, cap, cost/dist, fixcost)
3,202,1,135   3,303,1,165
!----------------------------------------------------------------
!CityFreighters: (max cf/sat, total#, cap, cost/dist, fixcost, maxCharge, energyConsumption)
5,5,101,1,72,810,1   5,5,151,1,88,1210,1
!----------------------------------------------------------------
!Customers: (x, y, demand, readyTime, dueDate, serviceTime, penalizationCost)
381,672,25,2388,4472,848,3   235,448,15,1845,2603,509,1   1527,689,11,1968,2384,373,2   991,692,10,1871,2619,339,2   1381,463,24,1788,3444,815,1   1331,325,10,3684,4198,339,2   280,463,3,4030,4186,102,5   1649,482,20,2034,3780,679,4   1251,279,18,2506,3798,611,3   772,424,19,4634,5906,645,2   601,399,5,2837,3159,170,5   826,529,15,2276,3200,509,5   530,700,4,4890,5286,136,5   1347,369,20,3508,4956,679,1   358,653,26,3839,5983,882,3   1456,310,20,4771,6345,679,5   432,545,11,3372,3918,373,1   308,637,10,2057,2613,339,5   715,262,27,3150,5448,916,4   870,441,5,4799,5103,170,1   1624,425,17,1656,2902,577,2   253,551,5,5538,5886,170,3   630,527,19,3518,5332,645,5   1106,459,12,2653,3535,407,3   968,772,26,2233,4155,882,1   993,689,13,5590,6578,441,5   242,444,28,3309,5623,950,1   1479,590,20,4763,5707,679,1   1436,406,20,2489,3227,679,2   516,737,26,1808,4078,882,5   1581,667,26,101,1535,882,1   1019,358,16,5259,6707,543,3   1616,672,13,583,1833,441,1   557,378,18,4993,6229,611,2   1394,537,22,2850,4150,747,3   1601,345,21,3990,5580,713,2   769,350,14,4161,5063,475,1   1790,485,17,3292,4684,577,5   814,743,26,295,2447,882,4   399,364,29,1513,3257,984,3   835,490,8,1361,1943,272,1   533,911,20,5066,6326,679,2   630,548,10,4136,4736,339,4   1296,446,14,4673,5605,475,1   1428,556,6,4445,4797,204,5   278,269,6,5110,5548,204,4   646,530,3,4398,4540,102,1   1658,532,14,2394,3144,475,2   470,622,19,2159,3481,645,5   1838,751,9,1710,2196,305,4
!----------------------------------------------------------------
!Recharge stations: x,y
300,0   737,750   1403,735   1207,746   214,536   1130,505   1578,314   1186,382   970,162   665,917   1713,789   37,542   1171,701   275,335   1325,207

g inverse recharge rate 0.59
