!----------------------------------------------------------------
!Stores: (first: depot x,y; then: satellites x,y,maxCap)
300,0   1056,693,1000   103,661,1000   114,485,1000   1304,808,1000
!----------------------------------------------------------------
!Trucks: (total#, cap, cost/dist, fixcost)
3,202,1,135   3,303,1,165
!----------------------------------------------------------------
!CityFreighters: (max cf/sat, total#, cap, cost/dist, fixcost, maxCharge, energyConsumption)
5,5,101,1,72,810,1   5,5,151,1,88,1210,1
!----------------------------------------------------------------
!Customers: (x, y, demand, readyTime, dueDate, serviceTime, penalizationCost)
1163,500,29,34,2094,1042,5   1367,493,17,5681,6895,611,1   1485,607,26,711,2435,934,2   1714,389,16,3643,4753,575,4   1141,670,10,2408,3332,359,5   342,564,29,4871,7397,1042,4   881,394,10,983,1855,359,1   363,652,13,4727,5795,467,5   1144,739,20,3100,4300,719,1   262,395,5,6192,6534,180,5   1289,387,5,2754,3260,180,5   1060,256,28,2904,5354,1006,4   1137,712,4,794,1118,144,4   877,554,6,6422,6780,216,2   387,602,17,5976,7304,611,3   499,280,28,2206,4676,1006,4   735,489,9,2552,3602,323,5   1138,223,5,3487,3837,180,1   1773,517,24,3942,6216,862,4   463,646,22,2150,3662,791,3   225,513,28,1367,3225,1006,3   987,328,14,57,1331,503,3   1718,618,10,5684,6354,359,2   527,297,15,3270,4502,539,1   1653,580,26,2262,3922,934,1   847,769,3,3197,3419,108,4   429,548,20,3795,4823,719,2   745,448,19,3060,4614,683,5   1593,500,3,5335,5555,108,2   469,718,18,377,1417,647,4   1343,759,21,975,1989,755,3   1460,507,4,3930,4254,144,5   1261,735,24,752,2422,862,1   722,686,29,1410,3756,1042,2   1404,478,14,5717,6867,503,1   677,632,22,1082,2916,791,2   1007,383,4,3710,3986,144,4   461,675,26,3774,5400,934,3   1362,527,13,5807,6947,467,1   980,486,3,1080,1202,108,1   644,679,20,408,2040,719,5   406,154,21,1537,3043,755,2   1111,292,15,1288,2814,539,5   367,807,6,2244,2536,216,5   285,608,27,4903,7025,970,3   849,557,29,1817,3561,1042,2   394,411,29,3376,5112,1042,4   637,836,17,3815,4759,611,5   462,155,6,6090,6548,216,2   334,751,11,750,1502,395,5
!----------------------------------------------------------------
!Recharge stations: x,y
300,0   1056,693   103,661   114,485   1304,808   1615,737   1344,598   1012,905   103,417   1523,354   1299,814   158,541   567,722   1701,635   976,253   845,391   1608,700   459,496   1691,557   973,187

g inverse recharge rate 0.65
