!----------------------------------------------------------------
!Stores: (first: depot x,y; then: satellites x,y,maxCap)
300,0   1314,650,1000   548,85,1000   70,356,1000   844,731,1000
!----------------------------------------------------------------
!Trucks: (total#, cap, cost/dist, fixcost)
3,202,1,135   3,303,1,165
!----------------------------------------------------------------
!CityFreighters: (max cf/sat, total#, cap, cost/dist, fixcost, maxCharge, energyConsumption)
5,5,101,1,72,810,1   5,5,151,1,88,1210,1
!----------------------------------------------------------------
!Customers: (x, y, demand, readyTime, dueDate, serviceTime, penalizationCost)
1140,489,22,2507,4201,844,1   1210,344,10,3988,4602,384,1   283,552,7,5243,5671,269,2   1743,579,11,1928,2934,422,3   660,253,15,4490,5968,575,3   808,679,4,6365,6685,153,2   288,610,3,1146,1362,115,3   1320,570,10,3943,4475,384,2   984,331,29,4000,6424,1112,1   1198,680,17,4468,6222,652,1   1390,344,18,346,1948,691,2   1427,604,7,1664,2350,269,1   1264,777,19,2553,3635,729,3   1192,450,16,599,2123,614,5   1350,439,21,1628,3310,806,5   890,676,22,293,2261,844,2   1265,750,17,5100,6486,652,3   1488,311,23,4584,6886,882,5   1676,533,17,3148,4324,652,2   232,547,26,5452,6524,997,1   1548,424,16,1907,3001,614,5   1087,469,19,2714,4286,729,5   577,324,11,5357,6153,422,5   200,500,25,5064,7426,959,5   1621,484,11,1656,2490,422,3   1585,514,27,4694,6650,1036,3   457,347,10,5455,6061,384,5   1507,592,12,3984,4844,460,1   316,368,13,3110,4230,499,4   512,602,9,2626,3346,345,5   1445,645,28,1151,3575,1074,5   805,561,5,5925,6171,192,1   342,511,23,4775,7127,882,5   1639,556,18,1399,2761,691,2   825,343,7,2426,3008,269,4   1751,499,18,1024,2176,691,1   1684,637,18,3958,4636,691,3   1472,666,8,5515,6065,307,1   1094,424,11,5433,6097,422,5   1701,426,18,5626,6902,691,3   1345,660,19,442,1440,729,5   878,16,28,355,1567,1074,3   216,792,7,5071,5647,269,4   961,798,21,0,1652,806,5   1184,801,12,4805,5731,460,4   1274,186,22,1220,2674,844,2   928,905,19,1634,3076,729,5   1061,989,25,2057,4487,959,2   474,471,11,4614,5608,422,2   248,292,11,3710,4630,422,4
!----------------------------------------------------------------
!Recharge stations: x,y
300,0   1314,650   548,85   70,356   844,731   273,357   372,710   1529,261   1270,389   655,302   1674,380   1396,767   244,452   1523,709   426,287   921,702   861,575   1356,580   529,269   122,368   690,624   750,182   364,612   1301,231   417,330   281,308   1132,181   439,657   734,413   1224,385

g inverse recharge rate 0.67
