!----------------------------------------------------------------
!Stores: (first: depot x,y; then: satellites x,y,maxCap)
300,0   1680,198,1000   1105,702,1000   1469,679,1000   967,345,1000
!----------------------------------------------------------------
!Trucks: (total#, cap, cost/dist, fixcost)
3,202,1,135   3,303,1,165
!----------------------------------------------------------------
!CityFreighters: (max cf/sat, total#, cap, cost/dist, fixcost, maxCharge, energyConsumption)
5,5,101,1,72,810,1   5,5,151,1,88,1210,1
!----------------------------------------------------------------
!Customers: (x, y, demand, readyTime, dueDate, serviceTime, penalizationCost)
802,540,20,3476,4308,591,3   1641,343,5,4382,4600,148,4   1184,667,26,2907,3981,769,4   942,312,28,722,1632,828,4   1136,426,11,950,1920,325,4   1212,394,11,22,808,325,5   962,605,16,3750,4796,473,2   463,582,13,4137,5115,384,3   491,462,25,2550,4696,739,5   675,621,26,2421,3625,769,1   1505,436,12,3247,4017,355,1   1719,382,10,4639,5323,296,3   378,359,25,1704,2978,739,4   843,452,14,3592,4290,414,3   625,721,19,3456,4360,562,1   1634,400,25,2046,3612,739,1   1057,607,29,1503,2967,857,4   768,507,10,356,904,296,4   1543,611,14,3108,3852,414,5   685,382,10,4788,5392,296,2   1027,322,17,1463,2677,503,5   816,578,7,5392,5708,207,2   727,698,8,1301,1843,237,5   1301,421,18,2875,3715,532,3   358,485,13,4715,5423,384,1   1767,538,18,1653,2477,532,1   310,555,15,3374,4448,443,5   693,574,18,581,1517,532,4   878,305,18,1657,2859,532,2   976,524,23,5078,6120,680,4   920,554,13,4559,5351,384,2   1291,546,23,2048,3188,680,3   799,506,10,3557,4209,296,4   890,602,24,1694,2852,710,3   1746,558,19,3706,4604,562,2   1331,642,25,4606,6206,739,5   1567,456,27,795,2391,798,4   1295,261,18,1070,2268,532,5   1304,310,5,5355,5583,148,4   681,714,14,2707,3571,414,2   809,607,16,4791,5287,473,3   725,388,8,3092,3626,237,2   103,632,4,4851,5049,118,5   1090,56,29,3121,5373,857,1   1906,663,25,519,1507,739,2   408,559,23,664,2266,680,4   387,541,25,1832,2940,739,2   138,358,12,1274,2002,355,3   1414,489,25,1729,3079,739,1   1645,614,3,5861,6007,89,3
!----------------------------------------------------------------
!Recharge stations: x,y
300,0   1680,198   1105,702   1469,679   967,345   326,462   761,296   1152,234   351,436   675,802   1276,477   613,572   1479,418   544,246   1956,463   1135,317   504,633   604,809   1822,438   1035,378   916,153   270,616   1055,810   195,555   944,722

g inverse recharge rate 0.55
