!----------------------------------------------------------------
!Stores: (first: depot x,y; then: satellites x,y,maxCap)
300,0   14,516,1000   900,857,1000   226,729,1000   1523,387,1000
!----------------------------------------------------------------
!Trucks: (total#, cap, cost/dist, fixcost)
3,202,1,135   3,303,1,165
!----------------------------------------------------------------
!CityFreighters: (max cf/sat, total#, cap, cost/dist, fixcost, maxCharge, energyConsumption)
5,5,101,1,72,810,1   5,5,151,1,88,1210,1
!----------------------------------------------------------------
!Customers: (x, y, demand, readyTime, dueDate, serviceTime, penalizationCost)
1319,462,5,2228,2548,231,4   1081,616,7,1070,1818,324,3   450,560,7,4205,4739,324,1   744,686,25,3577,6047,1156,5   227,439,18,910,2674,833,5   1544,529,20,1529,3723,925,2   1075,473,18,2551,4041,833,3   1297,233,19,6146,8414,879,1   904,687,29,4227,6639,1341,3   643,611,27,3698,5544,1249,4   1565,665,29,1800,3640,1341,4   1065,333,29,923,2955,1341,4   1500,324,11,4136,4756,509,4   1432,354,22,450,2836,1018,4   853,713,19,2764,5212,879,2   302,509,13,6295,7523,601,4   1286,463,28,3318,6632,1295,1   981,764,6,6333,6847,278,3   211,508,22,2536,4638,1018,5   1151,357,4,2746,3092,185,5   780,320,5,5831,6269,231,4   1193,762,21,3859,6479,971,1   1067,379,8,1557,2437,370,4   282,420,18,6536,7906,833,1   469,601,3,7916,8202,139,3   1506,342,19,2577,4537,879,5   1686,616,7,6660,7504,324,4   1629,594,7,6838,7652,324,2   1703,469,9,4997,5967,416,3   1456,503,7,4013,4905,324,2   1129,307,8,6713,7541,370,1   1160,338,15,4036,5200,694,3   361,615,15,6981,8509,694,3   1119,208,16,1088,2708,740,1   412,308,11,3743,4695,509,1   1528,661,5,6576,7050,231,5   1697,511,18,167,2297,833,2   1184,516,3,4363,4693,139,3   1284,408,22,3680,5942,1018,5   1645,510,27,2525,5835,1249,3   1502,365,9,1117,2163,416,1   200,285,12,2090,3644,555,5   1168,618,5,2619,2927,231,5   1228,143,27,196,2254,1249,4   887,54,19,3833,4845,879,3   934,389,18,904,2464,833,3   118,716,4,3202,3650,185,5   1557,122,26,1319,3875,1203,4   1865,539,5,1143,1703,231,1   0,500,7,7168,7860,324,4
!----------------------------------------------------------------
!Recharge stations: x,y
300,0   14,516   900,857   226,729   1523,387   1473,232   516,325   1556,602   321,460   1133,641

g inverse recharge rate 0.75
