!----------------------------------------------------------------
!Stores: (first: depot x,y; then: satellites x,y,maxCap)
300,0   19,412,1000   1569,459,1000   942,291,1000   915,886,1000
!----------------------------------------------------------------
!Trucks: (total#, cap, cost/dist, fixcost)
3,202,1,135   3,303,1,165
!----------------------------------------------------------------
!CityFreighters: (max cf/sat, total#, cap, cost/dist, fixcost, maxCharge, energyConsumption)
5,5,101,1,72,810,1   5,5,151,1,88,1210,1
!----------------------------------------------------------------
!Customers: (x, y, demand, readyTime, dueDate, serviceTime, penalizationCost)
351,600,3,2792,3008,99,5   1478,561,13,2147,3031,429,1   343,526,13,822,1398,429,2   1430,715,15,487,1485,495,2   1180,363,24,2652,4324,793,5   1694,455,24,1496,3504,793,3   729,716,24,2081,3785,793,1   1431,751,7,4790,5208,231,3   1121,679,13,404,1412,429,1   1730,487,7,675,1149,231,3   1011,611,13,3988,4620,429,3   936,759,3,3760,3974,99,2   566,574,25,4318,5766,826,3   1375,345,29,3782,6664,958,4   1404,295,8,1943,2479,264,5   1157,552,18,5362,6826,594,5   1088,740,15,3970,4834,495,3   1156,345,28,3473,5209,925,1   297,560,11,2945,3487,363,1   335,368,23,4098,5290,760,1   455,416,20,3629,5349,661,1   1569,399,25,4648,5922,826,3   1106,454,25,5194,6902,826,4   1026,309,25,4138,6260,826,1   1712,607,26,4965,6985,859,2   1667,468,18,2723,3773,594,3   1326,541,21,436,1658,694,3   446,474,16,5607,6399,528,2   1027,276,15,1255,2273,495,2   601,343,28,248,1826,925,5   1234,725,12,5438,5946,396,1   577,344,24,1897,4083,793,2   997,505,28,1268,2638,925,1   689,655,11,6377,7007,363,3   820,475,7,4552,5078,231,2   1386,363,12,5700,6450,396,1   1374,619,28,2232,3532,925,5   634,766,17,1681,2839,561,1   1069,762,11,2534,3132,363,3   1463,514,9,1473,2191,297,5   380,752,20,4427,5579,661,4   267,433,22,2925,5005,727,3   697,595,6,4662,5022,198,1   367,732,27,3137,4607,892,5   757,20,16,4087,5083,528,1   289,398,16,4183,5241,528,1   1696,780,24,750,1966,793,4   1568,507,9,1345,2065,297,2   728,52,28,1418,3496,925,1   708,701,21,2314,3874,694,2
!----------------------------------------------------------------
!Recharge stations: x,y
300,0   19,412   1569,459   942,291   915,886   472,502   1451,479   700,699   1437,418   1166,164   1531,323   568,226   1411,440   1451,451   320,860

g inverse recharge rate 0.64
