!----------------------------------------------------------------
!Stores: (first: depot x,y; then: satellites x,y,maxCap)
300,0   1301,770,1000   254,805,1000   1042,125,1000   1949,604,1000
!----------------------------------------------------------------
!Trucks: (total#, cap, cost/dist, fixcost)
3,202,1,135   3,303,1,165
!----------------------------------------------------------------
!CityFreighters: (max cf/sat, total#, cap, cost/dist, fixcost, maxCharge, energyConsumption)
5,5,101,1,72,810,1   5,5,151,1,88,1210,1
!----------------------------------------------------------------
!Customers: (x, y, demand, readyTime, dueDate, serviceTime, penalizationCost)
629,336,12,3768,4742,496,1   460,387,11,1936,2980,455,5   1688,429,16,1764,3226,662,5   1449,542,25,2583,5221,1034,1   1029,651,18,4330,5584,745,2   747,647,19,2682,4884,786,5   944,670,19,4250,5540,786,3   459,321,9,4147,4979,372,4   748,672,13,4285,5211,538,1   1734,562,20,787,2497,827,3   1006,523,10,6146,7010,414,1   1115,344,26,2027,3601,1075,2   525,572,20,0,1737,827,5   1099,637,15,3006,4260,620,2   1733,426,29,2723,5323,1200,4   1239,422,13,3429,4411,538,2   1582,312,21,3107,4861,869,5   1221,729,21,1516,3624,869,5   649,668,28,844,3650,1158,2   1435,250,6,1597,2053,248,5   371,320,9,4794,5688,372,1   610,490,11,1605,2585,455,3   752,225,18,4542,6114,745,1   1763,453,14,863,2023,579,2   865,652,6,3777,4263,248,2   749,601,9,2509,3277,372,1   397,456,7,3591,4017,290,1   716,621,10,1331,2165,414,5   1500,608,12,6094,7244,496,1   851,771,22,650,2336,910,1   1686,622,13,2988,4290,538,5   1555,455,11,926,1846,455,5   680,485,6,4890,5368,248,4   1377,463,6,5233,5667,248,1   1630,501,6,6139,6825,248,1   1619,511,20,5117,6839,827,5   1578,620,11,4063,5001,455,2   387,409,15,4747,5839,620,4   859,326,16,3938,5246,662,5   586,446,8,6403,7163,331,4   1582,357,9,3923,4533,372,3   814,501,29,1393,4485,1200,1   1113,156,28,3950,5586,1158,3   1276,752,24,886,1998,993,3   1706,620,19,218,1822,786,4   1741,645,14,4402,5390,579,1   1451,629,15,3043,3883,620,5   1925,391,14,3924,5242,579,5   1433,513,6,4939,5435,248,3   1047,330,18,3308,4688,745,1
!----------------------------------------------------------------
!Recharge stations: x,y
300,0   1301,770   254,805   1042,125   1949,604   786,558   961,757

g inverse recharge rate 0.69
