!----------------------------------------------------------------
!Stores: (first: depot x,y; then: satellites x,y,maxCap)
300,0   1104,923,1000   265,570,1000   1281,290,1000   997,241,1000
!----------------------------------------------------------------
!Trucks: (total#, cap, cost/dist, fixcost)
3,202,1,135   3,303,1,165
!----------------------------------------------------------------
!CityFreighters: (max cf/sat, total#, cap, cost/dist, fixcost, maxCharge, energyConsumption)
5,5,101,1,72,810,1   5,5,151,1,88,1210,1
!----------------------------------------------------------------
!Customers: (x, y, demand, readyTime, dueDate, serviceTime, penalizationCost)
1080,593,8,5450,5898,272,5   1753,528,17,2971,3897,578,1   445,400,22,1603,3435,748,3   812,373,17,2745,3915,578,5   1472,533,8,1248,2024,272,1   533,449,11,4365,4939,374,5   1500,396,28,579,2369,951,2   783,520,8,2068,2728,272,3   447,670,25,2703,4045,849,5   1673,643,11,3068,3934,374,3   295,397,24,3449,4997,815,5   674,443,18,3407,4887,612,3   293,545,25,108,2580,849,2   941,487,4,3484,3732,136,1   1501,317,16,4155,5153,544,2   1263,474,8,2927,3639,272,5   1796,478,13,1952,2664,442,5   219,495,6,1077,1441,204,4   352,509,19,4822,6012,646,5   1628,651,7,1401,1883,238,5   1419,708,29,3054,5168,985,5   1547,410,3,5190,5420,102,2   688,719,13,2002,2916,442,2   244,550,27,3866,5618,917,5   1548,575,8,2480,3264,272,4   1494,578,22,1476,3134,748,2   1582,371,13,2796,3690,442,4   1183,560,28,3712,5282,951,4   1142,241,24,2452,3902,815,1   1203,670,19,0,1402,646,5   1177,440,12,3121,4191,408,1   549,720,22,904,2600,748,1   1499,389,22,4452,6236,748,2   1019,209,10,2810,3564,340,5   1299,607,28,3451,5555,951,4   1198,224,16,181,1485,544,5   1770,470,19,280,1630,646,1   1127,515,22,3529,4621,748,2   603,584,8,362,1010,272,3   1027,603,15,1413,2265,510,5   1772,355,3,2123,2333,102,1   744,204,11,978,1582,374,1   1723,488,5,1322,1808,170,3   933,674,23,2390,3956,781,3   1154,645,17,4440,5420,578,2   1093,727,27,3885,5817,917,4   1683,195,24,2821,4609,815,2   220,563,6,3504,4024,204,3   1524,784,22,1713,3345,748,5   1407,661,7,3007,3365,238,2
!----------------------------------------------------------------
!Recharge stations: x,y
300,0   1104,923   265,570   1281,290   997,241   1508,355   1486,550   368,875   1766,541   1717,671   1244,246   1438,333   1269,613   1833,520   535,532

g inverse recharge rate 0.6
