!----------------------------------------------------------------
!Stores: (first: depot x,y; then: satellites x,y,maxCap)
300,0   1314,650,1000   548,85,1000   70,356,1000   844,731,1000
!----------------------------------------------------------------
!Trucks: (total#, cap, cost/dist, fixcost)
3,202,1,135   3,303,1,165
!----------------------------------------------------------------
!CityFreighters: (max cf/sat, total#, cap, cost/dist, fixcost, maxCharge, energyConsumption)
5,5,101,1,72,810,1   5,5,151,1,88,1210,1
!----------------------------------------------------------------
!Customers: (x, y, demand, readyTime, dueDate, serviceTime, penalizationCost)
1140,489,22,5628,7254,844,5   1210,344,10,6620,7502,384,3   283,552,7,4045,4651,269,2   1743,579,11,3794,4730,422,1   660,253,15,5149,6423,575,1   808,679,4,3177,3403,153,4   288,610,3,3422,3610,115,2   1320,570,10,2592,3578,384,3   984,331,29,2096,4798,1112,5   1198,680,17,1042,2588,652,4   1390,344,18,5632,6840,691,2   1427,604,7,5200,5676,269,2   1264,777,19,5406,6606,729,5   1192,450,16,4870,6406,614,4   1350,439,21,2379,3779,806,1   890,676,22,2153,3387,844,1   1265,750,17,3857,4723,652,4   1488,311,23,4685,6469,882,4   1676,533,17,2573,3535,652,4   232,547,26,0,2048,997,1   1548,424,16,2970,4548,614,1   1087,469,19,4461,5389,729,1   577,324,11,1408,2352,422,4   200,500,25,4556,6386,959,5   1621,484,11,5054,6060,422,2   1585,514,27,4767,6409,1036,5   457,347,10,5325,6249,384,4   1507,592,12,5799,6949,460,1   316,368,13,4524,5454,499,3   512,602,9,732,1412,345,1   1445,645,28,3951,6317,1074,3   805,561,5,2290,2742,192,3   342,511,23,2184,3528,882,4   1639,556,18,1277,2369,691,3   825,343,7,1335,2015,269,3   1751,499,18,5452,6898,691,4   1684,637,18,1859,3131,691,4   1472,666,8,2032,2634,307,4   1094,424,11,2117,2781,422,3   1701,426,18,1957,3681,691,3   1345,660,19,3794,5332,729,4   878,16,28,3524,5218,1074,3   216,792,7,4285,4817,269,4   961,798,21,2472,3984,806,3   1184,801,12,6340,7502,460,4   1274,186,22,5456,7236,844,4   928,905,19,5485,6683,729,2   1061,989,25,75,1661,959,4   474,471,11,5250,6124,422,5   248,292,11,6502,7326,422,3
!----------------------------------------------------------------
!Recharge stations: x,y
300,0   1314,650   548,85   70,356   844,731   273,357   372,710   1529,261   1270,389   655,302   1674,380   1396,767   244,452   1523,709   426,287   921,702   861,575   1356,580   529,269   122,368   690,624   750,182   364,612   1301,231   417,330

g inverse recharge rate 0.67
