!----------------------------------------------------------------
!Stores: (first: depot x,y; then: satellites x,y,maxCap)
300,0   202,728,1000   890,151,1000   513,786,1000   1784,582,1000
!----------------------------------------------------------------
!Trucks: (total#, cap, cost/dist, fixcost)
3,202,1,135   3,303,1,165
!----------------------------------------------------------------
!CityFreighters: (max cf/sat, total#, cap, cost/dist, fixcost, maxCharge, energyConsumption)
5,5,101,1,72,810,1   5,5,151,1,88,1210,1
!----------------------------------------------------------------
!Customers: (x, y, demand, readyTime, dueDate, serviceTime, penalizationCost)
1750,415,9,1421,1825,325,5   841,486,16,907,1853,577,1   899,411,18,655,2355,650,5   388,556,12,5922,6582,433,2   393,583,29,73,2481,1046,1   839,230,24,1083,2625,866,1   643,498,20,45,1657,722,1   337,493,29,688,2222,1046,5   999,763,12,1118,1966,433,5   1500,311,15,3392,4394,541,5   963,247,4,3959,4193,144,5   798,280,29,1202,2792,1046,4   577,520,6,5999,6353,217,2   1797,503,9,5648,6256,325,1   677,431,16,5677,7233,577,5   824,704,7,3423,3875,253,2   459,457,24,4457,6495,866,2   1114,683,29,0,1732,1046,5   619,594,18,3141,3859,650,3   1160,259,7,3269,3763,253,4   1047,255,26,2182,3980,938,5   343,365,6,6763,7155,217,4   441,433,9,507,1281,325,1   473,433,12,2681,3683,433,4   407,687,26,4373,6805,938,5   790,432,16,6312,7464,577,5   1297,414,19,3785,5167,686,5   405,375,3,5731,5963,108,2   1439,389,25,2803,5567,902,3   594,417,9,6353,7049,325,5   341,609,23,3346,5068,830,5   775,660,11,1220,1936,397,3   352,634,22,3416,5244,794,5   357,638,10,5899,6703,361,5   1159,427,3,4159,4401,108,1   281,607,27,2980,4594,974,2   1068,421,25,5142,7164,902,2   905,634,14,3278,4694,505,5   1419,319,20,1736,3266,722,3   1686,485,28,2797,5523,1010,5   944,857,27,250,2410,974,1   1666,342,10,2944,3972,361,4   1434,829,9,1638,2386,325,3   1057,640,13,6294,7038,469,5   364,687,25,2400,4488,902,2   409,496,20,1132,2552,722,5   1720,468,29,1878,4486,1046,1   1379,702,24,1895,3529,866,4   1772,212,16,5392,6930,577,5   1585,896,7,5989,6435,253,3
!----------------------------------------------------------------
!Recharge stations: x,y
300,0   202,728   890,151   513,786   1784,582   448,468   986,218   351,644

g inverse recharge rate 0.67
