!----------------------------------------------------------------
!Stores: (first: depot x,y; then: satellites x,y,maxCap)
300,0   202,728,1000   890,151,1000   513,786,1000   1784,582,1000
!----------------------------------------------------------------
!Trucks: (total#, cap, cost/dist, fixcost)
3,202,1,135   3,303,1,165
!----------------------------------------------------------------
!CityFreighters: (max cf/sat, total#, cap, cost/dist, fixcost, maxCharge, energyConsumption)
5,5,101,1,72,810,1   5,5,151,1,88,1210,1
!----------------------------------------------------------------
!Customers: (x, y, demand, readyTime, dueDate, serviceTime, penalizationCost)
1750,415,9,2407,3085,325,2   841,486,16,489,1763,577,4   899,411,18,1758,3364,650,2   388,556,12,5525,6687,433,4   393,583,29,3459,5175,1046,1   839,230,24,1327,3067,866,2   643,498,20,70,1498,722,3   337,493,29,427,2185,1046,4   999,763,12,6582,7426,433,3   1500,311,15,1947,3155,541,2   963,247,4,4813,5135,144,4   798,280,29,4799,6787,1046,4   577,520,6,6177,6673,217,4   1797,503,9,1703,2389,325,2   677,431,16,4384,5756,577,2   824,704,7,5267,5759,253,1   459,457,24,2059,3749,866,5   1114,683,29,5452,7200,1046,5   619,594,18,2897,4321,650,1   1160,259,7,2696,3320,253,3   1047,255,26,5023,6601,938,1   343,365,6,6176,6692,217,2   441,433,9,3539,4245,325,2   473,433,12,1767,2601,433,5   407,687,26,1893,4019,938,1   790,432,16,3481,4665,577,4   1297,414,19,1065,2569,686,1   405,375,3,1823,2019,108,2   1439,389,25,2677,4645,902,5   594,417,9,3153,3761,325,1   341,609,23,3490,5556,830,2   775,660,11,465,1271,397,4   352,634,22,1022,2648,794,5   357,638,10,3759,4419,361,2   1159,427,3,6347,6543,108,3   281,607,27,4685,6357,974,5   1068,421,25,181,2391,902,3   905,634,14,2249,3119,505,2   1419,319,20,3829,4837,722,3   1686,485,28,3619,5295,1010,3   944,857,27,2703,4447,974,1   1666,342,10,1822,2396,361,3   1434,829,9,3787,4425,325,4   1057,640,13,6537,7213,469,4   364,687,25,4166,6052,902,3   409,496,20,5796,7672,722,4   1720,468,29,2560,4376,1046,3   1379,702,24,5537,7189,866,2   1772,212,16,5736,6686,577,5   1585,896,7,4495,4961,253,2
!----------------------------------------------------------------
!Recharge stations: x,y
300,0   202,728   890,151   513,786   1784,582   448,468   986,218

g inverse recharge rate 0.67
