!----------------------------------------------------------------
!Stores: (first: depot x,y; then: satellites x,y,maxCap)
300,0   341,811,1000   468,469,1000   1903,681,1000   1739,317,1000
!----------------------------------------------------------------
!Trucks: (total#, cap, cost/dist, fixcost)
3,202,1,135   3,303,1,165
!----------------------------------------------------------------
!CityFreighters: (max cf/sat, total#, cap, cost/dist, fixcost, maxCharge, energyConsumption)
5,5,101,1,72,810,1   5,5,151,1,88,1210,1
!----------------------------------------------------------------
!Customers: (x, y, demand, readyTime, dueDate, serviceTime, penalizationCost)
1457,621,29,1272,3848,1354,3   1369,514,15,997,2585,701,2   450,294,18,2459,4527,841,3   1201,625,4,673,1171,187,5   303,393,10,1193,2117,467,1   626,373,9,4483,5079,420,4   986,751,21,3673,6297,981,2   1687,572,6,5565,5897,280,1   807,535,17,3878,5454,794,5   957,602,7,2245,3179,327,2   1341,466,14,4476,5690,654,5   868,335,19,5393,6581,887,2   1477,427,3,3426,3722,140,1   1710,513,7,3785,4583,327,1   297,516,18,2863,4599,841,2   1566,595,15,3088,4740,701,1   982,373,19,1511,3069,887,4   602,560,12,3527,4169,560,2   1018,575,17,4534,5800,794,4   681,511,19,1277,3089,887,2   390,389,12,3686,5278,560,2   1717,407,3,5940,6170,140,2   812,728,4,6832,7304,187,2   1482,411,11,4522,5090,514,2   1121,230,9,4092,5172,420,1   724,609,5,4219,4653,234,3   732,543,7,571,1213,327,3   1701,427,5,6636,7166,234,5   1429,411,26,3094,5428,1214,1   1580,334,6,7350,7944,280,3   1542,363,4,6231,6675,187,1   446,356,26,0,3060,1214,2   1325,511,28,5742,7832,1308,3   1040,543,14,5070,6220,654,3   839,762,10,2395,3265,467,1   826,427,25,4582,6498,1168,2   1622,535,18,3439,5249,841,4   1205,493,22,12,2174,1027,1   1756,487,13,695,1457,607,1   1757,458,13,4862,6366,607,4   1205,634,26,3242,4772,1214,3   968,82,17,5446,7466,794,3   552,907,29,0,2538,1354,1   933,725,11,2794,3638,514,1   1702,535,16,1316,2604,747,5   1374,356,9,3440,4164,420,3   1225,149,10,4890,5584,467,4   1029,837,20,144,2242,934,2   894,84,23,427,2717,1074,3   210,630,15,5079,6541,701,4
!----------------------------------------------------------------
!Recharge stations: x,y
300,0   341,811   468,469   1903,681   1739,317   848,592   1099,507   911,413

g inverse recharge rate 0.74
