!----------------------------------------------------------------
!Stores: (first: depot x,y; then: satellites x,y,maxCap)
300,0   202,728,1000   890,151,1000   513,786,1000   1784,582,1000
!----------------------------------------------------------------
!Trucks: (total#, cap, cost/dist, fixcost)
3,202,1,135   3,303,1,165
!----------------------------------------------------------------
!CityFreighters: (max cf/sat, total#, cap, cost/dist, fixcost, maxCharge, energyConsumption)
5,5,101,1,72,810,1   5,5,151,1,88,1210,1
!----------------------------------------------------------------
!Customers: (x, y, demand, readyTime, dueDate, serviceTime, penalizationCost)
1750,415,9,6271,6981,325,2   841,486,16,1106,2074,577,4   899,411,18,3226,4694,650,3   388,556,12,2469,3149,433,5   393,583,29,4322,5852,1046,2   839,230,24,3161,4787,866,5   643,498,20,1866,3382,722,4   337,493,29,164,1362,1046,3   999,763,12,6098,7014,433,2   1500,311,15,1522,2388,541,5   963,247,4,6122,6494,144,2   798,280,29,1820,3752,1046,1   577,520,6,3983,4399,217,5   1797,503,9,3835,4367,325,2   677,431,16,3158,4426,577,1   824,704,7,5879,6321,253,3   459,457,24,1501,3239,866,1   1114,683,29,816,2946,1046,1   619,594,18,1185,2665,650,5   1160,259,7,2500,2972,253,3   1047,255,26,1822,3712,938,5   343,365,6,2159,2595,217,1   441,433,9,5483,6161,325,1   473,433,12,4192,5272,433,4   407,687,26,2974,4782,938,5   790,432,16,3580,4430,577,3   1297,414,19,3090,4562,686,2   405,375,3,6044,6336,108,3   1439,389,25,1535,3223,902,2   594,417,9,402,860,325,3   341,609,23,3581,4925,830,3   775,660,11,571,1351,397,3   352,634,22,1657,3345,794,4   357,638,10,3893,4733,361,5   1159,427,3,6411,6691,108,2   281,607,27,3884,6176,974,2   1068,421,25,3804,4760,902,4   905,634,14,1993,3067,505,3   1419,319,20,2300,3214,722,2   1686,485,28,3641,5077,1010,2   944,857,27,967,2651,974,3   1666,342,10,4953,5561,361,1   1434,829,9,5663,6225,325,5   1057,640,13,3627,4433,469,1   364,687,25,1429,2919,902,3   409,496,20,5628,6982,722,4   1720,468,29,1186,2852,1046,3   1379,702,24,4768,7116,866,3   1772,212,16,2836,4128,577,2   1585,896,7,3632,4080,253,3
!----------------------------------------------------------------
!Recharge stations: x,y
300,0   202,728   890,151   513,786   1784,582   448,468   986,218   351,644   341,622   717,273   826,244   365,552   746,715   636,773   1015,235   1683,331   143,585   1643,462   660,516   260,418   461,471   450,654   1756,444   260,623   1744,579   391,581   1264,621   460,695   1223,648   517,706

g inverse recharge rate 0.67
