!----------------------------------------------------------------
!Stores: (first: depot x,y; then: satellites x,y,maxCap)
300,0   341,811,1000   468,469,1000   1903,681,1000   1739,317,1000
!----------------------------------------------------------------
!Trucks: (total#, cap, cost/dist, fixcost)
3,202,1,135   3,303,1,165
!----------------------------------------------------------------
!CityFreighters: (max cf/sat, total#, cap, cost/dist, fixcost, maxCharge, energyConsumption)
5,5,101,1,72,810,1   5,5,151,1,88,1210,1
!----------------------------------------------------------------
!Customers: (x, y, demand, readyTime, dueDate, serviceTime, penalizationCost)
1457,621,29,5280,7820,1354,4   1369,514,15,2417,3527,701,2   450,294,18,1768,2876,841,4   1201,625,4,6053,6543,187,5   303,393,10,2188,3052,467,3   626,373,9,1783,2371,420,4   986,751,21,990,3520,981,4   1687,572,6,5177,5735,280,4   807,535,17,3872,4928,794,2   957,602,7,3170,3946,327,5   1341,466,14,6737,7807,654,4   868,335,19,4478,6532,887,2   1477,427,3,6752,7110,140,4   1710,513,7,5356,6120,327,4   297,516,18,998,2828,841,2   1566,595,15,1633,3087,701,3   982,373,19,999,3063,887,5   602,560,12,4828,5846,560,1   1018,575,17,2981,4089,794,2   681,511,19,2717,3905,887,3   390,389,12,4558,5646,560,1   1717,407,3,2028,2342,140,1   812,728,4,3990,4368,187,4   1482,411,11,7097,8095,514,3   1121,230,9,2018,2778,420,5   724,609,5,6705,7109,234,2   732,543,7,3438,4144,327,4   1701,427,5,4984,5388,234,4   1429,411,26,2079,4507,1214,1   1580,334,6,5794,6470,280,4   1542,363,4,4171,4651,187,5   446,356,26,3844,6670,1214,4   1325,511,28,5883,7713,1308,4   1040,543,14,6166,7064,654,2   839,762,10,2152,2840,467,4   826,427,25,1332,2936,1168,3   1622,535,18,5533,6755,841,4   1205,493,22,2670,4858,1027,3   1756,487,13,876,2496,607,3   1757,458,13,3132,4250,607,1   1205,634,26,5639,7621,1214,5   968,82,17,1294,2942,794,2   552,907,29,2998,6268,1354,2   933,725,11,7171,8047,514,3   1702,535,16,3426,4982,747,1   1374,356,9,2030,2758,420,5   1225,149,10,1482,2612,467,4   1029,837,20,2282,3830,934,5   894,84,23,3451,5657,1074,2   210,630,15,334,1680,701,4
!----------------------------------------------------------------
!Recharge stations: x,y
300,0   341,811   468,469   1903,681   1739,317   848,592   1099,507   911,413   213,615   548,783

g inverse recharge rate 0.74
