!----------------------------------------------------------------
!Stores: (first: depot x,y; then: satellites x,y,maxCap)
300,0   732,403,1000   1811,773,1000   1333,923,1000   292,524,1000
!----------------------------------------------------------------
!Trucks: (total#, cap, cost/dist, fixcost)
3,202,1,135   3,303,1,165
!----------------------------------------------------------------
!CityFreighters: (max cf/sat, total#, cap, cost/dist, fixcost, maxCharge, energyConsumption)
5,5,101,1,72,810,1   5,5,151,1,88,1210,1
!----------------------------------------------------------------
!Customers: (x, y, demand, readyTime, dueDate, serviceTime, penalizationCost)
272,537,9,4472,5310,351,1   717,464,19,2519,4411,741,3   753,610,16,2225,3667,624,3   1518,502,16,1990,2976,624,1   1131,684,12,3193,4243,468,4   276,491,14,1980,3388,546,3   1242,541,20,5268,6650,780,2   1422,645,20,5862,6850,780,5   1749,415,25,3912,5716,974,2   841,499,16,1582,2792,624,1   557,543,10,4504,5354,390,5   522,388,24,2267,4195,936,1   1258,718,12,1154,2112,468,2   1072,451,15,4173,5625,585,4   1490,350,18,2034,2948,702,2   1141,314,12,5786,7010,468,2   484,494,10,5377,6155,390,5   428,624,18,1348,2970,702,4   342,653,23,381,2435,897,2   578,526,22,4698,6694,858,4   1372,269,7,4925,5347,273,2   830,523,4,955,1297,156,3   482,297,5,4995,5429,195,5   1602,373,29,2016,3110,1130,3   1486,588,10,865,1867,390,4   649,414,25,3224,4912,974,3   1025,382,17,2439,3881,663,1   1065,439,14,1062,2244,546,5   660,685,6,6858,7492,234,4   656,350,16,3717,4753,624,2   989,787,23,4961,7033,897,1   905,667,8,6102,6668,312,3   1641,625,25,3278,5258,974,5   438,562,7,5008,5620,273,5   769,310,22,3352,4058,858,4   1748,516,26,5174,7108,1013,3   487,628,16,436,1656,624,1   572,723,10,486,1076,390,4   216,479,6,4473,5015,234,4   798,595,22,4020,5590,858,4   1297,866,28,4173,5937,1091,1   1021,106,11,3135,3879,429,2   1523,174,3,3302,3498,117,2   31,431,20,3088,4508,780,4   1776,656,3,5129,5369,117,2   1660,243,24,743,2189,936,1   1965,617,14,4283,5575,546,5   284,442,8,2918,3480,312,2   312,522,25,4045,6337,974,3   467,589,20,5740,7358,780,1
!----------------------------------------------------------------
!Recharge stations: x,y
300,0   732,403   1811,773   1333,923   292,524   532,607   1579,633   1365,729   1029,248   1581,368   930,657   1714,335   1549,605   1569,637   1008,253   1149,587   1442,744   1062,156   706,456   516,322   530,356   365,282   798,423   721,382   1015,299

g inverse recharge rate 0.67
