!----------------------------------------------------------------
!Stores: (first: depot x,y; then: satellites x,y,maxCap)
300,0   737,750,1000   1403,735,1000   1207,746,1000   214,536,1000
!----------------------------------------------------------------
!Trucks: (total#, cap, cost/dist, fixcost)
3,202,1,135   3,303,1,165
!----------------------------------------------------------------
!CityFreighters: (max cf/sat, total#, cap, cost/dist, fixcost, maxCharge, energyConsumption)
5,5,101,1,72,810,1   5,5,151,1,88,1210,1
!----------------------------------------------------------------
!Customers: (x, y, demand, readyTime, dueDate, serviceTime, penalizationCost)
381,672,25,1554,2682,848,4   235,448,15,1913,2463,509,2   1527,689,11,1205,2149,373,1   991,692,10,1308,1872,339,2   1381,463,24,4438,6016,815,4   1331,325,10,1960,2698,339,4   280,463,3,4528,4782,102,3   1649,482,20,300,1490,679,2   1251,279,18,4062,5198,611,1   772,424,19,5242,6492,645,4   601,399,5,1946,2278,170,1   826,529,15,3758,4934,509,2   530,700,4,473,759,136,2   1347,369,20,2201,3855,679,4   358,653,26,3352,4872,882,2   1456,310,20,3281,4779,679,3   432,545,11,5763,6577,373,5   308,637,10,1324,1660,339,1   715,262,27,0,2131,916,3   870,441,5,5079,5343,170,3   1624,425,17,4497,5261,577,2   253,551,5,786,1154,170,2   630,527,19,1246,2264,645,5   1106,459,12,4081,4825,407,2   968,772,26,3187,5173,882,1   993,689,13,3604,4170,441,5   242,444,28,2546,4620,950,2   1479,590,20,4518,5540,679,3   1436,406,20,1039,2627,679,2   516,737,26,2533,4693,882,4   1581,667,26,2670,4294,882,5   1019,358,16,2853,4325,543,5   1616,672,13,232,1398,441,1   557,378,18,3664,4646,611,1   1394,537,22,4341,5693,747,3   1601,345,21,2155,4209,713,2   769,350,14,4660,5642,475,1   1790,485,17,2734,3916,577,3   814,743,26,4567,6065,882,1   399,364,29,2467,4605,984,3   835,490,8,2590,3210,272,3   533,911,20,2307,3433,679,4   630,548,10,1181,1827,339,4   1296,446,14,5785,6337,475,5   1428,556,6,1775,2217,204,1   278,269,6,4933,5293,204,4   646,530,3,3463,3641,102,1   1658,532,14,3058,4094,475,4   470,622,19,4210,5740,645,2   1838,751,9,5299,5865,305,5
!----------------------------------------------------------------
!Recharge stations: x,y
300,0   737,750   1403,735   1207,746   214,536   1130,505   1578,314   1186,382   970,162   665,917

g inverse recharge rate 0.59
