!----------------------------------------------------------------
!Stores: (first: depot x,y; then: satellites x,y,maxCap)
300,0   1913,443,1000   1219,926,1000   608,792,1000   1816,280,1000
!----------------------------------------------------------------
!Trucks: (total#, cap, cost/dist, fixcost)
3,202,1,135   3,303,1,165
!----------------------------------------------------------------
!CityFreighters: (max cf/sat, total#, cap, cost/dist, fixcost, maxCharge, energyConsumption)
5,5,101,1,72,810,1   5,5,151,1,88,1210,1
!----------------------------------------------------------------
!Customers: (x, y, demand, readyTime, dueDate, serviceTime, penalizationCost)
623,450,10,3648,4244,415,3   281,390,29,610,2782,1203,4   884,287,9,4473,5095,373,3   1629,573,29,2266,5052,1203,1   974,731,8,1617,2049,332,5   529,469,12,4494,5562,498,1   1551,495,8,2815,3141,332,4   1351,754,3,3965,4265,124,2   602,631,10,6394,6910,415,5   898,367,3,855,1111,124,4   1699,559,21,2946,4976,871,5   378,609,17,930,2502,705,4   370,498,3,7330,7590,124,2   469,445,17,5019,6451,705,4   1184,511,12,2800,3768,498,4   495,516,8,5635,6353,332,3   1495,720,6,6251,6637,249,5   530,438,28,3178,5594,1161,4   981,779,7,5976,6404,290,3   510,736,25,2031,4451,1037,3   361,612,10,1052,1794,415,2   1250,678,25,4746,7260,1037,4   756,555,10,2559,3591,415,2   800,283,3,6900,7132,124,2   490,577,16,4234,5212,664,1   461,372,20,934,2650,830,3   654,765,15,3268,4584,622,5   1709,537,25,1520,3388,1037,2   440,471,27,5374,7950,1120,5   571,333,21,3433,4457,871,1   1234,454,25,1752,3820,1037,2   1631,401,20,1611,3065,830,4   598,321,13,2489,3241,539,1   1653,656,20,107,1549,830,1   913,741,8,1482,2222,332,4   1356,482,28,2526,4732,1161,3   1699,452,29,3830,6124,1203,5   484,331,9,6753,7501,373,2   1148,231,7,3885,4389,290,4   1454,444,24,4532,6460,996,4   1784,634,11,3026,3596,456,1   1304,192,12,5225,6279,498,5   1100,315,12,4922,5966,498,3   1382,546,17,1365,2903,705,5   1638,743,29,3592,5884,1203,4   633,80,29,2438,4550,1203,2   1600,703,24,1419,3517,996,5   1675,196,3,6906,7132,124,1   1892,642,20,115,1745,830,4   1161,242,23,5885,7149,954,2
!----------------------------------------------------------------
!Recharge stations: x,y
300,0   1913,443   1219,926   608,792   1816,280   1120,355   857,292   1951,593

g inverse recharge rate 0.73
