!----------------------------------------------------------------
!Stores: (first: depot x,y; then: satellites x,y,maxCap)
300,0   202,728,1000   890,151,1000   513,786,1000   1784,582,1000
!----------------------------------------------------------------
!Trucks: (total#, cap, cost/dist, fixcost)
3,202,1,135   3,303,1,165
!----------------------------------------------------------------
!CityFreighters: (max cf/sat, total#, cap, cost/dist, fixcost, maxCharge, energyConsumption)
5,5,101,1,72,810,1   5,5,151,1,88,1210,1
!----------------------------------------------------------------
!Customers: (x, y, demand, readyTime, dueDate, serviceTime, penalizationCost)
1750,415,9,3255,3841,325,5   841,486,16,2155,2935,577,2   899,411,18,1771,2751,650,1   388,556,12,1746,2414,433,4   393,583,29,4698,6882,1046,5   839,230,24,1688,2542,866,2   643,498,20,4622,5438,722,2   337,493,29,1202,4026,1046,3   999,763,12,2229,3197,433,3   1500,311,15,3180,4298,541,5   963,247,4,6340,6718,144,5   798,280,29,1565,3823,1046,2   577,520,6,2913,3539,217,3   1797,503,9,5615,6271,325,2   677,431,16,3829,5095,577,2   824,704,7,448,1014,253,3   459,457,24,1759,2947,866,4   1114,683,29,2355,4459,1046,3   619,594,18,5446,6950,650,4   1160,259,7,4533,4957,253,2   1047,255,26,2920,4668,938,4   343,365,6,1068,1512,217,5   441,433,9,4040,4638,325,4   473,433,12,4128,4980,433,3   407,687,26,2236,4436,938,2   790,432,16,5453,6419,577,3   1297,414,19,438,1996,686,2   405,375,3,1114,1312,108,2   1439,389,25,3765,5847,902,2   594,417,9,645,1361,325,5   341,609,23,1647,3715,830,3   775,660,11,2541,3449,397,4   352,634,22,3895,5647,794,1   357,638,10,3722,4252,361,1   1159,427,3,1858,2030,108,4   281,607,27,624,3212,974,5   1068,421,25,3747,5171,902,1   905,634,14,6289,7021,505,1   1419,319,20,2839,4335,722,3   1686,485,28,4923,6701,1010,5   944,857,27,3258,5048,974,1   1666,342,10,6412,7246,361,4   1434,829,9,4283,5001,325,3   1057,640,13,4840,5726,469,1   364,687,25,3886,5174,902,3   409,496,20,3903,5159,722,4   1720,468,29,2215,4521,1046,3   1379,702,24,1731,3171,866,5   1772,212,16,4880,6022,577,1   1585,896,7,2271,2663,253,1
!----------------------------------------------------------------
!Recharge stations: x,y
300,0   202,728   890,151   513,786   1784,582   448,468   986,218   351,644   341,622   717,273   826,244   365,552   746,715   636,773   1015,235   1683,331   143,585   1643,462   660,516   260,418

g inverse recharge rate 0.67
