!----------------------------------------------------------------
!Stores: (first: depot x,y; then: satellites x,y,maxCap)
300,0   54,456,1000   164,276,1000   1745,570,1000   1076,323,1000
!----------------------------------------------------------------
!Trucks: (total#, cap, cost/dist, fixcost)
3,202,1,135   3,303,1,165
!----------------------------------------------------------------
!CityFreighters: (max cf/sat, total#, cap, cost/dist, fixcost, maxCharge, energyConsumption)
5,5,101,1,72,810,1   5,5,151,1,88,1210,1
!----------------------------------------------------------------
!Customers: (x, y, demand, readyTime, dueDate, serviceTime, penalizationCost)
1267,379,15,2627,3849,656,3   588,332,25,5187,7029,1093,1   359,385,20,3164,4552,875,5   1711,446,21,348,1922,918,1   1748,553,14,5315,6443,612,4   501,610,4,4731,5223,175,4   743,356,4,5194,5618,175,4   1253,700,20,4140,6494,875,5   212,516,11,4633,5629,481,5   817,431,25,2118,3562,1093,4   473,323,12,4046,4930,525,2   884,530,20,4315,6185,875,1   319,527,29,0,2241,1268,2   1013,202,12,6130,7266,525,2   666,690,7,3490,4036,306,5   1380,521,10,3069,3835,437,3   1542,585,17,5464,6420,743,1   218,469,18,4586,6242,787,3   1642,509,17,3972,5316,743,5   1370,431,25,2944,5538,1093,3   1398,390,15,1330,2970,656,1   1556,315,11,6480,7426,481,3   294,594,4,4329,4591,175,4   350,659,5,5998,6354,219,4   446,593,14,737,1593,612,3   1467,397,23,2676,5314,1006,4   205,524,8,3228,4262,350,5   790,276,27,2845,5739,1181,1   364,353,18,4792,6756,787,4   1157,436,21,2665,3963,918,1   254,501,28,3691,6979,1224,5   1672,607,20,3953,5995,875,1   1391,587,26,2906,5640,1137,1   1096,593,4,6196,6570,175,2   1335,471,6,2914,3422,262,1   1178,614,23,2455,4337,1006,1   662,563,13,568,1738,568,1   956,365,21,104,1616,918,5   1175,619,22,4568,6462,962,5   1492,323,24,0,2116,1049,1   1622,680,5,4517,5023,219,2   254,287,26,958,3590,1137,2   1860,336,17,1782,3406,743,3   1588,369,10,5756,6608,437,5   1199,247,5,2347,2787,219,4   885,670,11,5752,7090,481,2   108,629,6,564,1098,262,4   1456,199,9,4234,4952,394,5   599,646,12,6011,6967,525,3   384,157,5,4127,4547,219,3
!----------------------------------------------------------------
!Recharge stations: x,y
300,0   54,456   164,276   1745,570   1076,323   895,312   1052,600   1666,701   1481,567   588,510

g inverse recharge rate 0.74
