!----------------------------------------------------------------
!Stores: (first: depot x,y; then: satellites x,y,maxCap)
300,0   1104,923,1000   265,570,1000   1281,290,1000   997,241,1000
!----------------------------------------------------------------
!Trucks: (total#, cap, cost/dist, fixcost)
3,202,1,135   3,303,1,165
!----------------------------------------------------------------
!CityFreighters: (max cf/sat, total#, cap, cost/dist, fixcost, maxCharge, energyConsumption)
5,5,101,1,72,810,1   5,5,151,1,88,1210,1
!----------------------------------------------------------------
!Customers: (x, y, demand, readyTime, dueDate, serviceTime, penalizationCost)
1080,593,8,690,1238,272,3   1753,528,17,3499,4809,578,5   445,400,22,2751,4289,748,1   812,373,17,2154,2990,578,3   1472,533,8,1379,1765,272,4   533,449,11,1960,2766,374,1   1500,396,28,1255,2743,951,4   783,520,8,1291,1823,272,3   447,670,25,273,1781,849,4   1673,643,11,3255,4039,374,4   295,397,24,2885,4929,815,5   674,443,18,2002,2994,612,4   293,545,25,3847,5887,849,4   941,487,4,2983,3265,136,2   1501,317,16,2245,3643,544,3   1263,474,8,1890,2484,272,2   1796,478,13,2137,3179,442,3   219,495,6,1548,2056,204,5   352,509,19,3690,5196,646,4   1628,651,7,1268,1694,238,2   1419,708,29,4132,6292,985,3   1547,410,3,1299,1483,102,4   688,719,13,2840,3546,442,3   244,550,27,3295,5589,917,4   1548,575,8,4994,5534,272,2   1494,578,22,2585,3889,748,3   1582,371,13,3635,4543,442,2   1183,560,28,3173,5407,951,4   1142,241,24,3846,5082,815,3   1203,670,19,4201,5471,646,4   1177,440,12,1367,2119,408,1   549,720,22,671,1939,748,5   1499,389,22,4316,5840,748,4   1019,209,10,157,833,340,3   1299,607,28,1431,3297,951,2   1198,224,16,48,1336,544,3   1770,470,19,1320,2468,646,5   1127,515,22,5081,6841,748,5   603,584,8,5421,5947,272,3   1027,603,15,2771,3535,510,1   1772,355,3,1874,2094,102,1   744,204,11,2398,3134,374,4   1723,488,5,1981,2237,170,1   933,674,23,763,1937,781,1   1154,645,17,3624,4872,578,4   1093,727,27,2118,3856,917,3   1683,195,24,1295,3181,815,1   220,563,6,2272,2662,204,2   1524,784,22,3233,4455,748,1   1407,661,7,535,895,238,4
!----------------------------------------------------------------
!Recharge stations: x,y
300,0   1104,923   265,570   1281,290   997,241   1508,355   1486,550   368,875   1766,541   1717,671   1244,246   1438,333   1269,613   1833,520   535,532   1338,766   189,400   1131,503   554,230   374,386   1411,747   282,613   789,370   457,537   1796,516   1494,673   1347,314   110,311   1728,342   796,265

g inverse recharge rate 0.6
