!----------------------------------------------------------------
!Stores: (first: depot x,y; then: satellites x,y,maxCap)
300,0   1653,568,1000   1871,320,1000   1234,686,1000   279,699,1000
!----------------------------------------------------------------
!Trucks: (total#, cap, cost/dist, fixcost)
3,202,1,135   3,303,1,165
!----------------------------------------------------------------
!CityFreighters: (max cf/sat, total#, cap, cost/dist, fixcost, maxCharge, energyConsumption)
5,5,101,1,72,810,1   5,5,151,1,88,1210,1
!----------------------------------------------------------------
!Customers: (x, y, demand, readyTime, dueDate, serviceTime, penalizationCost)
1227,755,3,1072,1280,111,5   1781,476,27,5876,7690,996,3   1051,385,9,2587,3295,332,5   366,540,25,5575,7357,922,4   801,289,7,4168,4620,258,5   1193,317,10,1191,1953,369,4   1060,468,29,3578,5034,1070,5   982,744,6,6306,6828,221,4   590,349,21,4961,6471,775,5   679,272,25,1833,3687,922,1   810,399,7,4203,4595,258,5   977,713,16,6504,7648,590,5   934,265,11,1675,2359,406,1   458,492,21,4846,6860,775,1   1554,663,27,5890,7494,996,3   460,405,13,3855,4777,480,2   1375,264,19,1512,3110,701,3   784,295,7,6622,7122,258,4   1185,262,17,3470,5442,627,5   852,774,19,2510,4214,701,2   205,510,9,5250,5600,332,3   917,244,5,4553,5059,184,2   1339,726,18,3941,5537,664,1   1557,371,24,135,1577,885,1   1252,738,16,3650,4948,590,4   1173,621,29,1878,3980,1070,4   1636,352,28,748,3496,1033,2   1435,523,26,1014,2944,959,2   441,334,8,900,1390,295,5   237,572,3,6409,6607,111,5   321,577,12,5076,5978,443,3   1428,570,29,2479,3939,1070,4   1536,287,20,797,2237,738,5   794,332,27,5289,6679,996,3   1623,523,29,1527,3149,1070,4   203,497,12,2478,3720,443,2   461,697,25,4710,6940,922,3   439,477,10,2371,3043,369,4   1354,714,20,3239,4815,738,2   1710,494,14,374,1344,516,4   638,433,11,1933,2775,406,1   1594,622,25,2236,4004,922,2   1350,165,5,3631,3911,184,1   1664,507,10,973,1557,369,4   695,739,14,3862,4740,516,4   1215,830,24,2156,3882,885,3   1584,213,27,505,2863,996,5   318,339,20,5414,7208,738,1   1588,508,22,3102,4258,812,4   138,336,19,4763,6381,701,3
!----------------------------------------------------------------
!Recharge stations: x,y
300,0   1653,568   1871,320   1234,686   279,699   661,466   1714,350   994,513   564,385   1804,498   949,186   1456,213   1683,691   740,798   1284,621   107,487   185,487   1486,215   1524,745   856,617   1515,676   1355,275   1007,173   1143,935   1282,788   1551,536   202,443   1135,831   1242,473   1539,426

g inverse recharge rate 0.7
