!----------------------------------------------------------------
!Stores: (first: depot x,y; then: satellites x,y,maxCap)
300,0   1680,198,1000   1105,702,1000   1469,679,1000   967,345,1000
!----------------------------------------------------------------
!Trucks: (total#, cap, cost/dist, fixcost)
3,202,1,135   3,303,1,165
!----------------------------------------------------------------
!CityFreighters: (max cf/sat, total#, cap, cost/dist, fixcost, maxCharge, energyConsumption)
5,5,101,1,72,810,1   5,5,151,1,88,1210,1
!----------------------------------------------------------------
!Customers: (x, y, demand, readyTime, dueDate, serviceTime, penalizationCost)
802,540,20,2264,3758,591,5   1641,343,5,3640,3930,148,1   1184,667,26,2680,4292,769,3   942,312,28,716,2474,828,4   1136,426,11,1622,2384,325,2   1212,394,11,2638,3370,325,4   962,605,16,3159,4251,473,4   463,582,13,3247,3921,384,3   491,462,25,610,1944,739,1   675,621,26,858,2454,769,1   1505,436,12,1886,2928,355,5   1719,382,10,455,803,296,2   378,359,25,2940,4476,739,4   843,452,14,3959,4867,414,1   625,721,19,980,2110,562,4   1634,400,25,3785,5213,739,1   1057,607,29,1086,3002,857,3   768,507,10,4905,5465,296,4   1543,611,14,687,1363,414,5   685,382,10,3953,4593,296,5   1027,322,17,5114,6088,503,4   816,578,7,3074,3414,207,3   727,698,8,4538,4984,237,2   1301,421,18,2685,3455,532,2   358,485,13,4988,5666,384,1   1767,538,18,2221,3417,532,1   310,555,15,3354,4274,443,5   693,574,18,4268,4866,532,5   878,305,18,4509,5703,532,1   976,524,23,3030,4646,680,5   920,554,13,3561,4047,384,3   1291,546,23,1745,2827,680,2   799,506,10,5400,6206,296,1   890,602,24,2608,3990,710,4   1746,558,19,3150,4288,562,1   1331,642,25,4065,5515,739,2   1567,456,27,2773,5325,798,3   1295,261,18,4920,6098,532,3   1304,310,5,2023,2365,148,3   681,714,14,3239,3845,414,3   809,607,16,1149,2195,473,4   725,388,8,4704,5188,237,1   103,632,4,2789,3049,118,3   1090,56,29,3904,6004,857,4   1906,663,25,651,1895,739,5   408,559,23,2099,3817,680,2   387,541,25,786,2568,739,2   138,358,12,969,1791,355,4   1414,489,25,1713,3571,739,1   1645,614,3,1869,1981,89,3
!----------------------------------------------------------------
!Recharge stations: x,y
300,0   1680,198   1105,702   1469,679   967,345   326,462   761,296   1152,234   351,436   675,802   1276,477   613,572   1479,418   544,246   1956,463   1135,317   504,633   604,809   1822,438   1035,378   916,153   270,616   1055,810   195,555   944,722   1183,517   1993,497   765,431   852,600   728,369

g inverse recharge rate 0.55
