!----------------------------------------------------------------
!Stores: (first: depot x,y; then: satellites x,y,maxCap)
300,0   1659,775,1000   808,901,1000   1591,509,1000   392,464,1000
!----------------------------------------------------------------
!Trucks: (total#, cap, cost/dist, fixcost)
3,202,1,135   3,303,1,165
!----------------------------------------------------------------
!CityFreighters: (max cf/sat, total#, cap, cost/dist, fixcost, maxCharge, energyConsumption)
5,5,101,1,72,810,1   5,5,151,1,88,1210,1
!----------------------------------------------------------------
!Customers: (x, y, demand, readyTime, dueDate, serviceTime, penalizationCost)
792,282,11,3310,4072,383,1   1380,598,3,6917,7113,104,5   618,441,29,4390,6278,1009,5   1553,584,13,2861,3905,452,5   998,533,4,6681,7025,139,5   1244,774,6,1802,2204,209,2   884,770,19,5950,7252,661,5   1080,404,6,2360,2832,209,5   481,409,16,5192,6476,557,1   664,358,29,793,3513,1009,5   1498,576,26,4804,6388,905,5   1652,651,22,123,1665,765,2   622,687,23,2116,3510,800,1   900,495,19,340,1114,661,1   719,221,10,5819,6529,348,2   579,264,11,4251,4837,383,3   1361,307,10,4930,5616,348,3   365,366,21,3642,5200,731,4   1258,562,20,3619,4793,696,1   1600,540,13,439,1455,452,2   560,562,15,3878,4848,522,1   382,682,14,3169,4039,487,3   1757,481,28,1441,3927,974,3   1129,555,13,4242,4998,452,4   1358,384,14,4746,5998,487,5   1222,388,22,2785,4363,765,3   447,529,25,5011,6911,870,2   986,327,10,329,1103,348,3   1488,332,16,1417,2691,557,2   303,614,7,1754,2354,244,2   322,547,6,4098,4458,209,5   1167,396,19,1618,3060,661,5   1210,425,22,2327,4019,765,5   1031,395,23,54,1372,800,3   829,439,14,3500,4662,487,5   1062,223,29,2035,3851,1009,1   1714,373,20,423,1649,696,2   1083,289,6,3474,3830,209,4   675,307,9,2097,2739,313,4   985,532,12,656,1668,418,3   1507,186,27,2421,3735,939,4   1645,498,21,2782,3764,731,1   560,830,29,4370,6560,1009,4   46,552,28,289,2617,974,3   98,507,12,995,1781,418,4   1372,399,23,2426,3758,800,4   202,283,18,4577,5863,626,4   1186,634,22,1666,3494,765,5   764,580,6,1170,1514,209,4   1628,760,25,4535,6767,870,5
!----------------------------------------------------------------
!Recharge stations: x,y
300,0   1659,775   808,901   1591,509   392,464   1757,423   1107,6   1049,303   1705,574   1363,190

g inverse recharge rate 0.65
