!----------------------------------------------------------------
!Stores: (first: depot x,y; then: satellites x,y,maxCap)
300,0   1659,775,1000   808,901,1000   1591,509,1000   392,464,1000
!----------------------------------------------------------------
!Trucks: (total#, cap, cost/dist, fixcost)
3,202,1,135   3,303,1,165
!----------------------------------------------------------------
!CityFreighters: (max cf/sat, total#, cap, cost/dist, fixcost, maxCharge, energyConsumption)
5,5,101,1,72,810,1   5,5,151,1,88,1210,1
!----------------------------------------------------------------
!Customers: (x, y, demand, readyTime, dueDate, serviceTime, penalizationCost)
792,282,11,2010,2782,383,3   1380,598,3,3262,3474,104,2   618,441,29,4095,6387,1009,5   1553,584,13,6145,6913,452,4   998,533,4,1516,1714,139,3   1244,774,6,2222,2486,209,2   884,770,19,5772,7402,661,3   1080,404,6,3230,3592,209,3   481,409,16,1817,2719,557,3   664,358,29,1589,4083,1009,5   1498,576,26,1882,2938,905,4   1652,651,22,2275,3667,765,5   622,687,23,530,2288,800,5   900,495,19,5601,7063,661,5   719,221,10,2515,3131,348,3   579,264,11,2246,3012,383,1   1361,307,10,5811,6313,348,4   365,366,21,3273,5081,731,3   1258,562,20,233,1947,696,5   1600,540,13,4371,5283,452,2   560,562,15,3536,4356,522,3   382,682,14,4318,5674,487,1   1757,481,28,4377,6045,974,1   1129,555,13,2240,3386,452,4   1358,384,14,6161,7153,487,1   1222,388,22,5255,7027,765,1   447,529,25,3663,5449,870,3   986,327,10,2881,3543,348,4   1488,332,16,5638,6838,557,5   303,614,7,3861,4327,244,1   322,547,6,5308,5664,209,2   1167,396,19,208,1538,661,4   1210,425,22,5119,6065,765,2   1031,395,23,4074,5748,800,5   829,439,14,4037,5147,487,1   1062,223,29,4496,5916,1009,4   1714,373,20,2615,4113,696,1   1083,289,6,1994,2340,209,3   675,307,9,646,1372,313,4   985,532,12,3034,3940,418,1   1507,186,27,5058,6498,939,5   1645,498,21,1968,3550,731,1   560,830,29,2442,4876,1009,2   46,552,28,3534,5280,974,5   98,507,12,2908,3572,418,4   1372,399,23,4234,6072,800,5   202,283,18,2312,3822,626,4   1186,634,22,3250,5006,765,3   764,580,6,6031,6543,209,3   1628,760,25,1574,3134,870,5
!----------------------------------------------------------------
!Recharge stations: x,y
300,0   1659,775   808,901   1591,509   392,464   1757,423   1107,6   1049,303   1705,574   1363,190   1397,760   456,754   119,636   897,432   1297,408   289,574   617,747   1580,499   1489,401   328,706   1562,584   1735,269   1433,279   1597,283   189,504   373,532   344,294   1839,550   376,556   528,487   1684,442   924,734   1316,186   928,708   796,645   1617,506   247,338   218,460   183,589   1315,422   1419,726   608,830   820,290   1787,544   12,550   415,474   378,535   877,672   402,720   1061,533   1385,334   900,328   628,510   1498,819   928,81

g inverse recharge rate 0.65
