!----------------------------------------------------------------
!Stores: (first: depot x,y; then: satellites x,y,maxCap)
300,0   1659,775,1000   808,901,1000   1591,509,1000   392,464,1000
!----------------------------------------------------------------
!Trucks: (total#, cap, cost/dist, fixcost)
3,202,1,135   3,303,1,165
!----------------------------------------------------------------
!CityFreighters: (max cf/sat, total#, cap, cost/dist, fixcost, maxCharge, energyConsumption)
5,5,101,1,72,810,1   5,5,151,1,88,1210,1
!----------------------------------------------------------------
!Customers: (x, y, demand, readyTime, dueDate, serviceTime, penalizationCost)
792,282,11,3219,3925,383,2   1380,598,3,4664,4906,104,3   618,441,29,4606,6492,1009,1   1553,584,13,2085,2931,452,1   998,533,4,1523,1779,139,1   1244,774,6,6730,7180,209,2   884,770,19,315,1715,661,2   1080,404,6,6436,6808,209,3   481,409,16,1361,2675,557,3   664,358,29,4880,7274,1009,3   1498,576,26,399,2243,905,5   1652,651,22,5277,7325,765,5   622,687,23,1055,2433,800,1   900,495,19,2264,3770,661,2   719,221,10,3776,4514,348,4   579,264,11,1520,2286,383,5   1361,307,10,1303,2163,348,3   365,366,21,2967,5197,731,1   1258,562,20,363,1829,696,3   1600,540,13,180,1076,452,1   560,562,15,1759,2745,522,1   382,682,14,320,1328,487,4   1757,481,28,3494,5940,974,2   1129,555,13,5966,6856,452,4   1358,384,14,3551,4441,487,3   1222,388,22,5574,6928,765,5   447,529,25,856,2448,870,4   986,327,10,1762,2404,348,4   1488,332,16,2648,4098,557,5   303,614,7,2968,3442,244,4   322,547,6,1836,2250,209,1   1167,396,19,1150,2476,661,2   1210,425,22,5741,6909,765,5   1031,395,23,1628,3282,800,5   829,439,14,1575,2669,487,2   1062,223,29,1938,4496,1009,2   1714,373,20,5455,6899,696,2   1083,289,6,5507,5989,209,4   675,307,9,5025,5703,313,2   985,532,12,2415,3101,418,4   1507,186,27,3845,5857,939,4   1645,498,21,1175,2729,731,3   560,830,29,3194,4712,1009,5   46,552,28,3441,5215,974,1   98,507,12,5645,6717,418,3   1372,399,23,3451,4943,800,1   202,283,18,3371,4927,626,5   1186,634,22,3379,4991,765,5   764,580,6,2595,2947,209,5   1628,760,25,2433,4625,870,4
!----------------------------------------------------------------
!Recharge stations: x,y
300,0   1659,775   808,901   1591,509   392,464   1757,423   1107,6   1049,303   1705,574   1363,190   1397,760   456,754   119,636   897,432   1297,408   289,574   617,747   1580,499   1489,401   328,706

g inverse recharge rate 0.65
