!----------------------------------------------------------------
!Stores: (first: depot x,y; then: satellites x,y,maxCap)
300,0   732,403,1000   1811,773,1000   1333,923,1000   292,524,1000
!----------------------------------------------------------------
!Trucks: (total#, cap, cost/dist, fixcost)
3,202,1,135   3,303,1,165
!----------------------------------------------------------------
!CityFreighters: (max cf/sat, total#, cap, cost/dist, fixcost, maxCharge, energyConsumption)
5,5,101,1,72,810,1   5,5,151,1,88,1210,1
!----------------------------------------------------------------
!Customers: (x, y, demand, readyTime, dueDate, serviceTime, penalizationCost)
272,537,9,2136,2656,351,3   717,464,19,1711,3947,741,3   753,610,16,1204,2702,624,2   1518,502,16,5227,6497,624,1   1131,684,12,399,1723,468,5   276,491,14,2261,3199,546,5   1242,541,20,3726,4726,780,5   1422,645,20,61,1789,780,1   1749,415,25,3592,6080,974,4   841,499,16,2625,3929,624,4   557,543,10,5816,6690,390,3   522,388,24,1505,3333,936,4   1258,718,12,1117,2193,468,4   1072,451,15,3047,4919,585,5   1490,350,18,276,1830,702,4   1141,314,12,2790,3896,468,3   484,494,10,1469,1999,390,3   428,624,18,374,1752,702,1   342,653,23,2480,5036,897,1   578,526,22,4142,6404,858,2   1372,269,7,2685,3241,273,1   830,523,4,3011,3355,156,4   482,297,5,5968,6394,195,5   1602,373,29,3116,5724,1130,1   1486,588,10,2227,3115,390,2   649,414,25,3665,6199,974,4   1025,382,17,1409,2913,663,2   1065,439,14,3069,4503,546,1   660,685,6,2971,3307,234,2   656,350,16,4345,5191,624,3   989,787,23,1814,3608,897,5   905,667,8,3786,4336,312,1   1641,625,25,5613,7243,974,4   438,562,7,2186,2858,273,5   769,310,22,2495,4881,858,5   1748,516,26,3557,5499,1013,5   487,628,16,645,1453,624,4   572,723,10,5643,6499,390,4   216,479,6,6662,7104,234,1   798,595,22,2919,5499,858,3   1297,866,28,0,2282,1091,5   1021,106,11,3435,4707,429,4   1523,174,3,2213,2487,117,5   31,431,20,4681,6089,780,1   1776,656,3,1863,2161,117,4   1660,243,24,4057,5971,936,1   1965,617,14,3023,3915,546,2   284,442,8,2942,3758,312,3   312,522,25,4189,5617,974,5   467,589,20,1072,2846,780,2
!----------------------------------------------------------------
!Recharge stations: x,y
300,0   732,403   1811,773   1333,923   292,524   532,607   1579,633   1365,729   1029,248   1581,368

g inverse recharge rate 0.67
