!----------------------------------------------------------------
!Stores: (first: depot x,y; then: satellites x,y,maxCap)
300,0   1314,650,1000   548,85,1000   70,356,1000   844,731,1000
!----------------------------------------------------------------
!Trucks: (total#, cap, cost/dist, fixcost)
3,202,1,135   3,303,1,165
!----------------------------------------------------------------
!CityFreighters: (max cf/sat, total#, cap, cost/dist, fixcost, maxCharge, energyConsumption)
5,5,101,1,72,810,1   5,5,151,1,88,1210,1
!----------------------------------------------------------------
!Customers: (x, y, demand, readyTime, dueDate, serviceTime, penalizationCost)
1140,489,22,2097,3273,844,3   1210,344,10,2261,3347,384,4   283,552,7,6003,6551,269,2   1743,579,11,5939,6555,422,3   660,253,15,4563,5775,575,2   808,679,4,1008,1198,153,3   288,610,3,6462,6638,115,2   1320,570,10,4001,4931,384,3   984,331,29,3644,5312,1112,2   1198,680,17,2032,3400,652,4   1390,344,18,3029,4627,691,2   1427,604,7,4928,5568,269,3   1264,777,19,1635,3457,729,4   1192,450,16,5171,6625,614,3   1350,439,21,4233,5475,806,2   890,676,22,1218,2394,844,4   1265,750,17,920,2088,652,2   1488,311,23,3789,4543,882,2   1676,533,17,3441,4879,652,1   232,547,26,4770,6832,997,4   1548,424,16,3563,4681,614,2   1087,469,19,1574,2626,729,2   577,324,11,3921,4911,422,2   200,500,25,1356,4008,959,2   1621,484,11,1982,2646,422,5   1585,514,27,1915,3279,1036,3   457,347,10,5588,6142,384,4   1507,592,12,1012,2084,460,5   316,368,13,5058,5662,499,2   512,602,9,2114,2826,345,1   1445,645,28,2069,4295,1074,2   805,561,5,6041,6319,192,2   342,511,23,495,2155,882,4   1639,556,18,1394,2662,691,4   825,343,7,4562,5200,269,1   1751,499,18,782,2052,691,3   1684,637,18,3834,4742,691,2   1472,666,8,4325,5011,307,3   1094,424,11,5392,6102,422,1   1701,426,18,1022,2418,691,1   1345,660,19,3514,5156,729,3   878,16,28,1493,3917,1074,5   216,792,7,6112,6528,269,5   961,798,21,1662,3886,806,2   1184,801,12,3486,4300,460,3   1274,186,22,5167,7039,844,3   928,905,19,298,1642,729,2   1061,989,25,5220,7512,959,1   474,471,11,3728,4686,422,4   248,292,11,1669,2505,422,5
!----------------------------------------------------------------
!Recharge stations: x,y
300,0   1314,650   548,85   70,356   844,731   273,357   372,710

g inverse recharge rate 0.67
