!----------------------------------------------------------------
!Stores: (first: depot x,y; then: satellites x,y,maxCap)
300,0   1314,650,1000   548,85,1000   70,356,1000   844,731,1000
!----------------------------------------------------------------
!Trucks: (total#, cap, cost/dist, fixcost)
3,202,1,135   3,303,1,165
!----------------------------------------------------------------
!CityFreighters: (max cf/sat, total#, cap, cost/dist, fixcost, maxCharge, energyConsumption)
5,5,101,1,72,810,1   5,5,151,1,88,1210,1
!----------------------------------------------------------------
!Customers: (x, y, demand, readyTime, dueDate, serviceTime, penalizationCost)
1140,489,22,5476,6974,844,4   1210,344,10,6363,7039,384,2   283,552,7,4583,5197,269,4   1743,579,11,5682,6424,422,5   660,253,15,509,1725,575,1   808,679,4,3677,3955,153,2   288,610,3,3626,3864,115,4   1320,570,10,796,1642,384,3   984,331,29,0,2088,1112,2   1198,680,17,5517,6787,652,5   1390,344,18,5352,7034,691,2   1427,604,7,4867,5471,269,1   1264,777,19,256,1580,729,3   1192,450,16,1902,3324,614,3   1350,439,21,5213,6877,806,3   890,676,22,4061,5595,844,4   1265,750,17,5786,6638,652,2   1488,311,23,3158,5200,882,4   1676,533,17,932,2234,652,3   232,547,26,2405,4529,997,1   1548,424,16,2696,4174,614,5   1087,469,19,4704,6118,729,1   577,324,11,2692,3576,422,1   200,500,25,4647,6699,959,3   1621,484,11,5107,5811,422,4   1585,514,27,4462,6960,1036,2   457,347,10,2686,3388,384,1   1507,592,12,5924,6710,460,4   316,368,13,3883,5011,499,1   512,602,9,2305,2907,345,4   1445,645,28,349,2301,1074,5   805,561,5,4541,4917,192,1   342,511,23,3822,5630,882,2   1639,556,18,2613,4417,691,2   825,343,7,4068,4402,269,3   1751,499,18,5645,6997,691,3   1684,637,18,3984,5366,691,1   1472,666,8,5254,5932,307,5   1094,424,11,1280,2224,422,4   1701,426,18,579,1565,691,3   1345,660,19,1586,3340,729,3   878,16,28,1410,3754,1074,3   216,792,7,5504,5752,269,5   961,798,21,5780,7648,806,4   1184,801,12,5096,6110,460,4   1274,186,22,694,2972,844,3   928,905,19,5433,7363,729,3   1061,989,25,2920,4126,959,3   474,471,11,3394,4186,422,2   248,292,11,760,1780,422,5
!----------------------------------------------------------------
!Recharge stations: x,y
300,0   1314,650   548,85   70,356   844,731   273,357   372,710   1529,261   1270,389   655,302

g inverse recharge rate 0.67
