!----------------------------------------------------------------
!Stores: (first: depot x,y; then: satellites x,y,maxCap)
300,0   341,811,1000   468,469,1000   1903,681,1000   1739,317,1000
!----------------------------------------------------------------
!Trucks: (total#, cap, cost/dist, fixcost)
3,202,1,135   3,303,1,165
!----------------------------------------------------------------
!CityFreighters: (max cf/sat, total#, cap, cost/dist, fixcost, maxCharge, energyConsumption)
5,5,101,1,72,810,1   5,5,151,1,88,1210,1
!----------------------------------------------------------------
!Customers: (x, y, demand, readyTime, dueDate, serviceTime, penalizationCost)
1457,621,29,2159,5053,1354,4   1369,514,15,4060,5380,701,2   450,294,18,3347,4965,841,2   1201,625,4,5263,5721,187,5   303,393,10,1655,2513,467,1   626,373,9,6324,7152,420,3   986,751,21,4278,6670,981,4   1687,572,6,6532,6982,280,4   807,535,17,367,1983,794,1   957,602,7,3080,3770,327,3   1341,466,14,2416,3922,654,3   868,335,19,2174,3550,887,1   1477,427,3,1483,1833,140,2   1710,513,7,5206,5742,327,3   297,516,18,2175,3987,841,5   1566,595,15,3764,4678,701,2   982,373,19,3034,5342,887,3   602,560,12,1426,2732,560,3   1018,575,17,2834,4266,794,2   681,511,19,398,2150,887,5   390,389,12,1601,3279,560,2   1717,407,3,7581,7813,140,1   812,728,4,3574,3992,187,2   1482,411,11,5805,6457,514,4   1121,230,9,5236,6218,420,2   724,609,5,7774,8046,234,2   732,543,7,6091,6909,327,4   1701,427,5,4587,4917,234,3   1429,411,26,463,3623,1214,1   1580,334,6,6200,6784,280,4   1542,363,4,4565,4805,187,1   446,356,26,2318,5244,1214,1   1325,511,28,2172,5082,1308,2   1040,543,14,6563,8197,654,5   839,762,10,6588,7212,467,3   826,427,25,159,1941,1168,2   1622,535,18,759,2209,841,4   1205,493,22,2561,4961,1027,1   1756,487,13,3840,4846,607,2   1757,458,13,2184,3350,607,2   1205,634,26,2916,5246,1214,3   968,82,17,4278,5370,794,4   552,907,29,1183,4111,1354,2   933,725,11,5197,5915,514,5   1702,535,16,4788,6452,747,3   1374,356,9,5822,6804,420,4   1225,149,10,1755,2899,467,1   1029,837,20,1344,3296,934,4   894,84,23,2286,5022,1074,1   210,630,15,2074,3078,701,5
!----------------------------------------------------------------
!Recharge stations: x,y
300,0   341,811   468,469   1903,681   1739,317   848,592   1099,507   911,413   213,615   548,783   383,254   565,713   1717,496   1501,750   472,394

g inverse recharge rate 0.74
