!----------------------------------------------------------------
!Stores: (first: depot x,y; then: satellites x,y,maxCap)
300,0   1002,917,1000   103,601,1000   426,696,1000   614,98,1000
!----------------------------------------------------------------
!Trucks: (total#, cap, cost/dist, fixcost)
3,202,1,135   3,303,1,165
!----------------------------------------------------------------
!CityFreighters: (max cf/sat, total#, cap, cost/dist, fixcost, maxCharge, energyConsumption)
5,5,101,1,72,810,1   5,5,151,1,88,1210,1
!----------------------------------------------------------------
!Customers: (x, y, demand, readyTime, dueDate, serviceTime, penalizationCost)
1347,608,18,1296,3110,772,1   411,612,7,4212,4818,300,1   852,558,4,3813,4121,172,2   953,749,6,7887,8293,257,3   1328,600,27,387,2365,1159,2   1203,628,12,3590,4654,515,3   1401,354,21,2686,4944,901,4   1587,324,13,2727,3853,558,3   1522,633,5,3515,4115,215,3   1253,424,10,1157,1889,429,4   1024,672,8,2821,3419,343,5   1337,743,13,4486,5702,558,4   940,357,5,495,899,215,2   1311,642,16,5443,6909,687,4   1695,558,28,347,3403,1202,2   585,586,19,4625,5971,815,2   1061,582,14,4286,5586,601,4   940,546,5,4421,4823,215,4   1386,509,26,163,2743,1116,2   510,434,26,2403,4913,1116,5   1343,701,4,979,1383,172,3   1721,609,23,874,2220,987,5   1493,580,10,5569,6407,429,3   918,642,29,5289,7755,1244,3   320,576,23,3799,5503,987,1   851,720,19,2741,4305,815,4   437,347,18,3221,4905,772,1   1773,549,8,1942,2630,343,4   587,656,18,2053,3445,772,5   1318,469,25,2783,4923,1073,4   1086,232,6,2090,2734,257,2   959,214,19,2682,4532,815,5   359,442,5,2374,2734,215,3   702,558,21,6415,8489,901,4   1732,412,22,5211,7241,944,4   809,732,25,1118,3200,1073,4   1590,695,8,1858,2546,343,3   649,476,11,2600,3498,472,5   1725,509,24,5251,7229,1030,1   552,397,18,2235,3619,772,2   1414,63,24,735,3353,1030,4   1994,533,3,5845,6053,129,3   453,407,9,353,1105,386,3   1327,714,27,4869,7957,1159,5   1354,537,18,2769,3779,772,3   1919,563,3,6972,7202,129,1   416,212,17,4963,6911,729,1   1372,201,23,5731,7537,987,2   1665,798,28,1931,4465,1202,2   1051,387,24,0,1676,1030,4
!----------------------------------------------------------------
!Recharge stations: x,y
300,0   1002,917   103,601   426,696   614,98   1498,536   1333,640   1301,579   1751,599   1842,499   1007,805   1591,542   917,770   1495,365   101,677   925,760   1295,746   499,651   511,538   1266,703   804,818   170,509   979,253   171,427   253,647   1633,806   1517,288   1021,199   1683,596   1161,422

g inverse recharge rate 0.75
