!----------------------------------------------------------------
!Stores: (first: depot x,y; then: satellites x,y,maxCap)
300,0   1258,707,1000   742,378,1000   174,458,1000   1537,247,1000
!----------------------------------------------------------------
!Trucks: (total#, cap, cost/dist, fixcost)
3,202,1,135   3,303,1,165
!----------------------------------------------------------------
!CityFreighters: (max cf/sat, total#, cap, cost/dist, fixcost, maxCharge, energyConsumption)
5,5,101,1,72,810,1   5,5,151,1,88,1210,1
!----------------------------------------------------------------
!Customers: (x, y, demand, readyTime, dueDate, serviceTime, penalizationCost)
1078,257,15,5312,6740,480,3   918,628,27,1664,3550,865,5   381,345,29,3634,5172,929,4   816,329,22,3250,4564,705,1   799,696,8,836,1426,256,5   423,464,10,2306,2950,320,5   1346,338,25,3602,4924,801,1   844,755,4,4984,5268,128,3   1010,342,6,3107,3411,192,2   825,749,29,1113,3015,929,1   873,553,22,1073,2369,705,2   1364,513,29,1063,2757,929,4   582,247,10,3637,4079,320,3   202,518,18,2691,3591,576,2   919,267,22,4855,5927,705,4   1686,510,4,6081,6339,128,4   1105,394,23,1584,2798,737,2   569,729,20,1630,2716,641,4   660,568,20,2926,3936,641,4   1089,463,7,5114,5458,224,4   489,348,24,4424,5894,769,2   644,327,9,4970,5548,288,3   517,331,4,5590,5916,128,3   420,358,16,4211,5413,512,4   1669,384,22,2816,3924,705,4   394,671,10,3917,4515,320,3   1266,371,26,4723,6107,833,1   1260,399,28,1919,3381,897,2   1148,529,24,4720,6338,769,2   1161,311,13,856,1602,416,2   1216,736,4,2672,2948,128,3   1065,715,5,2962,3386,160,5   1540,609,23,4228,5654,737,2   543,522,6,3453,3641,192,2   567,444,13,877,1759,416,2   904,516,22,5433,6489,705,3   1716,406,6,3483,3841,192,5   460,677,18,692,1878,576,5   1277,456,22,5244,6450,705,5   921,466,12,1006,1820,384,3   1801,385,27,2055,3631,865,4   197,438,21,3339,4797,673,5   1520,513,12,2824,3644,384,3   866,783,25,4468,5772,801,4   939,892,22,443,2081,705,4   1033,424,29,651,2403,929,2   535,761,10,3471,4143,320,3   1986,442,10,1685,2289,320,2   664,627,3,915,1153,96,1   1583,153,25,1973,3653,801,5
!----------------------------------------------------------------
!Recharge stations: x,y
300,0   1258,707   742,378   174,458   1537,247   934,581   1805,572   524,736

g inverse recharge rate 0.59
