!----------------------------------------------------------------
!Stores: (first: depot x,y; then: satellites x,y,maxCap)
300,0   737,750,1000   1403,735,1000   1207,746,1000   214,536,1000
!----------------------------------------------------------------
!Trucks: (total#, cap, cost/dist, fixcost)
3,202,1,135   3,303,1,165
!----------------------------------------------------------------
!CityFreighters: (max cf/sat, total#, cap, cost/dist, fixcost, maxCharge, energyConsumption)
5,5,101,1,72,810,1   5,5,151,1,88,1210,1
!----------------------------------------------------------------
!Customers: (x, y, demand, readyTime, dueDate, serviceTime, penalizationCost)
381,672,25,4723,6643,848,5   235,448,15,571,1639,509,1   1527,689,11,3453,4329,373,2   991,692,10,1207,1869,339,4   1381,463,24,480,2456,815,3   1331,325,10,3471,4157,339,1   280,463,3,5857,6101,102,1   1649,482,20,1208,2130,679,3   1251,279,18,856,2070,611,3   772,424,19,2536,4050,645,4   601,399,5,3225,3549,170,5   826,529,15,1359,2003,509,3   530,700,4,413,665,136,3   1347,369,20,4739,5927,679,5   358,653,26,1737,3115,882,4   1456,310,20,4633,6227,679,2   432,545,11,493,1115,373,2   308,637,10,5751,6273,339,2   715,262,27,3718,5446,916,5   870,441,5,1301,1687,170,3   1624,425,17,3311,3971,577,3   253,551,5,3454,3906,170,4   630,527,19,1763,3345,645,3   1106,459,12,5034,5488,407,4   968,772,26,2039,3911,882,4   993,689,13,3761,4397,441,5   242,444,28,47,1889,950,3   1479,590,20,4454,6036,679,5   1436,406,20,3835,5131,679,1   516,737,26,3796,4952,882,4   1581,667,26,784,2994,882,1   1019,358,16,3366,4238,543,3   1616,672,13,4312,5212,441,2   557,378,18,3273,4607,611,4   1394,537,22,4320,5562,747,2   1601,345,21,4770,5930,713,2   769,350,14,199,1253,475,2   1790,485,17,4742,5738,577,2   814,743,26,2945,4847,882,1   399,364,29,4640,6074,984,1   835,490,8,2556,3180,272,2   533,911,20,4435,6163,679,2   630,548,10,5551,6307,339,2   1296,446,14,3358,4430,475,4   1428,556,6,4763,5167,204,5   278,269,6,5193,5691,204,4   646,530,3,2073,2203,102,4   1658,532,14,2455,3759,475,4   470,622,19,2580,4084,645,3   1838,751,9,3012,3628,305,5
!----------------------------------------------------------------
!Recharge stations: x,y
300,0   737,750   1403,735   1207,746   214,536   1130,505   1578,314

g inverse recharge rate 0.59
