!----------------------------------------------------------------
!Stores: (first: depot x,y; then: satellites x,y,maxCap)
300,0   1002,917,1000   103,601,1000   426,696,1000   614,98,1000
!----------------------------------------------------------------
!Trucks: (total#, cap, cost/dist, fixcost)
3,202,1,135   3,303,1,165
!----------------------------------------------------------------
!CityFreighters: (max cf/sat, total#, cap, cost/dist, fixcost, maxCharge, energyConsumption)
5,5,101,1,72,810,1   5,5,151,1,88,1210,1
!----------------------------------------------------------------
!Customers: (x, y, demand, readyTime, dueDate, serviceTime, penalizationCost)
1347,608,18,3619,4865,772,3   411,612,7,6503,7179,300,1   852,558,4,3375,3811,172,3   953,749,6,4992,5498,257,1   1328,600,27,2728,5456,1159,3   1203,628,12,3463,4573,515,4   1401,354,21,910,2944,901,2   1587,324,13,2282,3710,558,4   1522,633,5,7168,7532,215,2   1253,424,10,2871,3949,429,3   1024,672,8,3936,4712,343,5   1337,743,13,1618,2798,558,3   940,357,5,4795,5155,215,3   1311,642,16,5423,6587,687,5   1695,558,28,3705,6275,1202,2   585,586,19,2676,4108,815,5   1061,582,14,3740,4842,601,5   940,546,5,3470,3866,215,3   1386,509,26,2477,4843,1116,1   510,434,26,5671,8387,1116,2   1343,701,4,5299,5575,172,1   1721,609,23,4346,6012,987,1   1493,580,10,7260,7840,429,5   918,642,29,663,3769,1244,2   320,576,23,6379,8321,987,4   851,720,19,2076,3464,815,5   437,347,18,3586,4988,772,3   1773,549,8,1810,2578,343,4   587,656,18,0,1354,772,1   1318,469,25,3217,5413,1073,5   1086,232,6,5955,6469,257,1   959,214,19,310,2598,815,2   359,442,5,6150,6752,215,3   702,558,21,4365,6405,901,5   1732,412,22,4610,7466,944,2   809,732,25,118,2180,1073,5   1590,695,8,2575,3395,343,3   649,476,11,4430,5518,472,2   1725,509,24,4004,5782,1030,3   552,397,18,523,2239,772,5   1414,63,24,4683,6035,1030,5   1994,533,3,4522,4742,129,4   453,407,9,0,921,386,5   1327,714,27,1023,3331,1159,3   1354,537,18,1523,2705,772,4   1919,563,3,5090,5330,129,2   416,212,17,4540,5924,729,2   1372,201,23,828,2660,987,1   1665,798,28,1231,4447,1202,3   1051,387,24,2919,5753,1030,4
!----------------------------------------------------------------
!Recharge stations: x,y
300,0   1002,917   103,601   426,696   614,98   1498,536   1333,640   1301,579   1751,599   1842,499   1007,805   1591,542   917,770   1495,365   101,677   925,760   1295,746   499,651   511,538   1266,703

g inverse recharge rate 0.75
