!----------------------------------------------------------------
!Stores: (first: depot x,y; then: satellites x,y,maxCap)
300,0   1314,650,1000   548,85,1000   70,356,1000   844,731,1000
!----------------------------------------------------------------
!Trucks: (total#, cap, cost/dist, fixcost)
3,202,1,135   3,303,1,165
!----------------------------------------------------------------
!CityFreighters: (max cf/sat, total#, cap, cost/dist, fixcost, maxCharge, energyConsumption)
5,5,101,1,72,810,1   5,5,151,1,88,1210,1
!----------------------------------------------------------------
!Customers: (x, y, demand, readyTime, dueDate, serviceTime, penalizationCost)
1140,489,22,3340,4930,844,4   1210,344,10,2255,3187,384,3   283,552,7,6885,7415,269,1   1743,579,11,2477,3405,422,2   660,253,15,1557,2815,575,3   808,679,4,3986,4206,153,5   288,610,3,6806,7064,115,2   1320,570,10,5417,6133,384,4   984,331,29,4526,6106,1112,3   1198,680,17,3691,5077,652,5   1390,344,18,3052,4504,691,4   1427,604,7,2087,2631,269,5   1264,777,19,1945,3499,729,5   1192,450,16,2279,3391,614,3   1350,439,21,39,1783,806,5   890,676,22,435,2091,844,1   1265,750,17,4806,6092,652,1   1488,311,23,720,3084,882,3   1676,533,17,5653,6771,652,1   232,547,26,434,2332,997,3   1548,424,16,4310,5726,614,4   1087,469,19,2236,3448,729,3   577,324,11,3736,4512,422,1   200,500,25,1549,3763,959,5   1621,484,11,6101,7043,422,5   1585,514,27,4892,6714,1036,2   457,347,10,998,1866,384,3   1507,592,12,3063,4177,460,1   316,368,13,4419,5649,499,2   512,602,9,3464,3952,345,4   1445,645,28,4742,6372,1074,3   805,561,5,6266,6588,192,3   342,511,23,549,2579,882,2   1639,556,18,1254,2702,691,2   825,343,7,3920,4444,269,4   1751,499,18,2907,4449,691,2   1684,637,18,2713,3805,691,4   1472,666,8,2135,2723,307,2   1094,424,11,5023,5533,422,4   1701,426,18,3277,4863,691,4   1345,660,19,1706,3178,729,1   878,16,28,261,2467,1074,2   216,792,7,4956,5374,269,4   961,798,21,2049,4167,806,3   1184,801,12,5700,6796,460,4   1274,186,22,1431,3053,844,1   928,905,19,1327,2329,729,2   1061,989,25,2545,4611,959,2   474,471,11,4028,4682,422,5   248,292,11,5427,6187,422,4
!----------------------------------------------------------------
!Recharge stations: x,y
300,0   1314,650   548,85   70,356   844,731   273,357   372,710   1529,261   1270,389   655,302   1674,380   1396,767   244,452   1523,709   426,287

g inverse recharge rate 0.67
