!----------------------------------------------------------------
!Stores: (first: depot x,y; then: satellites x,y,maxCap)
300,0   732,403,1000   1811,773,1000   1333,923,1000   292,524,1000
!----------------------------------------------------------------
!Trucks: (total#, cap, cost/dist, fixcost)
3,202,1,135   3,303,1,165
!----------------------------------------------------------------
!CityFreighters: (max cf/sat, total#, cap, cost/dist, fixcost, maxCharge, energyConsumption)
5,5,101,1,72,810,1   5,5,151,1,88,1210,1
!----------------------------------------------------------------
!Customers: (x, y, demand, readyTime, dueDate, serviceTime, penalizationCost)
272,537,9,4955,5429,351,2   717,464,19,1576,3202,741,3   753,610,16,2821,3813,624,5   1518,502,16,511,1871,624,1   1131,684,12,1329,2335,468,2   276,491,14,2077,3243,546,3   1242,541,20,2330,3910,780,4   1422,645,20,2343,4463,780,4   1749,415,25,460,2350,974,1   841,499,16,3647,4979,624,5   557,543,10,2849,3753,390,4   522,388,24,3465,5175,936,4   1258,718,12,5582,6380,468,4   1072,451,15,118,1206,585,4   1490,350,18,3015,4019,702,2   1141,314,12,3514,4454,468,2   484,494,10,2785,3539,390,3   428,624,18,2326,4104,702,2   342,653,23,1252,3480,897,2   578,526,22,55,1401,858,2   1372,269,7,1693,2167,273,5   830,523,4,4150,4506,156,2   482,297,5,5613,5959,195,4   1602,373,29,4583,7249,1130,1   1486,588,10,5155,5851,390,2   649,414,25,1129,3467,974,5   1025,382,17,1906,3312,663,3   1065,439,14,5667,6931,546,1   660,685,6,6909,7431,234,5   656,350,16,2296,3738,624,1   989,787,23,5692,7190,897,2   905,667,8,3603,4053,312,5   1641,625,25,2961,4829,974,5   438,562,7,3888,4436,273,2   769,310,22,5650,7624,858,2   1748,516,26,4868,6324,1013,4   487,628,16,1835,2693,624,5   572,723,10,2602,3290,390,3   216,479,6,6634,7040,234,2   798,595,22,4950,6636,858,5   1297,866,28,4826,7194,1091,5   1021,106,11,4052,4840,429,3   1523,174,3,5971,6221,117,5   31,431,20,1510,3294,780,3   1776,656,3,4579,4781,117,1   1660,243,24,387,1925,936,5   1965,617,14,692,2098,546,2   284,442,8,4736,5320,312,4   312,522,25,3878,5770,974,1   467,589,20,330,1930,780,1
!----------------------------------------------------------------
!Recharge stations: x,y
300,0   732,403   1811,773   1333,923   292,524   532,607   1579,633   1365,729   1029,248   1581,368   930,657   1714,335   1549,605   1569,637   1008,253   1149,587   1442,744   1062,156   706,456   516,322   530,356   365,282   798,423   721,382   1015,299   1683,561   1554,537   673,449   614,348   1190,720

g inverse recharge rate 0.67
