!----------------------------------------------------------------
!Stores: (first: depot x,y; then: satellites x,y,maxCap)
300,0   1913,443,1000   1219,926,1000   608,792,1000   1816,280,1000
!----------------------------------------------------------------
!Trucks: (total#, cap, cost/dist, fixcost)
3,202,1,135   3,303,1,165
!----------------------------------------------------------------
!CityFreighters: (max cf/sat, total#, cap, cost/dist, fixcost, maxCharge, energyConsumption)
5,5,101,1,72,810,1   5,5,151,1,88,1210,1
!----------------------------------------------------------------
!Customers: (x, y, demand, readyTime, dueDate, serviceTime, penalizationCost)
623,450,10,1580,2390,415,5   281,390,29,0,2683,1203,2   884,287,9,2778,3448,373,3   1629,573,29,4321,7231,1203,1   974,731,8,4274,5008,332,4   529,469,12,6547,7727,498,5   1551,495,8,475,981,332,3   1351,754,3,4944,5198,124,4   602,631,10,1864,2496,415,2   898,367,3,680,916,124,1   1699,559,21,355,1995,871,3   378,609,17,6394,7300,705,5   370,498,3,1710,1982,124,5   469,445,17,5006,6326,705,3   1184,511,12,5662,6658,498,5   495,516,8,6196,6812,332,2   1495,720,6,3859,4395,249,3   530,438,28,3369,4817,1161,2   981,779,7,6458,7150,290,3   510,736,25,607,2501,1037,4   361,612,10,5994,6968,415,1   1250,678,25,1401,3283,1037,2   756,555,10,2112,2920,415,3   800,283,3,2558,2808,124,5   490,577,16,1311,2879,664,4   461,372,20,3118,4824,830,5   654,765,15,5290,6714,622,2   1709,537,25,4844,6732,1037,2   440,471,27,4221,6813,1120,1   571,333,21,2923,4841,871,1   1234,454,25,247,2121,1037,5   1631,401,20,4995,6633,830,4   598,321,13,4402,5814,539,3   1653,656,20,3236,5094,830,3   913,741,8,1543,2235,332,2   1356,482,28,5637,7809,1161,2   1699,452,29,4620,7652,1203,4   484,331,9,1885,2367,373,4   1148,231,7,3045,3455,290,2   1454,444,24,1650,3132,996,3   1784,634,11,5185,6195,456,2   1304,192,12,6277,7267,498,2   1100,315,12,3453,4311,498,4   1382,546,17,2636,3886,705,5   1638,743,29,5531,8227,1203,4   633,80,29,1966,3950,1203,3   1600,703,24,1427,3781,996,5   1675,196,3,2769,3077,124,4   1892,642,20,1263,2445,830,2   1161,242,23,3224,5684,954,2
!----------------------------------------------------------------
!Recharge stations: x,y
300,0   1913,443   1219,926   608,792   1816,280   1120,355   857,292   1951,593   934,802   1543,499   446,556   1631,279   618,418   876,562   1684,653

g inverse recharge rate 0.73
