!----------------------------------------------------------------
!Stores: (first: depot x,y; then: satellites x,y,maxCap)
300,0   1659,775,1000   808,901,1000   1591,509,1000   392,464,1000
!----------------------------------------------------------------
!Trucks: (total#, cap, cost/dist, fixcost)
3,202,1,135   3,303,1,165
!----------------------------------------------------------------
!CityFreighters: (max cf/sat, total#, cap, cost/dist, fixcost, maxCharge, energyConsumption)
5,5,101,1,72,810,1   5,5,151,1,88,1210,1
!----------------------------------------------------------------
!Customers: (x, y, demand, readyTime, dueDate, serviceTime, penalizationCost)
792,282,11,3236,4016,383,2   1380,598,3,3595,3847,104,2   618,441,29,2062,4474,1009,1   1553,584,13,281,1495,452,3   998,533,4,2815,3029,139,4   1244,774,6,2596,2982,209,4   884,770,19,4367,5983,661,5   1080,404,6,4497,4943,209,2   481,409,16,1693,2807,557,4   664,358,29,3988,6056,1009,4   1498,576,26,1892,3062,905,2   1652,651,22,3054,4434,765,1   622,687,23,3341,5165,800,4   900,495,19,3395,4869,661,2   719,221,10,5663,6363,348,2   579,264,11,5061,5955,383,2   1361,307,10,4485,5239,348,4   365,366,21,3160,4952,731,1   1258,562,20,2176,3896,696,1   1600,540,13,5692,6890,452,2   560,562,15,4852,5850,522,1   382,682,14,3918,4948,487,4   1757,481,28,927,2925,974,1   1129,555,13,4093,4859,452,4   1358,384,14,3055,4061,487,1   1222,388,22,5709,7187,765,3   447,529,25,2567,4855,870,2   986,327,10,1015,1699,348,4   1488,332,16,2097,2877,557,4   303,614,7,2540,2884,244,1   322,547,6,1804,2250,209,3   1167,396,19,2773,4351,661,4   1210,425,22,868,2698,765,4   1031,395,23,5145,6737,800,3   829,439,14,4421,5299,487,5   1062,223,29,4091,6255,1009,3   1714,373,20,1600,2972,696,1   1083,289,6,3394,3794,209,4   675,307,9,1481,1953,313,4   985,532,12,5559,6377,418,2   1507,186,27,3798,5474,939,4   1645,498,21,1427,2749,731,4   560,830,29,3218,5480,1009,1   46,552,28,1187,3427,974,1   98,507,12,3266,4108,418,1   1372,399,23,3706,5574,800,4   202,283,18,1382,2066,626,3   1186,634,22,4673,6189,765,1   764,580,6,4090,4514,209,3   1628,760,25,2155,3507,870,4
!----------------------------------------------------------------
!Recharge stations: x,y
300,0   1659,775   808,901   1591,509   392,464   1757,423   1107,6

g inverse recharge rate 0.65
