!----------------------------------------------------------------
!Stores: (first: depot x,y; then: satellites x,y,maxCap)
300,0   19,412,1000   1569,459,1000   942,291,1000   915,886,1000
!----------------------------------------------------------------
!Trucks: (total#, cap, cost/dist, fixcost)
3,202,1,135   3,303,1,165
!----------------------------------------------------------------
!CityFreighters: (max cf/sat, total#, cap, cost/dist, fixcost, maxCharge, energyConsumption)
5,5,101,1,72,810,1   5,5,151,1,88,1210,1
!----------------------------------------------------------------
!Customers: (x, y, demand, readyTime, dueDate, serviceTime, penalizationCost)
351,600,3,1092,1332,99,3   1478,561,13,5109,5971,429,2   343,526,13,1800,2776,429,1   1430,715,15,6006,6770,495,1   1180,363,24,2348,3504,793,2   1694,455,24,5366,6718,793,4   729,716,24,2877,4557,793,1   1431,751,7,5560,6122,231,4   1121,679,13,2623,3617,429,3   1730,487,7,5989,6369,231,4   1011,611,13,1920,2646,429,5   936,759,3,3919,4115,99,3   566,574,25,450,1838,826,5   1375,345,29,3716,5188,958,4   1404,295,8,5130,5716,264,5   1157,552,18,2942,4148,594,5   1088,740,15,5638,6684,495,3   1156,345,28,0,2506,925,2   297,560,11,1617,2583,363,5   335,368,23,3822,5350,760,3   455,416,20,1950,3294,661,1   1569,399,25,4836,6710,826,5   1106,454,25,3698,5586,826,1   1026,309,25,444,1852,826,4   1712,607,26,1686,4194,859,1   1667,468,18,995,2053,594,3   1326,541,21,5806,6790,694,2   446,474,16,458,1748,528,3   1027,276,15,2023,3027,495,2   601,343,28,4661,6013,925,1   1234,725,12,5739,6653,396,3   577,344,24,479,2031,793,5   997,505,28,4690,6076,925,2   689,655,11,2231,2867,363,3   820,475,7,5903,6141,231,1   1386,363,12,1859,2777,396,1   1374,619,28,471,2853,925,4   634,766,17,3934,5108,561,3   1069,762,11,1842,2496,363,4   1463,514,9,1492,1890,297,3   380,752,20,2219,3453,661,3   267,433,22,3004,4664,727,3   697,595,6,4364,4796,198,1   367,732,27,1366,3054,892,2   757,20,16,1735,2925,528,2   289,398,16,2785,4167,528,1   1696,780,24,1660,3296,793,3   1568,507,9,6322,6876,297,1   728,52,28,461,2321,925,2   708,701,21,5091,6551,694,5
!----------------------------------------------------------------
!Recharge stations: x,y
300,0   19,412   1569,459   942,291   915,886   472,502   1451,479   700,699   1437,418   1166,164

g inverse recharge rate 0.64
