!----------------------------------------------------------------
!Stores: (first: depot x,y; then: satellites x,y,maxCap)
300,0   941,202,1000   764,856,1000   989,385,1000   706,294,1000
!----------------------------------------------------------------
!Trucks: (total#, cap, cost/dist, fixcost)
3,202,1,135   3,303,1,165
!----------------------------------------------------------------
!CityFreighters: (max cf/sat, total#, cap, cost/dist, fixcost, maxCharge, energyConsumption)
5,5,101,1,72,810,1   5,5,151,1,88,1210,1
!----------------------------------------------------------------
!Customers: (x, y, demand, readyTime, dueDate, serviceTime, penalizationCost)
395,389,21,3171,4173,568,3   1351,406,17,1755,2615,459,5   811,620,26,979,2333,703,1   1558,318,7,2452,2848,189,2   1093,597,25,1990,3754,676,5   1670,525,9,1398,1966,243,1   1364,741,27,1725,3181,730,1   1108,353,6,1174,1530,162,4   811,277,23,3920,5132,622,5   570,613,13,1344,2126,351,1   695,289,23,1214,2020,622,2   617,241,8,3894,4192,216,5   1471,373,12,3747,4501,324,4   846,746,4,4000,4226,108,3   486,281,19,3601,4757,513,2   1423,306,24,1717,2615,649,2   1317,658,22,918,1658,595,2   1613,640,25,270,2092,676,2   1043,609,14,2712,3384,378,1   482,401,15,2647,3645,405,5   1375,313,14,1167,1897,378,5   1698,587,27,2088,3360,730,2   1425,250,7,4436,4834,189,5   1435,294,7,4672,5096,189,1   910,429,16,3776,4394,432,3   726,695,9,4199,4547,243,1   467,338,3,562,704,81,4   277,487,18,2086,3100,486,2   1079,513,15,1992,3050,405,1   341,514,12,3997,4545,324,1   875,338,16,0,866,432,1   331,498,15,275,965,405,1   314,395,15,949,1767,405,3   616,561,23,2263,3719,622,4   907,722,27,3433,4959,730,1   855,247,21,749,1407,568,4   1116,540,27,2908,4464,730,1   1531,429,10,1885,2425,270,3   582,522,10,1581,1985,270,4   628,409,11,34,736,297,2   1717,715,8,3760,4152,216,4   336,142,27,0,1717,730,2   1495,602,12,3253,3819,324,5   1059,62,13,3649,4619,351,5   1114,692,21,75,957,568,4   673,414,26,1124,2852,703,4   527,885,11,4535,4905,297,5   1841,629,20,3084,4450,540,4   1315,472,23,3993,5309,622,3   465,222,19,1735,3099,513,2
!----------------------------------------------------------------
!Recharge stations: x,y
300,0   941,202   764,856   989,385   706,294   1527,333   1472,253

g inverse recharge rate 0.49
