!----------------------------------------------------------------
!Stores: (first: depot x,y; then: satellites x,y,maxCap)
300,0   1104,923,1000   265,570,1000   1281,290,1000   997,241,1000
!----------------------------------------------------------------
!Trucks: (total#, cap, cost/dist, fixcost)
3,202,1,135   3,303,1,165
!----------------------------------------------------------------
!CityFreighters: (max cf/sat, total#, cap, cost/dist, fixcost, maxCharge, energyConsumption)
5,5,101,1,72,810,1   5,5,151,1,88,1210,1
!----------------------------------------------------------------
!Customers: (x, y, demand, readyTime, dueDate, serviceTime, penalizationCost)
1080,593,8,5575,6169,272,1   1753,528,17,2696,3820,578,1   445,400,22,5081,6239,748,2   812,373,17,4070,5244,578,3   1472,533,8,2996,3322,272,1   533,449,11,2201,2857,374,4   1500,396,28,3419,4749,951,3   783,520,8,1947,2551,272,5   447,670,25,2864,5342,849,2   1673,643,11,4000,4876,374,2   295,397,24,4147,4985,815,3   674,443,18,1400,2666,612,4   293,545,25,0,1902,849,3   941,487,4,2541,2777,136,5   1501,317,16,2607,3579,544,3   1263,474,8,3824,4202,272,1   1796,478,13,2460,3460,442,5   219,495,6,5110,5662,204,1   352,509,19,3803,5363,646,3   1628,651,7,5313,5879,238,3   1419,708,29,0,2309,985,4   1547,410,3,3096,3284,102,4   688,719,13,5775,6721,442,4   244,550,27,139,1873,917,3   1548,575,8,2446,3128,272,3   1494,578,22,3268,4754,748,5   1582,371,13,2122,3046,442,1   1183,560,28,3628,6214,951,1   1142,241,24,1693,3455,815,5   1203,670,19,4247,5759,646,4   1177,440,12,158,1034,408,3   549,720,22,1683,3483,748,4   1499,389,22,4543,6187,748,3   1019,209,10,625,1441,340,2   1299,607,28,110,2318,951,5   1198,224,16,4494,5346,544,5   1770,470,19,2212,3406,646,4   1127,515,22,2434,3838,748,4   603,584,8,2721,3417,272,3   1027,603,15,4316,5412,510,1   1772,355,3,3395,3641,102,4   744,204,11,5808,6490,374,2   1723,488,5,1772,2230,170,2   933,674,23,714,2926,781,5   1154,645,17,1005,2297,578,1   1093,727,27,774,2478,917,4   1683,195,24,2804,4216,815,1   220,563,6,3140,3586,204,1   1524,784,22,407,1531,748,3   1407,661,7,2434,2856,238,3
!----------------------------------------------------------------
!Recharge stations: x,y
300,0   1104,923   265,570   1281,290   997,241   1508,355   1486,550

g inverse recharge rate 0.6
