!----------------------------------------------------------------
!Stores: (first: depot x,y; then: satellites x,y,maxCap)
300,0   202,728,1000   890,151,1000   513,786,1000   1784,582,1000
!----------------------------------------------------------------
!Trucks: (total#, cap, cost/dist, fixcost)
3,202,1,135   3,303,1,165
!----------------------------------------------------------------
!CityFreighters: (max cf/sat, total#, cap, cost/dist, fixcost, maxCharge, energyConsumption)
5,5,101,1,72,810,1   5,5,151,1,88,1210,1
!----------------------------------------------------------------
!Customers: (x, y, demand, readyTime, dueDate, serviceTime, penalizationCost)
1750,415,9,4765,5293,325,5   841,486,16,5405,6873,577,2   899,411,18,5661,6779,650,4   388,556,12,5321,6377,433,1   393,583,29,3668,5600,1046,1   839,230,24,3595,4965,866,5   643,498,20,692,1596,722,1   337,493,29,695,3339,1046,3   999,763,12,4094,4948,433,2   1500,311,15,5357,6551,541,2   963,247,4,2612,2872,144,1   798,280,29,3707,4785,1046,1   577,520,6,2627,2951,217,1   1797,503,9,3060,3668,325,3   677,431,16,531,1407,577,3   824,704,7,6244,6572,253,2   459,457,24,144,2036,866,1   1114,683,29,4193,6167,1046,2   619,594,18,5671,6857,650,2   1160,259,7,6363,6911,253,3   1047,255,26,1940,3890,938,1   343,365,6,5195,5821,217,4   441,433,9,4111,4809,325,5   473,433,12,997,2035,433,2   407,687,26,5141,6159,938,2   790,432,16,1647,3189,577,2   1297,414,19,3074,4446,686,4   405,375,3,1849,2047,108,5   1439,389,25,1177,3219,902,1   594,417,9,6117,6635,325,3   341,609,23,2326,4374,830,3   775,660,11,3044,4008,397,3   352,634,22,3902,5066,794,5   357,638,10,2484,3090,361,2   1159,427,3,7106,7352,108,2   281,607,27,707,1919,974,2   1068,421,25,3897,6439,902,5   905,634,14,998,2126,505,1   1419,319,20,2235,3521,722,2   1686,485,28,2049,3987,1010,1   944,857,27,3505,5459,974,1   1666,342,10,3362,4232,361,3   1434,829,9,4043,4851,325,5   1057,640,13,4991,5903,469,4   364,687,25,1021,1995,902,1   409,496,20,647,1999,722,4   1720,468,29,3697,5903,1046,2   1379,702,24,24,2524,866,2   1772,212,16,3791,4761,577,1   1585,896,7,921,1355,253,1
!----------------------------------------------------------------
!Recharge stations: x,y
300,0   202,728   890,151   513,786   1784,582   448,468   986,218   351,644   341,622   717,273   826,244   365,552   746,715   636,773   1015,235

g inverse recharge rate 0.67
