!----------------------------------------------------------------
!Stores: (first: depot x,y; then: satellites x,y,maxCap)
300,0   1301,770,1000   254,805,1000   1042,125,1000   1949,604,1000
!----------------------------------------------------------------
!Trucks: (total#, cap, cost/dist, fixcost)
3,202,1,135   3,303,1,165
!----------------------------------------------------------------
!CityFreighters: (max cf/sat, total#, cap, cost/dist, fixcost, maxCharge, energyConsumption)
5,5,101,1,72,810,1   5,5,151,1,88,1210,1
!----------------------------------------------------------------
!Customers: (x, y, demand, readyTime, dueDate, serviceTime, penalizationCost)
629,336,12,4720,5594,496,4   460,387,11,4003,5047,455,3   1688,429,16,5247,6531,662,2   1449,542,25,672,2564,1034,3   1029,651,18,0,1501,745,5   747,647,19,3227,4563,786,1   944,670,19,3116,4932,786,4   459,321,9,3146,4186,372,2   748,672,13,1942,2832,538,5   1734,562,20,3589,5351,827,4   1006,523,10,1637,2545,414,3   1115,344,26,2386,5222,1075,1   525,572,20,444,2132,827,3   1099,637,15,5188,6370,620,3   1733,426,29,2295,4685,1200,5   1239,422,13,4861,5907,538,1   1582,312,21,1592,3154,869,3   1221,729,21,2648,4604,869,5   649,668,28,3490,5824,1158,2   1435,250,6,6325,6871,248,3   371,320,9,5736,6202,372,3   610,490,11,4826,5826,455,2   752,225,18,5434,6868,745,1   1763,453,14,5521,6371,579,4   865,652,6,2552,3006,248,5   749,601,9,6439,7001,372,3   397,456,7,3931,4385,290,1   716,621,10,4002,4670,414,5   1500,608,12,5179,6465,496,1   851,771,22,297,2335,910,2   1686,622,13,3519,4743,538,5   1555,455,11,3477,4571,455,5   680,485,6,7201,7503,248,2   1377,463,6,4460,4780,248,1   1630,501,6,2283,2821,248,2   1619,511,20,3723,5319,827,4   1578,620,11,6064,7236,455,4   387,409,15,508,1736,620,2   859,326,16,2874,4040,662,1   586,446,8,620,1294,331,4   1582,357,9,3786,4546,372,1   814,501,29,504,3236,1200,5   1113,156,28,1965,4371,1158,3   1276,752,24,0,1670,993,2   1706,620,19,4497,6305,786,2   1741,645,14,3044,4276,579,3   1451,629,15,4834,6226,620,5   1925,391,14,2598,3758,579,1   1433,513,6,3574,4078,248,5   1047,330,18,5289,6443,745,4
!----------------------------------------------------------------
!Recharge stations: x,y
300,0   1301,770   254,805   1042,125   1949,604   786,558   961,757   592,546   1796,454   1828,482   282,366   306,487   1226,891   1253,280   420,427   1251,482   1168,320   1721,411   990,186   1576,561

g inverse recharge rate 0.69
