!----------------------------------------------------------------
!Stores: (first: depot x,y; then: satellites x,y,maxCap)
300,0   54,456,1000   164,276,1000   1745,570,1000   1076,323,1000
!----------------------------------------------------------------
!Trucks: (total#, cap, cost/dist, fixcost)
3,202,1,135   3,303,1,165
!----------------------------------------------------------------
!CityFreighters: (max cf/sat, total#, cap, cost/dist, fixcost, maxCharge, energyConsumption)
5,5,101,1,72,810,1   5,5,151,1,88,1210,1
!----------------------------------------------------------------
!Customers: (x, y, demand, readyTime, dueDate, serviceTime, penalizationCost)
1267,379,15,2690,3936,656,1   588,332,25,2425,4673,1093,5   359,385,20,1216,2644,875,4   1711,446,21,835,2233,918,1   1748,553,14,721,1743,612,1   501,610,4,6332,6738,175,4   743,356,4,6250,6452,175,2   1253,700,20,508,2054,875,2   212,516,11,5919,6819,481,3   817,431,25,2943,5269,1093,3   473,323,12,5666,7138,525,3   884,530,20,457,2289,875,4   319,527,29,1023,3281,1268,1   1013,202,12,7147,8139,525,5   666,690,7,5406,5904,306,2   1380,521,10,3206,4166,437,4   1542,585,17,4662,6082,743,1   218,469,18,2147,3551,787,4   1642,509,17,6053,6965,743,3   1370,431,25,2241,4579,1093,1   1398,390,15,1762,2664,656,4   1556,315,11,5697,6411,481,4   294,594,4,4912,5198,175,2   350,659,5,7019,7577,219,2   446,593,14,5182,6312,612,2   1467,397,23,264,1968,1006,2   205,524,8,5114,5772,350,2   790,276,27,3813,5851,1181,3   364,353,18,5989,8161,787,1   1157,436,21,6011,7747,918,4   254,501,28,551,2889,1224,2   1672,607,20,4761,6761,875,4   1391,587,26,781,2195,1137,5   1096,593,4,2423,2719,175,2   1335,471,6,5294,5852,262,4   1178,614,23,4155,5847,1006,2   662,563,13,6877,7727,568,1   956,365,21,4811,6937,918,3   1175,619,22,5641,7347,962,4   1492,323,24,3909,5841,1049,4   1622,680,5,4269,4789,219,1   254,287,26,3391,6057,1137,2   1860,336,17,6226,7198,743,2   1588,369,10,4921,5985,437,5   1199,247,5,2355,2787,219,2   885,670,11,1292,2138,481,4   108,629,6,2554,3098,262,3   1456,199,9,2590,3644,394,4   599,646,12,6501,7717,525,1   384,157,5,3519,3961,219,3
!----------------------------------------------------------------
!Recharge stations: x,y
300,0   54,456   164,276   1745,570   1076,323   895,312   1052,600   1666,701

g inverse recharge rate 0.74
