!----------------------------------------------------------------
!Stores: (first: depot x,y; then: satellites x,y,maxCap)
300,400   520,640,777   390,100,777
!----------------------------------------------------------------
!Trucks: (total#, cap, cost/dist, fixcost)
2,324,1,135   1,484,1,165
!----------------------------------------------------------------
!CityFreighters: (max cf/sat, total#, cap, cost/dist, fixcost, maxCharge, energyConsumption)
2,2,130,1,72,510,1   3,3,194,1,88,762,1
!----------------------------------------------------------------
!Customers: (x, y, demand, readyTime, dueDate, serviceTime, penalizationCost)
370,520,7,1517,1803,137,1   490,490,30,800,2174,586,4   520,640,16,2756,3668,312,2   200,260,9,2807,3227,176,5   400,300,21,2826,3626,410,5   210,470,15,1424,1934,293,3   170,630,19,717,1637,371,5   310,620,23,1888,2690,449,2   520,330,11,1146,1596,215,4   510,210,5,2041,2211,98,2   420,410,19,1645,2459,371,4   310,320,29,2116,3138,566,4   50,250,23,454,1550,449,1   120,420,21,975,1639,410,1   360,160,10,3318,3630,195,3   520,410,15,1736,2320,293,2   270,230,3,1923,2013,59,2   170,330,41,857,3061,800,4   130,130,9,1901,2257,176,2   570,580,28,1781,2607,547,3   620,420,8,1847,2137,156,3   420,570,8,845,1181,156,1   160,570,16,1098,1652,312,3   80,520,10,3017,3477,195,3   70,380,28,854,1530,547,4   270,680,7,2092,2346,137,1   300,480,15,2281,2951,293,3   430,670,14,2276,2762,273,5   580,480,6,3320,3514,117,3   580,270,19,1773,2437,371,1   370,690,11,1879,2209,215,3   380,460,12,207,629,234,1   460,100,23,2143,2971,449,4   610,330,26,0,944,508,5   620,630,17,0,858,332,5   630,690,6,694,946,117,2   320,220,9,1913,2255,176,4   450,350,15,1937,2621,293,5   590,150,14,2389,2937,273,5   50,60,7,1277,1611,137,3   100,170,27,1761,3033,527,5   210,100,13,1137,1629,254,1   50,640,11,2295,2837,215,5   300,150,16,1614,2166,312,1   390,100,10,3286,3596,195,4   320,390,5,780,958,98,3   250,320,25,2680,3304,488,1   250,550,17,355,1109,332,3   480,280,18,1497,2313,351,2   560,370,10,2713,3233,195,5
!----------------------------------------------------------------
!Recharge stations: x,y
300,400   520,640   390,100   520,220   280,660

g inverse recharge rate 0.51
