!----------------------------------------------------------------
!Stores: (first: depot x,y; then: satellites x,y,maxCap)
2920,4950   3360,4750,29370   3200,4390,29370
!----------------------------------------------------------------
!Trucks: (total#, cap, cost/dist, fixcost)
2,16200,1,135   1,24200,1,165
!----------------------------------------------------------------
!CityFreighters: (max cf/sat, total#, cap, cost/dist, fixcost, maxCharge, energyConsumption)
2,2,6480,1,72,867,1   2,2,9680,1,88,1295,1
!----------------------------------------------------------------
!Customers: (x, y, demand, readyTime, dueDate, serviceTime, penalizationCost)
2980,4270,700,3039,3757,319,5   3090,4450,400,3554,3926,182,5   3070,4640,400,152,496,182,2   3360,4750,1200,1798,2986,546,1   3200,4390,40,4303,4341,18,3   3210,4370,80,4774,4834,36,4   3220,4370,2000,2172,4298,910,5   3230,4330,900,1216,2110,410,1   3240,4330,600,4726,5280,273,2   3230,4290,750,2632,3220,341,1   3140,4350,1500,3439,5109,683,1   3110,4420,150,1553,1659,68,2   3040,4270,250,3659,3907,114,2   2930,4210,1600,2627,4449,728,3   2960,4180,450,2716,3242,205,3   2610,3840,700,1193,1713,319,5   2970,4100,550,3113,3617,250,1   3150,4070,650,1745,2389,296,2   3140,4060,200,2593,2745,91,3   3210,3910,400,3990,4316,182,1   3210,3980,300,968,1206,137,2   3140,3940,1300,1414,2282,592,1   3130,3780,700,478,1208,319,4   3040,3820,750,1264,1958,341,3   2950,4020,1400,1642,2504,637,5   2830,4060,4000,0,3254,1820,3   2790,3990,600,1362,1904,273,1   2710,4010,1000,1557,2627,455,3   2640,4140,500,3077,3331,228,3   2770,4390,2500,1038,3408,1138,4   2900,4340,1700,56,1688,774,1   3190,4330,1100,2067,3257,501,5
!----------------------------------------------------------------
!Recharge stations: x,y
2920,4950   3360,4750   3200,4390   2680,4370   3220,4130

g inverse recharge rate 0.43
