!----------------------------------------------------------------
!Stores: (first: depot x,y; then: satellites x,y,maxCap)
300,400   490,490,777   270,230,777
!----------------------------------------------------------------
!Trucks: (total#, cap, cost/dist, fixcost)
2,324,1,135   1,484,1,165
!----------------------------------------------------------------
!CityFreighters: (max cf/sat, total#, cap, cost/dist, fixcost, maxCharge, energyConsumption)
2,2,130,1,72,478,1   3,3,194,1,88,714,1
!----------------------------------------------------------------
!Customers: (x, y, demand, readyTime, dueDate, serviceTime, penalizationCost)
370,520,7,1527,1789,107,3   490,490,30,0,504,458,2   520,640,16,786,1326,245,2   200,260,9,2274,2596,138,5   400,300,21,1624,2176,321,3   210,470,15,2351,2801,229,4   170,630,19,1545,2111,290,1   310,620,23,1882,2534,351,4   520,330,11,81,393,168,2   510,210,5,1623,1787,76,1   420,410,19,2307,2783,290,3   310,320,29,1582,2340,443,3   50,250,23,1437,2201,351,1   120,420,21,947,1711,321,4   360,160,10,1732,2080,153,2   520,410,15,604,1074,229,1   270,230,3,1195,1291,46,4   170,330,41,572,1346,627,1   130,130,9,2022,2332,138,1   570,580,28,629,1753,428,1   620,420,8,1001,1237,122,4   420,570,8,2112,2358,122,3   160,570,16,1935,2661,245,2   80,520,10,796,1156,153,2   70,380,28,1187,1789,428,1   270,680,7,2558,2790,107,2   300,480,15,1809,2251,229,3   430,670,14,1198,1618,214,2   580,480,6,1884,2016,92,1   580,270,19,580,1192,290,4   370,690,11,758,1086,168,2   380,460,12,87,357,183,2   460,100,23,922,1558,351,4   610,330,26,1984,2938,397,2   620,630,17,1209,1809,260,3   630,690,6,1350,1546,92,1   320,220,9,2361,2589,138,2   450,350,15,155,561,229,4   590,150,14,1090,1622,214,2   50,60,7,1039,1201,107,2   100,170,27,892,1862,413,1   210,100,13,175,657,199,5   50,640,11,1120,1586,168,2   300,150,16,2260,2740,245,4   390,100,10,1024,1252,153,5   320,390,5,941,1081,76,5   250,320,25,1332,2060,382,4   250,550,17,1350,2006,260,4   480,280,18,825,1493,275,5   560,370,10,2293,2753,153,4
!----------------------------------------------------------------
!Recharge stations: x,y
300,400   490,490   270,230   90,240   280,70

g inverse recharge rate 0.43
