!----------------------------------------------------------------
!Stores: (first: depot x,y; then: satellites x,y,maxCap)
2920,4950   2930,4210,29370   3140,3940,29370
!----------------------------------------------------------------
!Trucks: (total#, cap, cost/dist, fixcost)
2,16200,1,135   1,24200,1,165
!----------------------------------------------------------------
!CityFreighters: (max cf/sat, total#, cap, cost/dist, fixcost, maxCharge, energyConsumption)
2,2,6480,1,72,591,1   2,2,9680,1,88,883,1
!----------------------------------------------------------------
!Customers: (x, y, demand, readyTime, dueDate, serviceTime, penalizationCost)
2980,4270,700,508,926,212,3   3090,4450,400,1649,1817,121,1   3070,4640,400,2225,2473,121,5   3360,4750,1200,1622,2286,363,3   3200,4390,40,627,647,12,1   3210,4370,80,822,858,24,5   3220,4370,2000,1161,2435,605,2   3230,4330,900,2040,2504,272,3   3240,4330,600,2088,2432,182,2   3230,4290,750,612,1138,227,1   3140,4350,1500,1173,1857,454,5   3110,4420,150,2887,2979,45,3   3040,4270,250,173,303,76,2   2930,4210,1600,396,1632,484,4   2960,4180,450,3089,3461,136,5   2610,3840,700,2059,2461,212,1   2970,4100,550,1307,1587,166,1   3150,4070,650,501,867,197,5   3140,4060,200,1290,1408,61,4   3210,3910,400,2690,2896,121,1   3210,3980,300,1743,1939,91,5   3140,3940,1300,933,1823,394,5   3130,3780,700,676,1058,212,3   3040,3820,750,2148,2718,227,2   2950,4020,1400,1808,2694,424,1   2830,4060,4000,0,1960,1211,3   2790,3990,600,1907,2159,182,2   2710,4010,1000,648,1058,303,5   2640,4140,500,1378,1624,151,2   2770,4390,2500,561,2447,757,5   2900,4340,1700,751,1931,515,5   3190,4330,1100,302,824,333,3
!----------------------------------------------------------------
!Recharge stations: x,y
2920,4950   2930,4210   3140,3940   3320,4580   2810,4140

g inverse recharge rate 0.42
