!----------------------------------------------------------------
!Stores: (first: depot x,y; then: satellites x,y,maxCap)
1450,2150   1280,2310,22500   1560,2170,22500
!----------------------------------------------------------------
!Trucks: (total#, cap, cost/dist, fixcost)
2,12150,1,135   1,18150,1,165
!----------------------------------------------------------------
!CityFreighters: (max cf/sat, total#, cap, cost/dist, fixcost, maxCharge, energyConsumption)
2,2,4860,1,72,551,1   2,2,7260,1,88,823,1
!----------------------------------------------------------------
!Customers: (x, y, demand, readyTime, dueDate, serviceTime, penalizationCost)
1510,2640,1100,2224,2668,268,2   1590,2610,700,2534,2886,171,2   1300,2540,800,2173,2575,195,3   1280,2520,1400,542,1108,341,4   1630,2470,2100,984,1628,512,1   1460,2460,400,232,438,97,1   1610,2420,800,1159,1621,195,2   1420,2390,100,870,930,24,3   1630,2360,500,1475,1745,122,3   1480,2320,600,1835,2113,146,4   1280,2310,1200,1730,2428,292,1   1560,2170,1300,224,930,317,4   1290,2140,1300,2415,3011,317,4   1460,2080,300,962,1090,73,3   1640,2080,900,1081,1481,219,4   1410,2060,2100,1402,2544,512,3   1470,1930,1000,2351,3055,244,5   1640,1930,900,1721,2167,219,1   1290,1890,2500,1358,2076,609,1   1550,1850,1800,789,1599,439,1   1390,1820,700,801,1071,171,4
!----------------------------------------------------------------
!Recharge stations: x,y
1450,2150   1280,2310   1560,2170   1370,2520

g inverse recharge rate 0.42
