!----------------------------------------------------------------
!Stores: (first: depot x,y; then: satellites x,y,maxCap)
2920,4950   3090,4450,29370   3040,4270,29370
!----------------------------------------------------------------
!Trucks: (total#, cap, cost/dist, fixcost)
2,16200,1,135   1,24200,1,165
!----------------------------------------------------------------
!CityFreighters: (max cf/sat, total#, cap, cost/dist, fixcost, maxCharge, energyConsumption)
2,2,6480,1,72,737,1   2,2,9680,1,88,1101,1
!----------------------------------------------------------------
!Customers: (x, y, demand, readyTime, dueDate, serviceTime, penalizationCost)
2980,4270,700,322,638,198,3   3090,4450,400,1933,2201,113,5   3070,4640,400,2651,2873,113,5   3360,4750,1200,2123,2789,340,3   3200,4390,40,1874,1898,11,1   3210,4370,80,1810,1848,23,1   3220,4370,2000,1667,2629,567,3   3230,4330,900,0,470,255,5   3240,4330,600,524,864,170,1   3230,4290,750,780,1110,213,5   3140,4350,1500,337,1111,425,1   3110,4420,150,1370,1452,43,4   3040,4270,250,3205,3327,71,3   2930,4210,1600,1951,3035,454,1   2960,4180,450,2094,2290,128,5   2610,3840,700,675,1019,198,1   2970,4100,550,2404,2662,156,2   3150,4070,650,682,1034,184,4   3140,4060,200,2380,2514,57,5   3210,3910,400,1824,2046,113,2   3210,3980,300,2426,2554,85,4   3140,3940,1300,1680,2436,368,2   3130,3780,700,1546,1964,198,1   3040,3820,750,961,1265,213,1   2950,4020,1400,1331,2269,397,1   2830,4060,4000,228,2220,1134,2   2790,3990,600,2188,2556,170,5   2710,4010,1000,1735,2273,283,1   2640,4140,500,424,730,142,2   2770,4390,2500,0,1243,709,3   2900,4340,1700,1249,2033,482,2   3190,4330,1100,364,682,312,5
!----------------------------------------------------------------
!Recharge stations: x,y
2920,4950   3090,4450   3040,4270   2610,4640   2950,4050

g inverse recharge rate 0.31
