!----------------------------------------------------------------
!Stores: (first: depot x,y; then: satellites x,y,maxCap)
300,400   400,300,777   420,410,777   370,690,777   630,690,777
!----------------------------------------------------------------
!Trucks: (total#, cap, cost/dist, fixcost)
2,324,1,135   2,484,1,165
!----------------------------------------------------------------
!CityFreighters: (max cf/sat, total#, cap, cost/dist, fixcost, maxCharge, energyConsumption)
2,2,130,1,72,494,1   3,3,194,1,88,738,1
!----------------------------------------------------------------
!Customers: (x, y, demand, readyTime, dueDate, serviceTime, penalizationCost)
370,520,7,2071,2315,125,1   490,490,30,858,1744,534,5   520,640,16,1582,2180,285,5   200,260,9,2786,3076,160,5   400,300,21,1575,2573,374,5   210,470,15,1260,1752,267,2   170,630,19,598,1230,338,3   310,620,23,2371,3355,409,3   520,330,11,1456,1762,196,5   510,210,5,3108,3304,89,1   420,410,19,928,1600,338,4   310,320,29,691,1711,516,3   50,250,23,2154,3116,409,1   120,420,21,1809,2683,374,2   360,160,10,891,1303,178,5   520,410,15,719,1411,267,2   270,230,3,1401,1503,53,1   170,330,41,783,2487,730,1   130,130,9,1165,1437,160,1   570,580,28,1127,2403,498,3   620,420,8,1329,1623,142,5   420,570,8,2513,2801,142,2   160,570,16,1523,1997,285,5   80,520,10,2258,2562,178,2   70,380,28,1714,2812,498,1   270,680,7,2171,2437,125,5   300,480,15,227,821,267,4   430,670,14,706,1336,249,2   580,480,6,2891,3177,107,5   580,270,19,2347,2717,338,2   370,690,11,2944,3418,196,5   380,460,12,1778,2182,214,3   460,100,23,351,989,409,2   610,330,26,1372,2294,463,1   620,630,17,627,1273,303,4   630,690,6,3127,3363,107,5   320,220,9,1326,1738,160,1   450,350,15,1493,2133,267,3   590,150,14,1310,1726,249,1   50,60,7,2568,2780,125,1   100,170,27,1514,2470,481,3   210,100,13,672,1044,231,5   50,640,11,2642,2898,196,2   300,150,16,739,1377,285,2   390,100,10,2165,2501,178,2   320,390,5,3233,3459,89,3   250,320,25,539,1441,445,5   250,550,17,554,1072,303,5   480,280,18,127,809,320,1   560,370,10,2863,3285,178,3
!----------------------------------------------------------------
!Recharge stations: x,y
300,400   400,300   420,410   370,690   630,690

g inverse recharge rate 0.48
