!----------------------------------------------------------------
!Stores: (first: depot x,y; then: satellites x,y,maxCap)
2920,4950   2980,4270,29370   3240,4330,29370
!----------------------------------------------------------------
!Trucks: (total#, cap, cost/dist, fixcost)
2,16200,1,135   1,24200,1,165
!----------------------------------------------------------------
!CityFreighters: (max cf/sat, total#, cap, cost/dist, fixcost, maxCharge, energyConsumption)
2,2,6480,1,72,932,1   2,2,9680,1,88,1392,1
!----------------------------------------------------------------
!Customers: (x, y, demand, readyTime, dueDate, serviceTime, penalizationCost)
2980,4270,700,1561,2001,195,4   3090,4450,400,1126,1332,111,3   3070,4640,400,1913,2083,111,1   3360,4750,1200,1464,2216,334,3   3200,4390,40,941,965,11,4   3210,4370,80,2430,2458,22,3   3220,4370,2000,1398,2502,557,4   3230,4330,900,1416,1806,250,1   3240,4330,600,18,352,167,2   3230,4290,750,2283,2885,209,2   3140,4350,1500,2267,2927,417,1   3110,4420,150,1747,1819,42,3   3040,4270,250,1088,1226,70,1   2930,4210,1600,2146,3066,445,2   2960,4180,450,421,793,125,3   2610,3840,700,1287,1765,195,5   2970,4100,550,1373,1695,153,4   3150,4070,650,1194,1522,181,2   3140,4060,200,978,1060,56,3   3210,3910,400,1997,2187,111,2   3210,3980,300,2010,2144,83,4   3140,3940,1300,87,817,362,1   3130,3780,700,2353,2759,195,2   3040,3820,750,2348,2576,209,2   2950,4020,1400,2322,2980,390,2   2830,4060,4000,542,2508,1113,2   2790,3990,600,561,971,167,5   2710,4010,1000,1583,1959,278,5   2640,4140,500,1171,1403,139,5   2770,4390,2500,692,2242,696,4   2900,4340,1700,1031,1937,473,5   3190,4330,1100,523,937,306,2
!----------------------------------------------------------------
!Recharge stations: x,y
2920,4950   2980,4270   3240,4330   3160,3990   2920,4390

g inverse recharge rate 0.24
