!----------------------------------------------------------------
!Stores: (first: depot x,y; then: satellites x,y,maxCap)
300,400   300,480,777   250,320,777
!----------------------------------------------------------------
!Trucks: (total#, cap, cost/dist, fixcost)
2,324,1,135   1,484,1,165
!----------------------------------------------------------------
!CityFreighters: (max cf/sat, total#, cap, cost/dist, fixcost, maxCharge, energyConsumption)
2,2,130,1,72,478,1   3,3,194,1,88,714,1
!----------------------------------------------------------------
!Customers: (x, y, demand, readyTime, dueDate, serviceTime, penalizationCost)
370,520,7,2559,2707,98,3   490,490,30,853,1767,421,4   520,640,16,1680,2190,225,5   200,260,9,1391,1645,126,1   400,300,21,1911,2543,295,2   210,470,15,636,992,211,3   170,630,19,2012,2504,267,5   310,620,23,1576,2284,323,1   520,330,11,139,489,154,3   510,210,5,858,1030,70,4   420,410,19,565,1123,267,3   310,320,29,365,1347,407,2   50,250,23,70,792,323,5   120,420,21,1571,2181,295,4   360,160,10,2325,2691,140,3   520,410,15,922,1368,211,1   270,230,3,568,658,42,2   170,330,41,836,2092,576,2   130,130,9,344,568,126,5   570,580,28,1657,2501,393,4   620,420,8,355,581,112,4   420,570,8,1673,1963,112,3   160,570,16,971,1459,225,2   80,520,10,1839,2089,140,1   70,380,28,1547,2339,393,3   270,680,7,2405,2639,98,5   300,480,15,1199,1535,211,5   430,670,14,1971,2285,197,1   580,480,6,1909,2073,84,3   580,270,19,1669,2139,267,3   370,690,11,926,1264,154,3   380,460,12,2248,2554,168,5   460,100,23,1458,2184,323,1   610,330,26,88,1162,365,2   620,630,17,1827,2417,239,5   630,690,6,1689,1877,84,4   320,220,9,1535,1809,126,5   450,350,15,1635,2029,211,3   590,150,14,1070,1564,197,3   50,60,7,1474,1634,98,1   100,170,27,1263,2203,379,4   210,100,13,495,865,183,3   50,640,11,493,805,154,1   300,150,16,589,891,225,5   390,100,10,2071,2335,140,4   320,390,5,99,243,70,1   250,320,25,0,624,351,4   250,550,17,1615,2161,239,5   480,280,18,1045,1617,253,5   560,370,10,175,457,140,1
!----------------------------------------------------------------
!Recharge stations: x,y
300,400   300,480   250,320   620,360   30,260

g inverse recharge rate 0.39
