!----------------------------------------------------------------
!Stores: (first: depot x,y; then: satellites x,y,maxCap)
300,400   370,520,777   520,640,777   520,410,777   390,100,777
!----------------------------------------------------------------
!Trucks: (total#, cap, cost/dist, fixcost)
2,324,1,135   2,484,1,165
!----------------------------------------------------------------
!CityFreighters: (max cf/sat, total#, cap, cost/dist, fixcost, maxCharge, energyConsumption)
2,2,130,1,72,535,1   3,3,194,1,88,799,1
!----------------------------------------------------------------
!Customers: (x, y, demand, readyTime, dueDate, serviceTime, penalizationCost)
370,520,7,642,958,120,4   490,490,30,1091,1971,513,4   520,640,16,390,1116,274,4   200,260,9,745,1013,154,1   400,300,21,1805,2581,359,5   210,470,15,1736,2190,257,4   170,630,19,198,752,325,1   310,620,23,0,675,393,4   520,330,11,499,991,188,3   510,210,5,2990,3182,86,5   420,410,19,1338,2000,325,3   310,320,29,1249,2439,496,3   50,250,23,2158,3118,393,4   120,420,21,122,860,359,2   360,160,10,1162,1422,171,5   520,410,15,1837,2335,257,2   270,230,3,1792,1888,51,1   170,330,41,1288,2456,701,1   130,130,9,935,1215,154,4   570,580,28,2288,3336,479,4   620,420,8,1117,1391,137,1   420,570,8,463,755,137,2   160,570,16,213,889,274,1   80,520,10,1987,2327,171,4   70,380,28,328,1292,479,4   270,680,7,2814,3132,120,3   300,480,15,157,623,257,4   430,670,14,737,1159,239,2   580,480,6,1597,1807,103,4   580,270,19,0,724,325,5   370,690,11,1648,2014,188,5   380,460,12,1578,2006,205,3   460,100,23,349,1245,393,1   610,330,26,575,1653,445,1   620,630,17,1091,1563,291,1   630,690,6,694,934,103,4   320,220,9,1082,1436,154,5   450,350,15,923,1303,257,2   590,150,14,2253,2903,239,3   50,60,7,491,725,120,3   100,170,27,1947,2855,462,5   210,100,13,2200,2684,222,1   50,640,11,1351,1823,188,1   300,150,16,705,1193,274,3   390,100,10,2393,2779,171,3   320,390,5,2734,2892,86,3   250,320,25,955,1723,428,1   250,550,17,1146,1728,291,1   480,280,18,483,1163,308,1   560,370,10,1431,1755,171,3
!----------------------------------------------------------------
!Recharge stations: x,y
300,400   370,520   520,640   520,410   390,100

g inverse recharge rate 0.43
