!----------------------------------------------------------------
!Stores: (first: depot x,y; then: satellites x,y,maxCap)
300,400   200,260,777   320,390,777
!----------------------------------------------------------------
!Trucks: (total#, cap, cost/dist, fixcost)
2,324,1,135   1,484,1,165
!----------------------------------------------------------------
!CityFreighters: (max cf/sat, total#, cap, cost/dist, fixcost, maxCharge, energyConsumption)
2,2,130,1,72,510,1   3,3,194,1,88,762,1
!----------------------------------------------------------------
!Customers: (x, y, demand, readyTime, dueDate, serviceTime, penalizationCost)
370,520,7,448,730,102,4   490,490,30,525,1365,437,5   520,640,16,1672,2032,233,1   200,260,9,698,972,131,4   400,300,21,1670,2370,306,4   210,470,15,1472,2030,218,1   170,630,19,202,782,277,5   310,620,23,1705,2191,335,1   520,330,11,372,724,160,2   510,210,5,707,831,73,2   420,410,19,1668,2160,277,2   310,320,29,0,934,422,2   50,250,23,405,1123,335,2   120,420,21,1250,1778,306,1   360,160,10,1749,2011,146,3   520,410,15,157,619,218,3   270,230,3,2087,2173,44,2   170,330,41,0,1429,597,3   130,130,9,201,495,131,3   570,580,28,1077,1867,408,5   620,420,8,1523,1735,116,2   420,570,8,1244,1488,116,1   160,570,16,1075,1667,233,1   80,520,10,1258,1554,146,5   70,380,28,1362,2140,408,4   270,680,7,994,1254,102,2   300,480,15,1492,1862,218,5   430,670,14,623,1075,204,1   580,480,6,1980,2140,87,2   580,270,19,1865,2289,277,1   370,690,11,1169,1473,160,1   380,460,12,2165,2563,175,2   460,100,23,836,1670,335,3   610,330,26,11,833,379,2   620,630,17,1638,2090,248,3   630,690,6,1084,1248,87,3   320,220,9,1088,1318,131,3   450,350,15,764,1290,218,4   590,150,14,781,1209,204,3   50,60,7,2009,2185,102,3   100,170,27,1682,2364,393,2   210,100,13,986,1446,189,4   50,640,11,2259,2557,160,4   300,150,16,1722,2242,233,2   390,100,10,128,474,146,1   320,390,5,231,389,73,1   250,320,25,2155,2841,364,2   250,550,17,1712,2244,248,1   480,280,18,1737,2411,262,3   560,370,10,498,758,146,3
!----------------------------------------------------------------
!Recharge stations: x,y
300,400   200,260   320,390   570,330   490,490

g inverse recharge rate 0.38
