!----------------------------------------------------------------
!Stores: (first: depot x,y; then: satellites x,y)
1450,2150   1480,2320   1460,2080
!----------------------------------------------------------------
!Trucks: (total#, cap, cost/dist, fixcost)
2,12150,1,135   1,18150,1,165
!----------------------------------------------------------------
!CityFreighters: (max cf/sat, total#, cap, cost/dist, fixcost, maxCharge, energyConsumption)
2,2,4860,1,72,470,1   2,2,7260,1,88,702,1
!----------------------------------------------------------------
!Customers: (x, y, demand, readyTime, dueDate, serviceTime, penalizationCost)
1510,2640,1100,1051,1521,247,1   1590,2610,700,2370,2642,157,1   1300,2540,800,1931,2329,180,1   1280,2520,1400,2058,2660,314,1   1630,2470,2100,307,1567,471,1   1460,2460,400,1054,1230,90,1   1610,2420,800,1080,1362,180,1   1420,2390,100,2398,2444,22,1   1630,2360,500,204,446,112,1   1480,2320,600,2086,2334,135,1   1280,2310,1200,424,980,269,1   1560,2170,1300,538,988,292,1   1290,2140,1300,1505,2171,292,1   1460,2080,300,91,211,67,1   1640,2080,900,2106,2464,202,1   1410,2060,2100,0,768,471,1   1470,1930,1000,537,913,224,1   1640,1930,900,2100,2484,202,1   1290,1890,2500,1001,2209,561,1   1550,1850,1800,1403,2299,404,1   1390,1820,700,2215,2533,157,1
!----------------------------------------------------------------
!Recharge stations: x,y
1450,2150   1480,2320   1460,2080   1600,2500

g inverse recharge rate 2
T min departure time 0
