!----------------------------------------------------------------
!Stores: (first: depot x,y; then: satellites x,y,maxCap)
300,400   210,470,777   310,320,777   380,460,777   320,220,777
!----------------------------------------------------------------
!Trucks: (total#, cap, cost/dist, fixcost)
2,324,1,135   2,484,1,165
!----------------------------------------------------------------
!CityFreighters: (max cf/sat, total#, cap, cost/dist, fixcost, maxCharge, energyConsumption)
2,2,130,1,72,462,1   3,3,194,1,88,690,1
!----------------------------------------------------------------
!Customers: (x, y, demand, readyTime, dueDate, serviceTime, penalizationCost)
370,520,7,1813,1995,100,3   490,490,30,1900,2690,430,4   520,640,16,1991,2509,229,2   200,260,9,2421,2603,129,4   400,300,21,1115,1771,301,1   210,470,15,1436,2026,215,3   170,630,19,2,634,272,4   310,620,23,970,1600,329,1   520,330,11,1821,2223,158,5   510,210,5,1742,1882,72,2   420,410,19,979,1477,272,2   310,320,29,366,1148,415,1   50,250,23,1921,2619,329,2   120,420,21,1744,2498,301,5   360,160,10,2202,2514,143,2   520,410,15,765,1167,215,3   270,230,3,1128,1218,43,4   170,330,41,970,2338,587,2   130,130,9,1200,1442,129,1   570,580,28,509,1149,401,5   620,420,8,1736,2010,115,1   420,570,8,2245,2489,115,2   160,570,16,932,1436,229,5   80,520,10,536,792,143,1   70,380,28,681,1307,401,3   270,680,7,314,500,100,4   300,480,15,1166,1380,215,2   430,670,14,1186,1618,201,2   580,480,6,1956,2150,86,5   580,270,19,1294,1648,272,5   370,690,11,353,565,158,5   380,460,12,215,629,172,2   460,100,23,1213,1579,329,3   610,330,26,145,731,372,5   620,630,17,1987,2399,244,4   630,690,6,1372,1504,86,4   320,220,9,2007,2255,129,5   450,350,15,1080,1576,215,4   590,150,14,1434,1754,201,1   50,60,7,1582,1848,100,4   100,170,27,1507,2175,387,1   210,100,13,49,671,186,2   50,640,11,1295,1637,158,4   300,150,16,2143,2429,229,3   390,100,10,488,784,143,2   320,390,5,909,1015,72,5   250,320,25,1269,1943,358,3   250,550,17,190,808,244,2   480,280,18,1747,2161,258,3   560,370,10,654,982,143,2
!----------------------------------------------------------------
!Recharge stations: x,y
300,400   210,470   310,320   380,460   320,220

g inverse recharge rate 0.41
