!----------------------------------------------------------------
!Stores: (first: depot x,y; then: satellites x,y,maxCap)
300,400   210,470,777   310,320,777
!----------------------------------------------------------------
!Trucks: (total#, cap, cost/dist, fixcost)
2,324,1,135   1,484,1,165
!----------------------------------------------------------------
!CityFreighters: (max cf/sat, total#, cap, cost/dist, fixcost, maxCharge, energyConsumption)
2,2,130,1,72,494,1   3,3,194,1,88,738,1
!----------------------------------------------------------------
!Customers: (x, y, demand, readyTime, dueDate, serviceTime, penalizationCost)
370,520,7,1896,2038,100,3   490,490,30,675,1591,430,1   520,640,16,1094,1558,230,3   200,260,9,157,427,129,3   400,300,21,1693,2339,301,2   210,470,15,84,524,215,4   170,630,19,1162,1620,273,1   310,620,23,1993,2603,330,3   520,330,11,884,1222,158,3   510,210,5,1374,1570,72,5   420,410,19,1248,1574,273,3   310,320,29,1551,2605,416,3   50,250,23,730,1488,330,4   120,420,21,1114,1740,301,2   360,160,10,1238,1616,143,3   520,410,15,92,512,215,5   270,230,3,2574,2648,43,4   170,330,41,1446,2586,588,3   130,130,9,903,1129,129,4   570,580,28,508,1188,402,1   620,420,8,1982,2236,115,1   420,570,8,831,1049,115,1   160,570,16,284,760,230,2   80,520,10,1800,2220,143,2   70,380,28,29,833,402,2   270,680,7,444,570,100,1   300,480,15,45,397,215,4   430,670,14,288,710,201,4   580,480,6,2270,2446,86,3   580,270,19,698,1312,273,3   370,690,11,419,727,158,4   380,460,12,798,1146,172,4   460,100,23,139,733,330,2   610,330,26,94,770,373,3   620,630,17,1535,2005,244,3   630,690,6,1715,1895,86,5   320,220,9,984,1180,129,5   450,350,15,1953,2229,215,5   590,150,14,1801,2259,201,3   50,60,7,690,990,100,4   100,170,27,1101,2023,387,2   210,100,13,936,1332,187,1   50,640,11,2294,2598,158,5   300,150,16,1376,2042,230,4   390,100,10,1901,2133,143,2   320,390,5,916,1116,72,4   250,320,25,1540,2174,359,1   250,550,17,411,889,244,3   480,280,18,268,726,258,1   560,370,10,285,509,143,5
!----------------------------------------------------------------
!Recharge stations: x,y
300,400   210,470   310,320   350,620   630,430

g inverse recharge rate 0.39
