!----------------------------------------------------------------
!Stores: (first: depot x,y; then: satellites x,y,maxCap)
300,400   270,680,777   320,390,777
!----------------------------------------------------------------
!Trucks: (total#, cap, cost/dist, fixcost)
2,324,1,135   1,484,1,165
!----------------------------------------------------------------
!CityFreighters: (max cf/sat, total#, cap, cost/dist, fixcost, maxCharge, energyConsumption)
2,2,130,1,72,510,1   3,3,194,1,88,762,1
!----------------------------------------------------------------
!Customers: (x, y, demand, readyTime, dueDate, serviceTime, penalizationCost)
370,520,7,425,685,115,2   490,490,30,2063,2699,494,3   520,640,16,797,1489,263,1   200,260,9,918,1254,148,2   400,300,21,1931,2583,346,4   210,470,15,877,1439,247,2   170,630,19,507,991,313,3   310,620,23,1048,2050,379,3   520,330,11,174,578,181,5   510,210,5,1827,2023,82,5   420,410,19,623,1261,313,4   310,320,29,711,1711,477,3   50,250,23,327,1185,379,2   120,420,21,223,887,346,5   360,160,10,1092,1366,165,3   520,410,15,1458,2006,247,1   270,230,3,2056,2196,49,2   170,330,41,53,1697,675,5   130,130,9,1176,1508,148,3   570,580,28,1260,2272,461,4   620,420,8,2689,2929,132,3   420,570,8,1118,1326,132,1   160,570,16,2187,2673,263,3   80,520,10,2617,2979,165,2   70,380,28,252,1314,461,2   270,680,7,353,731,115,5   300,480,15,2668,3238,247,1   430,670,14,2364,2870,230,4   580,480,6,1476,1706,99,3   580,270,19,1932,2552,313,5   370,690,11,1701,2159,181,5   380,460,12,1843,2263,197,1   460,100,23,758,1448,379,1   610,330,26,1550,2240,428,3   620,630,17,1319,2059,280,1   630,690,6,1443,1603,99,4   320,220,9,1904,2264,148,3   450,350,15,2272,2618,247,2   590,150,14,1933,2323,230,5   50,60,7,1198,1418,115,4   100,170,27,1257,2543,444,1   210,100,13,2122,2604,214,2   50,640,11,2506,2986,181,5   300,150,16,278,716,263,3   390,100,10,2167,2393,165,3   320,390,5,939,1159,82,5   250,320,25,435,1201,411,1   250,550,17,2600,3106,280,4   480,280,18,1040,1574,296,3   560,370,10,2401,2639,165,5
!----------------------------------------------------------------
!Recharge stations: x,y
300,400   270,680   320,390   470,250   620,170

g inverse recharge rate 0.43
