!----------------------------------------------------------------
!Stores: (first: depot x,y; then: satellites x,y,maxCap)
300,400   510,210,777   170,330,777   270,680,777   320,390,777
!----------------------------------------------------------------
!Trucks: (total#, cap, cost/dist, fixcost)
2,324,1,135   2,484,1,165
!----------------------------------------------------------------
!CityFreighters: (max cf/sat, total#, cap, cost/dist, fixcost, maxCharge, energyConsumption)
2,2,130,1,72,510,1   3,3,194,1,88,762,1
!----------------------------------------------------------------
!Customers: (x, y, demand, readyTime, dueDate, serviceTime, penalizationCost)
370,520,7,157,373,116,2   490,490,30,1579,2687,497,3   520,640,16,1693,2275,265,5   200,260,9,1853,2173,149,4   400,300,21,1147,1865,348,3   210,470,15,273,835,249,1   170,630,19,266,772,315,1   310,620,23,0,754,381,3   520,330,11,341,727,182,1   510,210,5,1360,1482,83,3   420,410,19,1025,1821,315,4   310,320,29,1819,2743,480,2   50,250,23,888,1702,381,5   120,420,21,45,1041,348,2   360,160,10,159,537,166,5   520,410,15,360,804,249,2   270,230,3,1704,1836,50,2   170,330,41,0,1484,679,2   130,130,9,1487,1781,149,4   570,580,28,1039,1667,464,5   620,420,8,1768,2026,133,5   420,570,8,2836,3082,133,4   160,570,16,323,687,265,3   80,520,10,968,1230,166,1   70,380,28,2100,3062,464,4   270,680,7,2885,3105,116,1   300,480,15,1880,2422,249,2   430,670,14,2534,3112,232,3   580,480,6,1853,2023,99,2   580,270,19,799,1359,315,4   370,690,11,2016,2272,182,3   380,460,12,1712,2140,199,5   460,100,23,0,800,381,2   610,330,26,320,1114,431,3   620,630,17,735,1503,282,4   630,690,6,2034,2276,99,3   320,220,9,914,1200,149,2   450,350,15,145,671,249,1   590,150,14,1539,2083,232,3   50,60,7,2213,2417,116,5   100,170,27,47,769,447,4   210,100,13,788,1220,215,3   50,640,11,276,638,182,5   300,150,16,1196,1736,265,1   390,100,10,2075,2445,166,2   320,390,5,130,268,83,5   250,320,25,0,696,414,2   250,550,17,1254,1870,282,3   480,280,18,148,998,298,1   560,370,10,196,560,166,5
!----------------------------------------------------------------
!Recharge stations: x,y
300,400   510,210   170,330   270,680   320,390

g inverse recharge rate 0.43
