!----------------------------------------------------------------
!Stores: (first: depot x,y; then: satellites x,y,maxCap)
2920,4950   3220,4370,29370   2950,4020,29370
!----------------------------------------------------------------
!Trucks: (total#, cap, cost/dist, fixcost)
2,16200,1,135   1,24200,1,165
!----------------------------------------------------------------
!CityFreighters: (max cf/sat, total#, cap, cost/dist, fixcost, maxCharge, energyConsumption)
2,2,6480,1,72,672,1   2,2,9680,1,88,1004,1
!----------------------------------------------------------------
!Customers: (x, y, demand, readyTime, dueDate, serviceTime, penalizationCost)
2980,4270,700,2819,3297,210,4   3090,4450,400,699,967,120,5   3070,4640,400,2794,3024,120,5   3360,4750,1200,2146,2904,359,2   3200,4390,40,1564,1590,12,5   3210,4370,80,370,414,24,2   3220,4370,2000,844,2068,599,3   3230,4330,900,955,1685,270,3   3240,4330,600,359,675,180,4   3230,4290,750,905,1449,225,2   3140,4350,1500,0,713,449,5   3110,4420,150,2904,3004,45,1   3040,4270,250,2016,2162,75,2   2930,4210,1600,2037,3265,479,5   2960,4180,450,1693,2033,135,2   2610,3840,700,1289,1709,210,5   2970,4100,550,1604,1918,165,3   3150,4070,650,1334,1752,195,1   3140,4060,200,1894,2064,60,2   3210,3910,400,2731,2969,120,3   3210,3980,300,1334,1526,90,4   3140,3940,1300,153,705,389,5   3130,3780,700,1782,2218,210,1   3040,3820,750,2469,3019,225,1   2950,4020,1400,0,776,419,4   2830,4060,4000,0,1883,1198,4   2790,3990,600,1447,1897,180,5   2710,4010,1000,1120,1740,300,3   2640,4140,500,2694,2986,150,5   2770,4390,2500,0,1911,749,4   2900,4340,1700,1041,2203,509,4   3190,4330,1100,2769,3339,329,2
!----------------------------------------------------------------
!Recharge stations: x,y
2920,4950   3220,4370   2950,4020   2940,4300   2900,3810

g inverse recharge rate 0.36
