!----------------------------------------------------------------
!Stores: (first: depot x,y; then: satellites x,y,maxCap)
1450,2150   1460,2460,22500   1470,1930,22500
!----------------------------------------------------------------
!Trucks: (total#, cap, cost/dist, fixcost)
2,12150,1,135   1,18150,1,165
!----------------------------------------------------------------
!CityFreighters: (max cf/sat, total#, cap, cost/dist, fixcost, maxCharge, energyConsumption)
2,2,4860,1,72,381,1   2,2,7260,1,88,569,1
!----------------------------------------------------------------
!Customers: (x, y, demand, readyTime, dueDate, serviceTime, penalizationCost)
1510,2640,1100,2227,2861,298,5   1590,2610,700,2429,2745,189,1   1300,2540,800,1860,2258,216,2   1280,2520,1400,1055,1609,379,1   1630,2470,2100,1351,2513,568,1   1460,2460,400,2482,2726,108,5   1610,2420,800,1311,1785,216,5   1420,2390,100,606,672,27,2   1630,2360,500,567,919,135,2   1480,2320,600,2813,3275,162,1   1280,2310,1200,459,1167,325,2   1560,2170,1300,779,1401,352,4   1290,2140,1300,185,845,352,1   1460,2080,300,3052,3246,81,1   1640,2080,900,1548,1888,243,3   1410,2060,2100,1645,2723,568,3   1470,1930,1000,720,1236,270,3   1640,1930,900,395,927,243,4   1290,1890,2500,401,1429,676,2   1550,1850,1800,392,1340,487,1   1390,1820,700,3015,3475,189,5
!----------------------------------------------------------------
!Recharge stations: x,y
1450,2150   1460,2460   1470,1930   1200,2430

g inverse recharge rate 0.68
