!----------------------------------------------------------------
!Stores: (first: depot x,y; then: satellites x,y,maxCap)
10,10   640,420,1458   350,690,1458   420,70,1458   60,380,1458
!----------------------------------------------------------------
!Trucks: (total#, cap, cost/dist, fixcost)
4,448,1,150
!----------------------------------------------------------------
!CityFreighters: (max cf/sat, total#, cap, cost/dist, fixcost, maxCharge, energyConsumption)
100,100,112,1,80,540,1
!----------------------------------------------------------------
!Customers: (x, y, demand, readyTime, dueDate, serviceTime, penalizationCost)
410,490,10,2731,3215,218,5   350,170,7,544,872,152,1   550,450,13,1268,1860,283,3   550,200,19,1640,2222,414,4   150,300,26,715,1429,566,5   250,300,3,766,848,65,3   200,500,5,1270,1524,109,1   100,430,9,1764,2054,196,4   550,600,16,836,1476,349,4   300,600,16,2599,3409,349,1   200,650,12,2909,3337,261,2   500,350,19,1450,2390,414,3   300,250,23,0,936,501,5   150,100,20,2230,3020,436,2   300,50,8,1703,1923,174,2   100,200,19,1950,2604,414,3   50,300,2,1628,1728,44,2   200,400,12,52,606,261,5   150,600,17,2234,2860,370,5   450,650,9,1823,2165,196,3   450,200,11,1857,2121,240,4   450,100,18,681,1503,392,3   550,50,29,281,1083,632,4   650,350,3,2643,2765,65,1   650,200,6,2339,2651,131,4   450,300,17,1878,2642,370,3   350,400,16,1639,2513,349,2   410,370,16,1926,2636,349,5   640,420,9,434,864,196,5   400,600,21,624,1454,457,5   310,520,27,2641,3893,588,2   350,690,23,150,986,501,5   530,520,11,277,887,240,5   650,550,14,1483,2047,305,1   630,650,8,1824,2168,174,5   20,600,5,746,938,109,5   200,200,8,1673,1995,174,2   50,50,16,1070,1584,349,2   600,120,31,0,1096,675,3   400,250,9,3038,3476,196,3   420,70,5,2836,3050,109,3   240,120,5,2868,3064,109,4   230,30,7,1468,1760,152,3   110,140,18,1137,1807,392,1   60,380,16,2038,2972,349,3   20,480,1,3721,3763,22,3   80,560,27,981,2359,588,4   130,520,36,832,2552,784,4   60,680,30,1973,3479,653,2   470,470,13,1992,2452,283,5   490,580,10,1076,1564,218,4   270,430,9,1553,1845,196,5   370,310,14,304,1036,305,3   570,290,18,376,1176,392,3   630,230,2,470,574,44,3   530,120,6,3138,3392,131,5   320,120,7,2297,2619,152,2   360,260,18,628,1222,392,3   210,240,28,0,1107,610,4   170,340,3,3110,3210,65,5   120,240,13,1888,2592,283,2   240,580,19,2818,3646,414,4   270,690,10,315,759,218,3   150,770,9,3123,3479,196,1   620,770,20,2104,3068,436,2   490,730,25,564,1434,545,1   670,50,25,1299,1967,545,5   560,390,36,0,1452,784,4   370,470,6,422,640,131,3   370,560,5,2150,2458,109,5   570,680,15,381,1107,327,4   470,160,25,2153,3195,545,2   440,170,9,876,1308,196,5   460,130,8,1849,2105,174,1   490,110,18,393,1185,392,1   490,420,13,2642,3202,283,2   530,430,14,1542,2310,305,5   610,520,3,2622,2766,65,5   570,480,23,1599,2889,501,2   560,370,6,812,1160,131,3   550,540,26,1714,2946,566,2   150,470,16,315,1119,349,5   140,370,11,689,1107,240,1   110,310,7,2465,2729,152,2   160,220,41,1403,3355,893,4   40,180,35,2601,3283,762,5   280,180,26,1423,2393,566,5   260,520,9,1811,2229,196,2   260,350,15,2986,3524,327,2   310,670,3,2849,3009,65,5   150,190,1,567,609,22,1   220,220,2,1059,1149,44,2   180,240,22,2849,3847,479,2   260,270,27,1265,1971,588,3   250,240,20,0,946,436,5   220,270,11,1587,2039,240,5   250,210,12,990,1344,261,4   190,210,10,2905,3465,218,1   200,260,9,2249,2563,196,3   180,180,17,1240,2070,370,4
!----------------------------------------------------------------
!Recharge stations: x,y
10,10   640,420   350,690   420,70   60,380   180,580   580,680   80,250   420,760   250,720

g inverse recharge rate 0.65
