!----------------------------------------------------------------
!Stores: (first: depot x,y; then: satellites x,y,maxCap)
10,10   200,500,1458   450,200,1458   470,470,1458   250,240,1458
!----------------------------------------------------------------
!Trucks: (total#, cap, cost/dist, fixcost)
4,448,1,150
!----------------------------------------------------------------
!CityFreighters: (max cf/sat, total#, cap, cost/dist, fixcost, maxCharge, energyConsumption)
100,100,112,1,80,680,1
!----------------------------------------------------------------
!Customers: (x, y, demand, readyTime, dueDate, serviceTime, penalizationCost)
410,490,10,2616,2924,171,3   350,170,7,1180,1472,119,3   550,450,13,1426,1926,222,5   550,200,19,377,941,324,2   150,300,26,0,751,444,4   250,300,3,1945,2061,51,4   200,500,5,1755,1879,85,1   100,430,9,1515,1799,154,5   550,600,16,86,696,273,2   300,600,16,992,1670,273,4   200,650,12,1580,2074,205,1   500,350,19,1244,1830,324,3   300,250,23,1491,2195,393,5   150,100,20,2247,2801,341,3   300,50,8,1514,1774,137,1   100,200,19,209,1031,324,4   50,300,2,1860,1934,34,2   200,400,12,124,574,205,1   150,600,17,650,1064,290,3   450,650,9,537,833,154,1   450,200,11,2590,2932,188,3   450,100,18,2072,2868,307,1   550,50,29,108,704,495,3   650,350,3,1668,1782,51,1   650,200,6,421,617,102,3   450,300,17,2548,3048,290,4   350,400,16,2542,3170,273,2   410,370,16,1664,2004,273,4   640,420,9,1785,2031,154,1   400,600,21,225,937,358,1   310,520,27,662,1680,461,5   350,690,23,1799,2487,393,4   530,520,11,2054,2334,188,4   650,550,14,883,1173,239,2   630,650,8,651,859,137,2   20,600,5,2487,2667,85,4   200,200,8,1326,1594,137,2   50,50,16,1464,2064,273,2   600,120,31,1035,2345,529,3   400,250,9,1018,1318,154,5   420,70,5,1397,1611,85,2   240,120,5,480,598,85,5   230,30,7,1359,1657,119,5   110,140,18,575,1205,307,3   60,380,16,1494,2190,273,5   20,480,1,2496,2552,17,4   80,560,27,1634,2794,461,4   130,520,36,75,1023,614,2   60,680,30,1551,2485,512,3   470,470,13,900,1316,222,1   490,580,10,2486,2752,171,1   270,430,9,1560,1894,154,1   370,310,14,757,1205,239,3   570,290,18,81,807,307,3   630,230,2,2339,2399,34,5   530,120,6,1871,2185,102,1   320,120,7,1853,2031,119,2   360,260,18,2048,2504,307,1   210,240,28,1501,2535,478,1   170,340,3,2657,2779,51,1   120,240,13,336,688,222,2   240,580,19,111,783,324,4   270,690,10,1936,2280,171,2   150,770,9,2320,2610,154,4   620,770,20,1737,2355,341,2   490,730,25,348,912,427,1   670,50,25,1565,2343,427,4   560,390,36,680,1970,614,3   370,470,6,2437,2671,102,1   370,560,5,974,1126,85,3   570,680,15,1924,2534,256,3   470,160,25,1873,2753,427,3   440,170,9,358,678,154,1   460,130,8,348,596,137,3   490,110,18,1816,2578,307,1   490,420,13,1268,1620,222,3   530,430,14,341,663,239,3   610,520,3,2848,2920,51,4   570,480,23,784,1740,393,3   560,370,6,1268,1432,102,1   550,540,26,1691,2633,444,4   150,470,16,965,1581,273,3   140,370,11,1859,2301,188,2   110,310,7,2518,2820,119,2   160,220,41,1510,2904,700,2   40,180,35,1020,2586,597,2   280,180,26,1224,2166,444,3   260,520,9,2496,2868,154,4   260,350,15,194,622,256,5   310,670,3,352,438,51,4   150,190,1,950,990,17,1   220,220,2,2314,2350,34,2   180,240,22,2211,3037,376,4   260,270,27,547,1591,461,3   250,240,20,2324,3228,341,5   220,270,11,2199,2485,188,3   250,210,12,1119,1663,205,5   190,210,10,981,1245,171,3   200,260,9,1484,1784,154,1   180,180,17,219,797,290,3
!----------------------------------------------------------------
!Recharge stations: x,y
10,10   200,500   450,200   470,470   250,240   600,380   80,320   330,270   530,180   80,230

g inverse recharge rate 0.41
