!----------------------------------------------------------------
!Stores: (first: depot x,y; then: satellites x,y,maxCap)
10,10   670,410,1364   100,700,1364   60,250,1364   640,40,1364   570,720,1364
!----------------------------------------------------------------
!Trucks: (total#, cap, cost/dist, fixcost)
3,560,1,150
!----------------------------------------------------------------
!CityFreighters: (max cf/sat, total#, cap, cost/dist, fixcost, maxCharge, energyConsumption)
75,75,140,1,80,650,1
!----------------------------------------------------------------
!Customers: (x, y, demand, readyTime, dueDate, serviceTime, penalizationCost)
220,220,18,2321,3233,360,5   360,260,26,1817,2463,520,3   210,450,11,143,679,220,1   450,350,30,3036,4136,600,4   550,200,21,2405,3387,420,5   330,340,19,2214,3046,380,4   500,500,15,2666,3190,300,4   550,450,16,1672,2286,320,4   260,590,29,1307,2691,580,1   400,660,26,3271,4299,520,5   550,650,37,0,1073,740,1   350,510,16,2426,3096,320,4   620,350,12,641,1103,240,4   620,570,31,3245,4209,620,5   620,240,8,3545,3791,160,3   210,360,19,3169,3817,380,2   330,440,20,2408,2878,400,1   90,560,13,2893,3523,260,1   620,480,15,1705,2109,300,1   660,140,22,1719,3019,440,4   440,130,28,532,1546,560,1   260,130,12,3615,4001,240,1   110,280,6,1929,2071,120,1   70,430,27,2824,3496,540,5   170,640,14,3295,3879,280,1   410,460,18,3354,4174,360,3   550,340,17,3053,3695,340,5   350,160,29,724,1978,580,1   520,260,13,2004,2478,260,2   430,260,22,2442,3648,440,1   310,760,25,2611,3875,500,3   220,530,28,0,1146,560,2   260,290,27,0,1110,540,1   500,400,19,3236,4110,380,2   550,500,10,2251,2521,200,2   540,100,12,1078,1530,240,4   600,150,14,562,892,280,2   470,660,24,159,983,480,4   300,600,16,3291,3989,320,3   300,500,33,2810,4352,660,1   120,170,15,129,879,300,1   150,140,11,628,998,220,2   160,190,18,1328,2120,360,2   210,480,17,2963,3603,340,3   500,300,21,2489,3481,420,3   510,420,27,1795,2419,540,4   500,150,19,3643,4373,380,1   480,210,20,2282,3642,400,3   120,380,5,1556,1778,100,1   150,560,22,3353,4307,440,2   290,390,12,3415,3969,240,4   540,380,19,3154,3796,380,2   550,570,22,1636,2508,440,5   670,410,16,1889,2705,320,2   100,700,7,3800,4156,140,1   60,250,26,3366,4016,520,2   650,270,14,609,1139,280,1   400,600,21,2500,3332,420,5   700,640,24,349,829,480,2   640,40,13,746,1114,260,5   360,60,15,1811,2507,300,5   300,200,18,186,942,360,4   200,300,11,1804,2186,220,1   150,50,28,1551,2797,560,4   500,700,9,777,1205,180,3   570,720,37,607,2361,740,2   450,420,30,0,1277,600,2   380,330,10,1228,1534,200,2   500,40,8,1854,2102,160,1   660,80,11,1930,2384,220,1   590,50,3,2167,2291,60,5   350,600,1,3519,3559,20,3   270,240,6,2015,2281,120,5   400,200,10,812,1210,200,1   400,370,20,2729,3369,400,3
!----------------------------------------------------------------
!Recharge stations: x,y
10,10   670,410   100,700   60,250   640,40   570,720   360,750

g inverse recharge rate 0.62
