!----------------------------------------------------------------
!Stores: (first: depot x,y; then: satellites x,y,maxCap)
300,400   210,470,777   510,210,777   520,410,777   100,170,777
!----------------------------------------------------------------
!Trucks: (total#, cap, cost/dist, fixcost)
2,640,1,150
!----------------------------------------------------------------
!CityFreighters: (max cf/sat, total#, cap, cost/dist, fixcost, maxCharge, energyConsumption)
50,50,160,1,80,610,1
!----------------------------------------------------------------
!Customers: (x, y, demand, readyTime, dueDate, serviceTime, penalizationCost)
370,520,7,2687,2995,120,3   490,490,30,1389,2531,516,4   520,640,16,1014,1568,275,3   200,260,9,762,1052,155,3   400,300,21,2339,2925,361,2   210,470,15,2390,3070,258,2   170,630,19,2261,2785,327,2   310,620,23,510,1392,395,1   520,330,11,738,1174,189,4   510,210,5,1379,1501,86,5   420,410,19,270,1050,327,1   310,320,29,1574,2754,498,1   50,250,23,1414,2008,395,5   120,420,21,1171,1881,361,2   360,160,10,414,838,172,4   520,410,15,603,1099,258,1   270,230,3,2427,2527,52,5   170,330,41,1796,3336,705,1   130,130,9,1798,2000,155,3   570,580,28,879,1977,481,4   620,420,8,951,1263,137,1   420,570,8,2941,3175,137,2   160,570,16,2498,2920,275,1   80,520,10,2519,2949,172,5   70,380,28,1588,2678,481,4   270,680,7,1373,1559,120,5   300,480,15,258,774,258,2   430,670,14,2282,2828,241,3   580,480,6,829,979,103,2   580,270,19,1975,2819,327,4   370,690,11,2186,2580,189,1   380,460,12,2461,2829,206,3   460,100,23,234,758,395,1   610,330,26,2160,3020,447,3   620,630,17,909,1441,292,4   630,690,6,2539,2697,103,5   320,220,9,1707,2057,155,5   450,350,15,560,1134,258,4   590,150,14,312,844,241,3   50,60,7,2737,2923,120,4   100,170,27,1460,2180,464,5   210,100,13,2722,3066,223,4   50,640,11,677,915,189,4   300,150,16,207,847,275,4   390,100,10,1508,1800,172,5   320,390,5,820,980,86,4   250,320,25,693,1909,430,1   250,550,17,1550,2000,292,1   480,280,18,68,730,309,4   560,370,10,735,1109,172,4
!----------------------------------------------------------------
!Recharge stations: x,y
300,400   210,470   510,210   520,410   100,170

g inverse recharge rate 0.49
