!----------------------------------------------------------------
!Stores: (first: depot x,y; then: satellites x,y,maxCap)
10,10   490,490,777   200,260,777   120,420,777   360,160,777   250,550,777   480,280,777
!----------------------------------------------------------------
!Trucks: (total#, cap, cost/dist, fixcost)
2,640,1,150
!----------------------------------------------------------------
!CityFreighters: (max cf/sat, total#, cap, cost/dist, fixcost, maxCharge, energyConsumption)
50,50,160,1,80,490,1
!----------------------------------------------------------------
!Customers: (x, y, demand, readyTime, dueDate, serviceTime, penalizationCost)
370,520,7,2065,2327,113,2   490,490,30,1877,3005,483,2   520,640,16,2094,2554,258,3   200,260,9,810,1216,145,4   400,300,21,469,789,338,5   210,470,15,2127,2553,242,2   170,630,19,367,875,306,1   310,620,23,1876,2900,370,3   520,330,11,567,1011,177,3   510,210,5,1282,1408,81,2   420,410,19,1652,1926,306,5   310,320,29,568,1530,467,3   50,250,23,881,1735,370,3   120,420,21,239,1137,338,4   360,160,10,426,756,161,5   520,410,15,206,748,242,2   270,230,3,2002,2136,48,4   170,330,41,466,1866,660,1   130,130,9,2341,2721,145,1   570,580,28,1909,2737,451,5   620,420,8,1647,1943,129,1   420,570,8,2135,2361,129,1   160,570,16,2045,2621,258,4   80,520,10,123,517,161,5   70,380,28,187,1251,451,2   270,680,7,1231,1531,113,4   300,480,15,262,686,242,4   430,670,14,2462,2924,226,2   580,480,6,335,483,97,2   580,270,19,1514,2168,306,2   370,690,11,658,1120,177,5   380,460,12,2380,2842,193,1   460,100,23,1299,2077,370,5   610,330,26,1312,1966,419,4   620,630,17,2249,2713,274,3   630,690,6,2475,2707,97,1   320,220,9,1549,1803,145,2   450,350,15,547,1019,242,2   590,150,14,2323,2819,226,3   50,60,7,1201,1399,113,5   100,170,27,1077,1839,435,5   210,100,13,2441,3033,209,1   50,640,11,1425,1693,177,5   300,150,16,2469,2923,258,4   390,100,10,695,1005,161,2   320,390,5,1025,1175,81,4   250,320,25,1704,2406,403,4   250,550,17,2012,2504,274,1   480,280,18,1862,2486,290,1   560,370,10,993,1275,161,3
!----------------------------------------------------------------
!Recharge stations: x,y
10,10   490,490   200,260   120,420   360,160   250,550   480,280

g inverse recharge rate 0.57
