!----------------------------------------------------------------
!Stores: (first: depot x,y; then: satellites x,y,maxCap)
10,10   70,380,777   370,690,777   630,690,777   590,150,777   50,640,777
!----------------------------------------------------------------
!Trucks: (total#, cap, cost/dist, fixcost)
2,640,1,150
!----------------------------------------------------------------
!CityFreighters: (max cf/sat, total#, cap, cost/dist, fixcost, maxCharge, energyConsumption)
50,50,160,1,80,610,1
!----------------------------------------------------------------
!Customers: (x, y, demand, readyTime, dueDate, serviceTime, penalizationCost)
370,520,7,3780,4136,153,5   490,490,30,74,1362,654,4   520,640,16,1181,1887,349,2   200,260,9,2174,2480,196,1   400,300,21,3035,3829,458,2   210,470,15,1219,1903,327,2   170,630,19,2017,2945,414,2   310,620,23,1179,2129,501,3   520,330,11,3543,4043,240,1   510,210,5,3170,3396,109,2   420,410,19,1583,2431,414,4   310,320,29,249,1475,632,2   50,250,23,520,1500,501,4   120,420,21,3183,3971,458,3   360,160,10,701,1129,218,5   520,410,15,2179,2863,327,1   270,230,3,2574,2724,65,4   170,330,41,1333,2947,894,4   130,130,9,3440,3898,196,4   570,580,28,371,1683,610,5   620,420,8,3185,3507,174,1   420,570,8,552,912,174,4   160,570,16,2329,2907,349,3   80,520,10,2048,2510,218,3   70,380,28,2276,3722,610,3   270,680,7,2936,3304,153,3   300,480,15,2824,3464,327,2   430,670,14,3189,4029,305,3   580,480,6,2648,2968,131,1   580,270,19,1520,2450,414,4   370,690,11,2608,3120,240,4   380,460,12,1234,1606,262,1   460,100,23,2718,4122,501,3   610,330,26,0,1315,567,2   620,630,17,110,744,370,4   630,690,6,3715,3945,131,2   320,220,9,1110,1398,196,3   450,350,15,3227,3909,327,1   590,150,14,2430,2996,305,1   50,60,7,3143,3403,153,3   100,170,27,0,1380,588,2   210,100,13,636,1258,283,4   50,640,11,1586,2026,240,2   300,150,16,1991,2429,349,5   390,100,10,1369,1705,218,4   320,390,5,3684,3926,109,2   250,320,25,1121,2205,545,4   250,550,17,2059,2883,370,4   480,280,18,940,1658,392,1   560,370,10,3049,3453,218,2
!----------------------------------------------------------------
!Recharge stations: x,y
10,10   70,380   370,690   630,690   590,150   50,640

g inverse recharge rate 0.62
