!----------------------------------------------------------------
!Stores: (first: depot x,y; then: satellites x,y,maxCap)
350,350   550,200,1458   200,400,1458   490,580,1458   120,240,1458   560,390,1458   250,210,1458
!----------------------------------------------------------------
!Trucks: (total#, cap, cost/dist, fixcost)
4,448,1,150
!----------------------------------------------------------------
!CityFreighters: (max cf/sat, total#, cap, cost/dist, fixcost, maxCharge, energyConsumption)
100,100,112,1,80,610,1
!----------------------------------------------------------------
!Customers: (x, y, demand, readyTime, dueDate, serviceTime, penalizationCost)
410,490,10,2918,3354,184,3   350,170,7,2200,2396,129,3   550,450,13,2382,2832,240,2   550,200,19,291,1021,350,4   150,300,26,870,1178,479,4   250,300,3,939,1039,55,2   200,500,5,2469,2629,92,3   100,430,9,277,639,166,5   550,600,16,2518,2996,295,4   300,600,16,138,688,295,2   200,650,12,2663,3219,221,4   500,350,19,274,812,350,4   300,250,23,260,1120,424,4   150,100,20,99,685,369,1   300,50,8,2670,2900,147,1   100,200,19,2242,2916,350,3   50,300,2,1017,1107,37,2   200,400,12,470,1036,221,5   150,600,17,2054,2772,313,4   450,650,9,218,544,166,1   450,200,11,882,1368,203,3   450,100,18,75,839,332,5   550,50,29,820,2292,534,2   650,350,3,2947,3089,55,2   650,200,6,1069,1251,111,3   450,300,17,972,1432,313,5   350,400,16,2305,2831,295,3   410,370,16,2027,2715,295,3   640,420,9,303,631,166,3   400,600,21,1458,2088,387,4   310,520,27,344,1396,498,4   350,690,23,137,799,424,2   530,520,11,302,738,203,4   650,550,14,2288,2808,258,1   630,650,8,827,1149,147,4   20,600,5,1439,1613,92,3   200,200,8,2253,2515,147,2   50,50,16,944,1714,295,2   600,120,31,391,1557,571,2   400,250,9,112,522,166,1   420,70,5,704,890,92,2   240,120,5,958,1136,92,4   230,30,7,2471,2797,129,1   110,140,18,457,1139,332,5   60,380,16,894,1478,295,3   20,480,1,1379,1411,18,1   80,560,27,0,1060,498,2   130,520,36,630,2044,663,5   60,680,30,90,930,553,3   470,470,13,1839,2439,240,2   490,580,10,2586,2964,184,4   270,430,9,583,955,166,3   370,310,14,1805,2269,258,5   570,290,18,2239,2847,332,3   630,230,2,2458,2542,37,2   530,120,6,1694,1842,111,2   320,120,7,2507,2707,129,5   360,260,18,199,975,332,2   210,240,28,942,2264,516,4   170,340,3,1390,1512,55,4   120,240,13,950,1412,240,3   240,580,19,2496,3148,350,1   270,690,10,1515,1835,184,1   150,770,9,1484,1874,166,1   620,770,20,926,1690,369,3   490,730,25,1527,2847,461,3   670,50,25,1772,2614,461,1   560,390,36,131,1141,663,4   370,470,6,1369,1599,111,4   370,560,5,1100,1242,92,3   570,680,15,737,1341,276,1   470,160,25,32,992,461,4   440,170,9,1430,1772,166,5   460,130,8,2394,2676,147,5   490,110,18,2475,2925,332,4   490,420,13,1261,1789,240,3   530,430,14,419,953,258,1   610,520,3,1589,1705,55,4   570,480,23,1149,1707,424,3   560,370,6,1541,1677,111,1   550,540,26,1143,2193,479,2   150,470,16,298,704,295,4   140,370,11,1767,2167,203,4   110,310,7,1973,2213,129,1   160,220,41,0,1377,755,4   40,180,35,1448,2868,645,4   280,180,26,529,1513,479,1   260,520,9,1969,2253,166,2   260,350,15,17,609,276,3   310,670,3,1388,1518,55,4   150,190,1,335,371,18,5   220,220,2,446,502,37,3   180,240,22,2192,3174,405,5   260,270,27,2159,3355,498,4   250,240,20,1383,2081,369,4   220,270,11,1409,1883,203,3   250,210,12,358,842,221,2   190,210,10,1044,1616,184,2   200,260,9,2936,3290,166,2   180,180,17,2579,3113,313,4
!----------------------------------------------------------------
!Recharge stations: x,y
350,350   550,200   200,400   490,580   120,240   560,390   250,210   540,310   240,480   290,80

g inverse recharge rate 0.49
