!----------------------------------------------------------------
!Stores: (first: depot x,y; then: satellites x,y,maxCap)
10,10   300,50,1458   640,420,1458   60,380,1458   150,770,1458   620,770,1458   670,50,1458
!----------------------------------------------------------------
!Trucks: (total#, cap, cost/dist, fixcost)
4,448,1,150
!----------------------------------------------------------------
!CityFreighters: (max cf/sat, total#, cap, cost/dist, fixcost, maxCharge, energyConsumption)
100,100,112,1,80,430,1
!----------------------------------------------------------------
!Customers: (x, y, demand, readyTime, dueDate, serviceTime, penalizationCost)
410,490,10,4023,4395,256,3   350,170,7,2561,2855,179,2   550,450,13,2890,3432,333,3   550,200,19,3143,3733,487,1   150,300,26,1845,3615,666,5   250,300,3,3217,3369,77,3   200,500,5,832,1052,128,4   100,430,9,1869,2371,231,2   550,600,16,1672,2438,410,5   300,600,16,44,796,410,1   200,650,12,604,1358,308,3   500,350,19,1599,2361,487,2   300,250,23,0,1163,590,5   150,100,20,2262,3488,513,4   300,50,8,2346,2816,205,3   100,200,19,3198,4392,487,5   50,300,2,1636,1730,51,2   200,400,12,904,1576,308,1   150,600,17,3198,4090,436,1   450,650,9,2615,2885,231,5   450,200,11,838,1194,282,5   450,100,18,2063,2879,461,3   550,50,29,2686,4124,743,4   650,350,3,2916,3014,77,2   650,200,6,720,922,154,1   450,300,17,3663,4529,436,5   350,400,16,2724,3450,410,5   410,370,16,3714,4536,410,1   640,420,9,3477,4079,231,5   400,600,21,1943,2949,538,4   310,520,27,2027,2899,692,3   350,690,23,829,2219,590,1   530,520,11,2259,2789,282,4   650,550,14,910,1764,359,2   630,650,8,3294,3928,205,3   20,600,5,3189,3449,128,5   200,200,8,312,604,205,3   50,50,16,1249,1787,410,3   600,120,31,2080,3602,795,2   400,250,9,3298,3804,231,3   420,70,5,666,1068,128,5   240,120,5,4219,4473,128,4   230,30,7,2550,2808,179,5   110,140,18,2828,3890,461,5   60,380,16,1664,2642,410,5   20,480,1,1339,1399,26,3   80,560,27,1300,2962,692,2   130,520,36,2387,4241,923,4   60,680,30,1596,3322,769,2   470,470,13,3309,3823,333,1   490,580,10,3346,3676,256,4   270,430,9,2689,3167,231,1   370,310,14,3731,4223,359,2   570,290,18,2133,3197,461,3   630,230,2,3110,3200,51,1   530,120,6,3306,3598,154,1   320,120,7,799,1095,179,1   360,260,18,1224,2208,461,3   210,240,28,1625,3405,718,2   170,340,3,3996,4230,77,2   120,240,13,1566,2406,333,3   240,580,19,1951,3211,487,4   270,690,10,3641,4099,256,5   150,770,9,3543,4073,231,1   620,770,20,2470,3656,513,4   490,730,25,2458,3960,641,3   670,50,25,532,1778,641,5   560,390,36,2028,4002,923,5   370,470,6,3813,4211,154,2   370,560,5,2589,2859,128,3   570,680,15,2992,3958,384,5   470,160,25,1239,2173,641,4   440,170,9,2813,3245,231,3   460,130,8,4082,4440,205,2   490,110,18,914,1612,461,5   490,420,13,1280,2100,333,3   530,430,14,1865,2469,359,3   610,520,3,771,933,77,1   570,480,23,52,1264,590,5   560,370,6,1049,1351,154,4   550,540,26,3071,4471,666,4   150,470,16,106,1264,410,1   140,370,11,506,1042,282,4   110,310,7,3917,4289,179,3   160,220,41,1509,3779,1051,4   40,180,35,1653,3547,897,4   280,180,26,0,1144,666,3   260,520,9,1851,2303,231,3   260,350,15,3586,4266,384,1   310,670,3,3871,3989,77,5   150,190,1,3960,3998,26,2   220,220,2,4005,4101,51,4   180,240,22,2665,3457,564,3   260,270,27,317,1873,692,5   250,240,20,2460,3048,513,1   220,270,11,3184,3986,282,4   250,210,12,125,861,308,4   190,210,10,3912,4546,256,1   200,260,9,3939,4409,231,4   180,180,17,782,1588,436,3
!----------------------------------------------------------------
!Recharge stations: x,y
10,10   300,50   640,420   60,380   150,770   620,770   670,50   200,200   380,610   260,370

g inverse recharge rate 0.97
