!----------------------------------------------------------------
!Stores: (first: depot x,y; then: satellites x,y,maxCap)
10,10   550,200,1458   200,400,1458   490,580,1458   120,240,1458   560,390,1458   250,210,1458
!----------------------------------------------------------------
!Trucks: (total#, cap, cost/dist, fixcost)
4,448,1,150
!----------------------------------------------------------------
!CityFreighters: (max cf/sat, total#, cap, cost/dist, fixcost, maxCharge, energyConsumption)
100,100,112,1,80,550,1
!----------------------------------------------------------------
!Customers: (x, y, demand, readyTime, dueDate, serviceTime, penalizationCost)
410,490,10,1632,2010,184,5   350,170,7,422,778,129,1   550,450,13,940,1606,240,5   550,200,19,241,997,350,2   150,300,26,2074,2822,479,2   250,300,3,291,393,55,1   200,500,5,1924,2076,92,1   100,430,9,2057,2379,166,3   550,600,16,1154,1898,295,5   300,600,16,1237,1661,295,3   200,650,12,1522,1982,221,3   500,350,19,2345,3139,350,2   300,250,23,1895,2675,424,4   150,100,20,748,1386,369,1   300,50,8,1734,2060,147,4   100,200,19,1385,1913,350,2   50,300,2,1859,1937,37,4   200,400,12,1159,1791,221,3   150,600,17,1425,1841,313,5   450,650,9,1071,1445,166,4   450,200,11,1688,2096,203,3   450,100,18,98,840,332,1   550,50,29,620,1682,534,2   650,350,3,3121,3237,55,1   650,200,6,1772,1996,111,1   450,300,17,1943,2549,313,3   350,400,16,1194,1912,295,5   410,370,16,1929,2361,295,1   640,420,9,1112,1508,166,2   400,600,21,600,1394,387,1   310,520,27,2104,3166,498,4   350,690,23,761,1489,424,3   530,520,11,2599,3049,203,4   650,550,14,1672,2268,258,3   630,650,8,1855,2105,147,5   20,600,5,761,923,92,3   200,200,8,2449,2875,147,1   50,50,16,1901,2383,295,2   600,120,31,700,1896,571,3   400,250,9,2642,2906,166,2   420,70,5,1273,1471,92,1   240,120,5,2921,3101,92,5   230,30,7,1885,2199,129,2   110,140,18,625,1085,332,3   60,380,16,2514,3156,295,1   20,480,1,447,493,18,2   80,560,27,1808,3204,498,5   130,520,36,570,1580,663,4   60,680,30,959,2091,553,3   470,470,13,1882,2362,240,1   490,580,10,2058,2410,184,2   270,430,9,1355,1659,166,1   370,310,14,1050,1590,258,5   570,290,18,1275,1969,332,2   630,230,2,352,452,37,4   530,120,6,815,1017,111,4   320,120,7,1262,1532,129,5   360,260,18,647,1119,332,4   210,240,28,1994,3112,516,3   170,340,3,1688,1810,55,5   120,240,13,2021,2415,240,5   240,580,19,2353,3235,350,2   270,690,10,542,848,184,4   150,770,9,429,729,166,2   620,770,20,1632,2312,369,4   490,730,25,538,1570,461,2   670,50,25,1999,2941,461,5   560,390,36,461,1623,663,2   370,470,6,263,489,111,4   370,560,5,1387,1559,92,1   570,680,15,1023,1389,276,3   470,160,25,1093,1775,461,2   440,170,9,1132,1424,166,3   460,130,8,2199,2355,147,3   490,110,18,340,1020,332,3   490,420,13,523,1129,240,5   530,430,14,182,728,258,2   610,520,3,2008,2134,55,3   570,480,23,1312,2068,424,4   560,370,6,2004,2164,111,3   550,540,26,1709,2579,479,5   150,470,16,713,1305,295,2   140,370,11,2827,3127,203,3   110,310,7,1372,1654,129,5   160,220,41,143,1363,755,2   40,180,35,1206,1992,645,3   280,180,26,79,1443,479,2   260,520,9,2017,2387,166,2   260,350,15,611,1433,276,5   310,670,3,1948,2046,55,5   150,190,1,1295,1335,18,4   220,220,2,2582,2666,37,5   180,240,22,918,1980,405,3   260,270,27,0,794,498,5   250,240,20,832,1490,369,5   220,270,11,1943,2403,203,5   250,210,12,160,562,221,5   190,210,10,1104,1462,184,3   200,260,9,2219,2503,166,4   180,180,17,882,1498,313,1
!----------------------------------------------------------------
!Recharge stations: x,y
10,10   550,200   200,400   490,580   120,240   560,390   250,210   690,300   360,320   270,770

g inverse recharge rate 0.54
