!----------------------------------------------------------------
!Stores: (first: depot x,y; then: satellites x,y,maxCap)
400,400   220,530,1364   480,210,1364   540,380,1364   550,570,1364   270,240,1364
!----------------------------------------------------------------
!Trucks: (total#, cap, cost/dist, fixcost)
3,560,1,150
!----------------------------------------------------------------
!CityFreighters: (max cf/sat, total#, cap, cost/dist, fixcost, maxCharge, energyConsumption)
75,75,140,1,80,500,1
!----------------------------------------------------------------
!Customers: (x, y, demand, readyTime, dueDate, serviceTime, penalizationCost)
220,220,18,122,630,253,4   360,260,26,1105,1743,365,2   210,450,11,2173,2419,154,3   450,350,30,1501,2249,421,4   550,200,21,607,1063,295,2   330,340,19,1166,1746,267,5   500,500,15,303,685,211,3   550,450,16,989,1333,225,4   260,590,29,1459,2165,407,3   400,660,26,222,1016,365,3   550,650,37,775,2111,520,4   350,510,16,1800,2286,225,3   620,350,12,2450,2824,169,5   620,570,31,420,1164,435,1   620,240,8,2857,3041,112,3   210,360,19,2151,2691,267,5   330,440,20,2663,3029,281,4   90,560,13,1131,1487,183,5   620,480,15,1717,2219,211,2   660,140,22,376,824,309,2   440,130,28,632,1224,393,5   260,130,12,489,785,169,3   110,280,6,441,681,84,4   70,430,27,1423,2147,379,5   170,640,14,2555,2931,197,2   410,460,18,858,1376,253,1   550,340,17,2209,2817,239,3   350,160,29,2400,2950,407,2   520,260,13,440,750,183,4   430,260,22,1515,2123,309,3   310,760,25,558,1278,351,3   220,530,28,1881,2449,393,3   260,290,27,464,1138,379,1   500,400,19,237,877,267,3   550,500,10,1840,2132,140,2   540,100,12,1886,2182,169,3   600,150,14,1961,2273,197,2   470,660,24,1000,1732,337,4   300,600,16,2114,2424,225,1   300,500,33,1870,2954,463,2   120,170,15,2373,2783,211,2   150,140,11,1028,1382,154,4   160,190,18,776,1438,253,1   210,480,17,2475,3135,239,3   500,300,21,2147,2753,295,2   510,420,27,0,681,379,3   500,150,19,1464,1968,267,3   480,210,20,906,1496,281,2   120,380,5,2128,2254,70,3   150,560,22,2226,2674,309,3   290,390,12,2436,2660,169,2   540,380,19,2411,2929,267,1   550,570,22,349,1125,309,5   670,410,16,1654,2238,225,1   100,700,7,748,934,98,5   60,250,26,628,1376,365,1   650,270,14,2420,2806,197,3   400,600,21,2136,2674,295,4   700,640,24,393,1095,337,5   640,40,13,885,1291,183,5   360,60,15,796,1224,211,4   300,200,18,1294,1646,253,3   200,300,11,2409,2839,154,4   150,50,28,1116,1762,393,2   500,700,9,1053,1241,126,5   570,720,37,620,1844,520,3   450,420,30,0,831,421,4   380,330,10,2003,2309,140,4   500,40,8,338,568,112,2   660,80,11,1452,1790,154,3   590,50,3,2888,2984,42,3   350,600,1,1906,1940,14,5   270,240,6,1071,1213,84,4   400,200,10,2526,2850,140,4   400,370,20,771,1317,281,4
!----------------------------------------------------------------
!Recharge stations: x,y
400,400   220,530   480,210   540,380   550,570   270,240   290,110

g inverse recharge rate 0.57
