!----------------------------------------------------------------
!Stores: (first: depot x,y; then: satellites x,y,maxCap)
350,350   350,170,1458   470,470,1458   570,290,1458   150,470,1458   260,350,1458
!----------------------------------------------------------------
!Trucks: (total#, cap, cost/dist, fixcost)
4,448,1,150
!----------------------------------------------------------------
!CityFreighters: (max cf/sat, total#, cap, cost/dist, fixcost, maxCharge, energyConsumption)
100,100,112,1,80,680,1
!----------------------------------------------------------------
!Customers: (x, y, demand, readyTime, dueDate, serviceTime, penalizationCost)
410,490,10,2138,2608,174,5   350,170,7,860,1132,122,1   550,450,13,331,701,227,5   550,200,19,942,1570,331,5   150,300,26,155,1243,453,1   250,300,3,1109,1203,52,5   200,500,5,1768,1952,87,2   100,430,9,484,846,157,4   550,600,16,556,1028,279,4   300,600,16,1730,2470,279,4   200,650,12,1745,2269,209,3   500,350,19,1785,2599,331,4   300,250,23,1850,2674,401,1   150,100,20,187,747,349,3   300,50,8,2294,2744,139,2   100,200,19,1376,2244,331,5   50,300,2,353,409,35,3   200,400,12,1303,1789,209,1   150,600,17,992,1674,296,2   450,650,9,2584,2886,157,3   450,200,11,1975,2517,192,4   450,100,18,1977,2641,314,2   550,50,29,281,1671,506,3   650,350,3,2100,2202,52,3   650,200,6,2634,2888,105,5   450,300,17,1645,2129,296,5   350,400,16,1521,1899,279,1   410,370,16,412,838,279,3   640,420,9,1767,2079,157,2   400,600,21,2203,2903,366,4   310,520,27,620,1522,471,2   350,690,23,1439,2159,401,5   530,520,11,1321,1803,192,2   650,550,14,251,875,244,3   630,650,8,395,667,139,3   20,600,5,1449,1653,87,5   200,200,8,1475,1741,139,2   50,50,16,2124,2666,279,4   600,120,31,368,1302,540,2   400,250,9,1592,2004,157,5   420,70,5,1024,1184,87,5   240,120,5,2616,2810,87,2   230,30,7,1809,2097,122,5   110,140,18,464,964,314,1   60,380,16,1870,2476,279,2   20,480,1,2956,2990,17,5   80,560,27,1073,1923,471,1   130,520,36,357,1497,628,5   60,680,30,1694,2888,523,3   470,470,13,2508,2926,227,1   490,580,10,2458,2840,174,5   270,430,9,2310,2566,157,4   370,310,14,452,1022,244,4   570,290,18,654,1526,314,4   630,230,2,2189,2259,35,5   530,120,6,709,947,105,4   320,120,7,1286,1476,122,4   360,260,18,360,1046,314,4   210,240,28,0,1209,488,2   170,340,3,1421,1535,52,5   120,240,13,1382,1874,227,1   240,580,19,200,836,331,3   270,690,10,513,845,174,4   150,770,9,2248,2646,157,4   620,770,20,432,1086,349,2   490,730,25,1923,2685,436,3   670,50,25,2020,2434,436,1   560,390,36,68,1112,628,4   370,470,6,806,1082,105,4   370,560,5,287,495,87,1   570,680,15,775,1377,262,5   470,160,25,660,1692,436,3   440,170,9,2745,3053,157,2   460,130,8,2512,2812,139,2   490,110,18,109,851,314,3   490,420,13,2078,2616,227,2   530,430,14,1602,2154,244,5   610,520,3,1031,1137,52,1   570,480,23,1002,1826,401,3   560,370,6,1045,1293,105,2   550,540,26,614,1522,453,3   150,470,16,1204,1686,279,1   140,370,11,728,1192,192,2   110,310,7,2677,2897,122,4   160,220,41,540,2128,715,2   40,180,35,694,1798,610,4   280,180,26,8,528,453,5   260,520,9,2114,2482,157,3   260,350,15,2463,3097,262,4   310,670,3,1154,1266,52,4   150,190,1,1288,1332,17,2   220,220,2,442,530,35,3   180,240,22,1266,1924,384,2   260,270,27,1055,1755,471,1   250,240,20,1674,2390,349,4   220,270,11,376,896,192,3   250,210,12,580,1054,209,3   190,210,10,803,1125,174,2   200,260,9,1029,1251,157,5   180,180,17,974,1396,296,1
!----------------------------------------------------------------
!Recharge stations: x,y
350,350   350,170   470,470   570,290   150,470   260,350   320,530   270,660   540,420   150,270

g inverse recharge rate 0.42
