!----------------------------------------------------------------
!Stores: (first: depot x,y; then: satellites x,y,maxCap)
10,10   400,660,1364   70,430,1364   670,410,1364   360,60,1364
!----------------------------------------------------------------
!Trucks: (total#, cap, cost/dist, fixcost)
3,560,1,150
!----------------------------------------------------------------
!CityFreighters: (max cf/sat, total#, cap, cost/dist, fixcost, maxCharge, energyConsumption)
75,75,140,1,80,610,1
!----------------------------------------------------------------
!Customers: (x, y, demand, readyTime, dueDate, serviceTime, penalizationCost)
220,220,18,2751,3377,311,5   360,260,26,2280,3212,449,1   210,450,11,949,1283,190,2   450,350,30,2251,3313,518,1   550,200,21,498,1170,362,4   330,340,19,2598,3056,328,3   500,500,15,2724,3122,259,5   550,450,16,618,1146,276,1   260,590,29,24,872,500,4   400,660,26,392,1434,449,4   550,650,37,2244,3238,638,1   350,510,16,3201,3733,276,2   620,350,12,1150,1482,207,1   620,570,31,834,2138,535,3   620,240,8,3077,3315,138,1   210,360,19,2148,2860,328,3   330,440,20,1428,2070,345,3   90,560,13,3056,3506,224,4   620,480,15,3181,3709,259,4   660,140,22,1254,2040,380,5   440,130,28,2831,3469,483,3   260,130,12,2015,2443,207,1   110,280,6,1185,1417,104,2   70,430,27,781,1989,466,5   170,640,14,678,1034,242,1   410,460,18,2675,3395,311,1   550,340,17,1544,2100,293,4   350,160,29,91,1135,500,2   520,260,13,1894,2266,224,2   430,260,22,1310,1906,380,2   310,760,25,1275,1959,431,1   220,530,28,2186,2922,483,5   260,290,27,0,1200,466,3   500,400,19,1566,2448,328,5   550,500,10,2007,2397,173,3   540,100,12,1009,1401,207,5   600,150,14,1499,2035,242,3   470,660,24,1536,2476,414,1   300,600,16,1654,2092,276,5   300,500,33,0,1185,569,5   120,170,15,409,973,259,4   150,140,11,1111,1429,190,1   160,190,18,314,936,311,1   210,480,17,2284,2956,293,4   500,300,21,1853,2795,362,2   510,420,27,1955,2797,466,5   500,150,19,2415,3103,328,2   480,210,20,743,1437,345,5   120,380,5,3182,3390,86,5   150,560,22,2961,3731,380,5   290,390,12,2165,2559,207,2   540,380,19,2037,2839,328,2   550,570,22,1038,1614,380,4   670,410,16,1211,1723,276,1   100,700,7,534,688,121,3   60,250,26,2588,3364,449,4   650,270,14,2675,3257,242,5   400,600,21,2536,3390,362,5   700,640,24,207,985,414,3   640,40,13,2848,3482,224,1   360,60,15,2144,2668,259,5   300,200,18,419,1131,311,2   200,300,11,1919,2407,190,2   150,50,28,1044,2094,483,1   500,700,9,3357,3627,155,5   570,720,37,18,1260,638,3   450,420,30,947,2395,518,1   380,330,10,1535,1891,173,4   500,40,8,2529,2675,138,3   660,80,11,2612,3058,190,2   590,50,3,728,836,52,3   350,600,1,2631,2657,17,5   270,240,6,992,1228,104,5   400,200,10,3255,3627,173,3   400,370,20,3082,3690,345,4
!----------------------------------------------------------------
!Recharge stations: x,y
10,10   400,660   70,430   670,410   360,60   400,400   540,480

g inverse recharge rate 0.57
