!----------------------------------------------------------------
!Stores: (first: depot x,y; then: satellites x,y,maxCap)
350,350   200,500,1458   450,200,1458   470,470,1458   250,240,1458
!----------------------------------------------------------------
!Trucks: (total#, cap, cost/dist, fixcost)
4,448,1,150
!----------------------------------------------------------------
!CityFreighters: (max cf/sat, total#, cap, cost/dist, fixcost, maxCharge, energyConsumption)
100,100,112,1,80,680,1
!----------------------------------------------------------------
!Customers: (x, y, demand, readyTime, dueDate, serviceTime, penalizationCost)
410,490,10,2065,2437,171,3   350,170,7,2768,3040,119,1   550,450,13,2224,2648,222,1   550,200,19,600,1306,324,4   150,300,26,198,1330,444,1   250,300,3,1031,1149,51,3   200,500,5,1113,1307,85,2   100,430,9,802,980,154,3   550,600,16,720,1164,273,2   300,600,16,1874,2488,273,2   200,650,12,670,1166,205,4   500,350,19,536,1190,324,2   300,250,23,2240,2974,393,1   150,100,20,1351,2073,341,5   300,50,8,2288,2648,137,5   100,200,19,502,1222,324,2   50,300,2,958,998,34,4   200,400,12,459,951,205,5   150,600,17,527,1071,290,5   450,650,9,1770,1998,154,5   450,200,11,1487,1837,188,3   450,100,18,1465,2037,307,1   550,50,29,139,1081,495,2   650,350,3,2765,2881,51,1   650,200,6,861,1003,102,3   450,300,17,2255,2945,290,5   350,400,16,1743,2497,273,5   410,370,16,1018,1528,273,5   640,420,9,201,563,154,4   400,600,21,312,918,358,1   310,520,27,0,924,461,2   350,690,23,752,1488,393,3   530,520,11,2136,2514,188,1   650,550,14,1975,2465,239,4   630,650,8,1336,1712,137,4   20,600,5,647,817,85,4   200,200,8,707,1001,137,4   50,50,16,1269,1815,273,2   600,120,31,1629,2777,529,4   400,250,9,2481,2715,154,4   420,70,5,707,861,85,1   240,120,5,1748,1990,85,3   230,30,7,680,904,119,1   110,140,18,993,1713,307,1   60,380,16,1680,2232,273,3   20,480,1,1289,1325,17,5   80,560,27,1589,2459,461,2   130,520,36,1409,3141,614,1   60,680,30,1336,2606,512,1   470,470,13,2652,3092,222,4   490,580,10,2482,2860,171,3   270,430,9,1447,1765,154,2   370,310,14,2483,2897,239,5   570,290,18,1247,1749,307,1   630,230,2,325,393,34,3   530,120,6,1195,1381,102,2   320,120,7,1874,2104,119,1   360,260,18,194,696,307,1   210,240,28,519,1415,478,5   170,340,3,936,1068,51,4   120,240,13,534,990,222,5   240,580,19,190,840,324,2   270,690,10,1258,1660,171,2   150,770,9,1291,1711,154,5   620,770,20,1301,2065,341,2   490,730,25,370,992,427,2   670,50,25,528,1418,427,5   560,390,36,1793,2981,614,3   370,470,6,1067,1273,102,1   370,560,5,1267,1445,85,4   570,680,15,1693,2019,256,1   470,160,25,504,1182,427,1   440,170,9,1041,1369,154,3   460,130,8,2184,2540,137,1   490,110,18,1780,2356,307,4   490,420,13,938,1510,222,3   530,430,14,1140,1736,239,3   610,520,3,1270,1358,51,1   570,480,23,1988,2358,393,5   560,370,6,1750,1886,102,2   550,540,26,1239,2251,444,5   150,470,16,2158,2650,273,1   140,370,11,2415,2733,188,4   110,310,7,2737,2979,119,2   160,220,41,538,2310,700,4   40,180,35,1237,2953,597,3   280,180,26,1412,2498,444,4   260,520,9,308,536,154,3   260,350,15,1492,1958,256,1   310,670,3,1907,2049,51,5   150,190,1,2378,2412,17,3   220,220,2,1335,1401,34,5   180,240,22,767,1993,376,5   260,270,27,1536,2380,461,1   250,240,20,483,999,341,5   220,270,11,846,1408,188,4   250,210,12,2458,2842,205,2   190,210,10,1815,2163,171,4   200,260,9,1385,1587,154,4   180,180,17,1470,1958,290,4
!----------------------------------------------------------------
!Recharge stations: x,y
350,350   200,500   450,200   470,470   250,240   200,400   30,170   200,130   510,30   270,450

g inverse recharge rate 0.41
