!----------------------------------------------------------------
!Stores: (first: depot x,y; then: satellites x,y,maxCap)
10,10   640,420,1458   420,70,1458   60,380,1458   150,770,1458   620,770,1458
!----------------------------------------------------------------
!Trucks: (total#, cap, cost/dist, fixcost)
4,448,1,150
!----------------------------------------------------------------
!CityFreighters: (max cf/sat, total#, cap, cost/dist, fixcost, maxCharge, energyConsumption)
100,100,112,1,80,510,1
!----------------------------------------------------------------
!Customers: (x, y, demand, readyTime, dueDate, serviceTime, penalizationCost)
410,490,10,3932,4444,249,1   350,170,7,2160,2524,174,5   550,450,13,1624,2310,323,4   550,200,19,2889,3991,473,4   150,300,26,1858,3198,647,1   250,300,3,722,898,75,3   200,500,5,3761,3989,124,3   100,430,9,2604,3158,224,1   550,600,16,1871,2549,398,1   300,600,16,1576,2142,398,3   200,650,12,3606,4304,299,2   500,350,19,3426,4428,473,2   300,250,23,0,1683,572,4   150,100,20,1709,2421,498,2   300,50,8,1134,1390,199,5   100,200,19,1990,2802,473,3   50,300,2,4112,4182,50,4   200,400,12,311,981,299,4   150,600,17,3338,4022,423,1   450,650,9,3543,3841,224,3   450,200,11,3752,4256,274,2   450,100,18,2580,3514,448,4   550,50,29,1478,3250,721,5   650,350,3,1246,1454,75,2   650,200,6,1523,1811,149,1   450,300,17,1521,2353,423,2   350,400,16,3627,4469,398,3   410,370,16,2432,3254,398,1   640,420,9,2775,3285,224,1   400,600,21,1663,2785,522,2   310,520,27,1465,2539,672,4   350,690,23,1249,2333,572,1   530,520,11,2830,3274,274,4   650,550,14,1575,2155,348,4   630,650,8,1429,1743,199,1   20,600,5,2279,2511,124,2   200,200,8,4052,4304,199,4   50,50,16,2986,4046,398,2   600,120,31,2400,4238,771,4   400,250,9,2780,3200,224,4   420,70,5,2221,2583,124,2   240,120,5,905,1195,124,5   230,30,7,1282,1642,174,4   110,140,18,2902,3988,448,1   60,380,16,2298,3220,398,1   20,480,1,1931,1973,25,2   80,560,27,2952,4470,672,3   130,520,36,1786,3892,896,2   60,680,30,1108,2778,746,3   470,470,13,694,1284,323,4   490,580,10,3159,3563,249,2   270,430,9,337,603,224,5   370,310,14,1484,1994,348,4   570,290,18,1624,2344,448,2   630,230,2,2520,2632,50,4   530,120,6,883,1191,149,2   320,120,7,3780,4022,174,4   360,260,18,2575,3593,448,3   210,240,28,2668,4380,697,1   170,340,3,2878,3042,75,2   120,240,13,2188,2686,323,2   240,580,19,2403,3399,473,3   270,690,10,695,1321,249,3   150,770,9,1101,1605,224,5   620,770,20,868,1986,498,2   490,730,25,114,990,622,4   670,50,25,639,1893,622,5   560,390,36,0,1550,896,2   370,470,6,3903,4191,149,1   370,560,5,3667,3873,124,5   570,680,15,980,1660,373,5   470,160,25,291,1591,622,2   440,170,9,2899,3247,224,4   460,130,8,967,1327,199,4   490,110,18,2292,3296,448,3   490,420,13,1746,2322,323,3   530,430,14,1176,1678,348,1   610,520,3,996,1142,75,4   570,480,23,473,1345,572,5   560,370,6,3004,3330,149,5   550,540,26,79,1395,647,2   150,470,16,20,1168,398,1   140,370,11,394,926,274,2   110,310,7,3397,3631,174,2   160,220,41,1093,2809,1020,3   40,180,35,1300,3230,871,1   280,180,26,2779,4175,647,2   260,520,9,2878,3452,224,1   260,350,15,3502,4494,373,1   310,670,3,3767,3883,75,4   150,190,1,2763,2823,25,3   220,220,2,4136,4228,50,5   180,240,22,2883,4223,547,1   260,270,27,2652,3890,672,3   250,240,20,292,1182,498,3   220,270,11,3594,4100,274,1   250,210,12,3699,4509,299,1   190,210,10,3318,3706,249,5   200,260,9,3393,3739,224,5   180,180,17,113,1055,423,4
!----------------------------------------------------------------
!Recharge stations: x,y
10,10   640,420   420,70   60,380   150,770   620,770   250,220   160,280   560,500   250,570

g inverse recharge rate 0.79
