!----------------------------------------------------------------
!Stores: (first: depot x,y; then: satellites x,y,maxCap)
10,10   200,260,777   210,470,777   360,160,777   420,570,777   450,350,777
!----------------------------------------------------------------
!Trucks: (total#, cap, cost/dist, fixcost)
2,640,1,150
!----------------------------------------------------------------
!CityFreighters: (max cf/sat, total#, cap, cost/dist, fixcost, maxCharge, energyConsumption)
50,50,160,1,80,490,1
!----------------------------------------------------------------
!Customers: (x, y, demand, readyTime, dueDate, serviceTime, penalizationCost)
370,520,7,1677,1991,109,5   490,490,30,1691,2819,467,5   520,640,16,638,1154,249,3   200,260,9,1890,2140,140,3   400,300,21,1892,2582,327,3   210,470,15,705,1141,234,5   170,630,19,613,1331,296,1   310,620,23,1793,2721,358,4   520,330,11,1748,2194,171,5   510,210,5,667,841,78,1   420,410,19,899,1569,296,1   310,320,29,817,1389,452,1   50,250,23,112,882,358,1   120,420,21,1281,2115,327,5   360,160,10,1598,1940,156,5   520,410,15,2466,3002,234,3   270,230,3,2005,2065,47,5   170,330,41,331,1639,638,1   130,130,9,1250,1552,140,1   570,580,28,1931,2901,436,3   620,420,8,1751,2005,125,3   420,570,8,791,1009,125,3   160,570,16,2126,2606,249,4   80,520,10,1766,2024,156,5   70,380,28,1237,2149,436,4   270,680,7,2053,2149,109,2   300,480,15,699,1245,234,1   430,670,14,1119,1387,218,3   580,480,6,1502,1636,93,2   580,270,19,1446,1926,296,5   370,690,11,324,616,171,3   380,460,12,1058,1600,187,1   460,100,23,479,1329,358,3   610,330,26,1147,1461,405,3   620,630,17,364,992,265,2   630,690,6,1370,1520,93,2   320,220,9,176,430,140,4   450,350,15,1213,1707,234,4   590,150,14,324,762,218,4   50,60,7,371,579,109,3   100,170,27,1395,2189,420,1   210,100,13,1425,1725,202,1   50,640,11,785,1211,171,3   300,150,16,1526,1958,249,4   390,100,10,1943,2225,156,5   320,390,5,1843,1943,78,5   250,320,25,1045,1807,389,2   250,550,17,0,587,265,1   480,280,18,634,1346,280,5   560,370,10,484,828,156,1
!----------------------------------------------------------------
!Recharge stations: x,y
10,10   200,260   210,470   360,160   420,570   450,350

g inverse recharge rate 0.55
