!----------------------------------------------------------------
!Stores: (first: depot x,y; then: satellites x,y,maxCap)
300,0   1680,198,1000   1105,702,1000   1469,679,1000   967,345,1000
!----------------------------------------------------------------
!Trucks: (total#, cap, cost/dist, fixcost)
2,181,1,128   2,250,1,150   2,331,1,172
!----------------------------------------------------------------
!CityFreighters: (max cf/sat, total#, cap, cost/dist, fixcost, maxCharge, energyConsumption)
3,3,90,1,68,722,1   4,4,125,1,80,1000,1   3,3,165,1,92,1322,1
!----------------------------------------------------------------
!Customers: (x, y, demand, readyTime, dueDate, serviceTime, penalizationCost)
802,540,20,4274,5740,591,3   1641,343,5,769,1005,148,3   1184,667,26,668,2790,769,3   942,312,28,4603,5889,828,3   1136,426,11,2029,2743,325,2   1212,394,11,1973,2743,325,2   962,605,16,581,1673,473,4   463,582,13,1655,2435,384,3   491,462,25,2197,4229,739,1   675,621,26,3789,5387,769,4   1505,436,12,3682,4162,355,5   1719,382,10,1629,2309,296,1   378,359,25,3370,4944,739,4   843,452,14,1891,2881,414,1   625,721,19,2945,4181,562,1   1634,400,25,2024,3498,739,2   1057,607,29,1674,3512,857,2   768,507,10,4635,5259,296,3   1543,611,14,440,1120,414,2   685,382,10,3003,3589,296,2   1027,322,17,3397,4659,503,3   816,578,7,3919,4223,207,1   727,698,8,3081,3631,237,2   1301,421,18,3154,4380,532,2   358,485,13,4461,5353,384,4   1767,538,18,475,1463,532,4   310,555,15,642,1728,443,4   693,574,18,2407,3373,532,3   878,305,18,590,1990,532,2   976,524,23,4120,5526,680,5   920,554,13,4823,5839,384,4   1291,546,23,2604,3638,680,4   799,506,10,4045,4607,296,4   890,602,24,865,2351,710,5   1746,558,19,3667,5131,562,4   1331,642,25,3400,5054,739,2   1567,456,27,4858,5752,798,5   1295,261,18,2257,3065,532,3   1304,310,5,4290,4628,148,2   681,714,14,3573,4469,414,4   809,607,16,2792,3546,473,2   725,388,8,1306,1786,237,2   103,632,4,1479,1673,118,5   1090,56,29,1595,3485,857,5   1906,663,25,256,1560,739,3   408,559,23,4115,5487,680,2   387,541,25,793,2379,739,2   138,358,12,4617,5233,355,1   1414,489,25,1070,2196,739,5   1645,614,3,3743,3917,89,1
!----------------------------------------------------------------
!Recharge stations: x,y
300,0   1680,198   1105,702   1469,679   967,345   326,462   761,296   1152,234   351,436   675,802   1276,477   613,572   1479,418   544,246   1956,463

g inverse recharge rate 0.55
