!----------------------------------------------------------------
!Stores: (first: depot x,y; then: satellites x,y,maxCap)
300,0   54,456,1000   164,276,1000   1745,570,1000   1076,323,1000
!----------------------------------------------------------------
!Trucks: (total#, cap, cost/dist, fixcost)
2,181,1,128   2,250,1,150   2,331,1,172
!----------------------------------------------------------------
!CityFreighters: (max cf/sat, total#, cap, cost/dist, fixcost, maxCharge, energyConsumption)
3,3,90,1,68,722,1   4,4,125,1,80,1000,1   3,3,165,1,92,1322,1
!----------------------------------------------------------------
!Customers: (x, y, demand, readyTime, dueDate, serviceTime, penalizationCost)
1267,379,15,2270,3580,656,4   588,332,25,282,3232,1093,3   359,385,20,2183,3813,875,2   1711,446,21,5307,7687,918,3   1748,553,14,2900,3840,612,1   501,610,4,4549,4829,175,2   743,356,4,5124,5536,175,3   1253,700,20,3250,4676,875,2   212,516,11,4588,5662,481,2   817,431,25,5836,7770,1093,1   473,323,12,5445,6765,525,1   884,530,20,5215,6869,875,2   319,527,29,5449,7987,1268,3   1013,202,12,1479,2635,525,1   666,690,7,3130,3734,306,1   1380,521,10,3590,4408,437,3   1542,585,17,2535,3573,743,1   218,469,18,3908,6008,787,1   1642,509,17,5320,7164,743,3   1370,431,25,4273,6417,1093,4   1398,390,15,4195,5747,656,5   1556,315,11,6067,7157,481,1   294,594,4,4947,5257,175,4   350,659,5,7708,8158,219,3   446,593,14,5755,7347,612,4   1467,397,23,2071,3439,1006,5   205,524,8,7147,7799,350,4   790,276,27,3746,5104,1181,2   364,353,18,6497,7477,787,2   1157,436,21,1900,4010,918,3   254,501,28,0,2543,1224,1   1672,607,20,5037,7369,875,2   1391,587,26,634,2398,1137,3   1096,593,4,733,1085,175,4   1335,471,6,6403,6853,262,4   1178,614,23,3503,5407,1006,3   662,563,13,6483,7509,568,5   956,365,21,4493,6011,918,2   1175,619,22,202,2598,962,1   1492,323,24,0,2463,1049,1   1622,680,5,4991,5381,219,2   254,287,26,1405,3937,1137,4   1860,336,17,3910,5240,743,1   1588,369,10,891,1679,437,2   1199,247,5,2741,3179,219,3   885,670,11,475,1367,481,4   108,629,6,4201,4503,262,2   1456,199,9,1133,1867,394,3   599,646,12,3820,4986,525,1   384,157,5,3910,4288,219,2
!----------------------------------------------------------------
!Recharge stations: x,y
300,0   54,456   164,276   1745,570   1076,323   895,312   1052,600   1666,701   1481,567   588,510   226,568   243,479   1265,205   1665,402   160,494   955,546   269,603   1421,693   639,189   1800,542   949,499   336,352   768,838   1590,129   266,356

g inverse recharge rate 0.73
