!----------------------------------------------------------------
!Stores: (first: depot x,y; then: satellites x,y,maxCap)
300,0   1002,917,1000   103,601,1000   426,696,1000   614,98,1000
!----------------------------------------------------------------
!Trucks: (total#, cap, cost/dist, fixcost)
2,181,1,128   2,250,1,150   2,331,1,172
!----------------------------------------------------------------
!CityFreighters: (max cf/sat, total#, cap, cost/dist, fixcost, maxCharge, energyConsumption)
3,3,90,1,68,722,1   4,4,125,1,80,1000,1   3,3,165,1,92,1322,1
!----------------------------------------------------------------
!Customers: (x, y, demand, readyTime, dueDate, serviceTime, penalizationCost)
1347,608,18,6420,7822,772,1   411,612,7,1710,2290,300,2   852,558,4,1167,1451,172,3   953,749,6,5010,5538,257,3   1328,600,27,3602,5364,1159,3   1203,628,12,1337,2573,515,1   1401,354,21,1362,3172,901,5   1587,324,13,2861,3959,558,4   1522,633,5,2051,2485,215,3   1253,424,10,2198,3206,429,4   1024,672,8,3219,3821,343,4   1337,743,13,5614,6688,558,1   940,357,5,6742,7150,215,3   1311,642,16,2101,3175,687,3   1695,558,28,1017,3471,1202,5   585,586,19,5265,7403,815,1   1061,582,14,5944,6768,601,2   940,546,5,1834,2366,215,2   1386,509,26,5472,7896,1116,2   510,434,26,4227,6527,1116,4   1343,701,4,6897,7283,172,1   1721,609,23,4372,6492,987,4   1493,580,10,5276,6018,429,4   918,642,29,3533,5685,1244,3   320,576,23,4084,6214,987,3   851,720,19,6579,8465,815,1   437,347,18,1773,3401,772,5   1773,549,8,6082,6864,343,1   587,656,18,378,2562,772,2   1318,469,25,5664,7964,1073,5   1086,232,6,4353,4827,257,2   959,214,19,755,2167,815,4   359,442,5,7950,8478,215,4   702,558,21,5192,6480,901,4   1732,412,22,5971,7589,944,3   809,732,25,1147,3203,1073,1   1590,695,8,2100,2820,343,2   649,476,11,2861,3899,472,4   1725,509,24,1953,4171,1030,1   552,397,18,2667,4501,772,5   1414,63,24,1224,3224,1030,1   1994,533,3,6467,6789,129,3   453,407,9,7695,8809,386,4   1327,714,27,5076,7284,1159,2   1354,537,18,4073,5693,772,5   1919,563,3,7214,7394,129,5   416,212,17,4838,6072,729,3   1372,201,23,1063,3153,987,2   1665,798,28,133,2411,1202,2   1051,387,24,0,1590,1030,5
!----------------------------------------------------------------
!Recharge stations: x,y
300,0   1002,917   103,601   426,696   614,98   1498,536   1333,640

g inverse recharge rate 0.75
