!----------------------------------------------------------------
!Stores: (first: depot x,y; then: satellites x,y,maxCap)
300,0   1653,568,1000   1871,320,1000   1234,686,1000   279,699,1000
!----------------------------------------------------------------
!Trucks: (total#, cap, cost/dist, fixcost)
2,181,1,128   2,250,1,150   2,331,1,172
!----------------------------------------------------------------
!CityFreighters: (max cf/sat, total#, cap, cost/dist, fixcost, maxCharge, energyConsumption)
3,3,90,1,68,722,1   4,4,125,1,80,1000,1   3,3,165,1,92,1322,1
!----------------------------------------------------------------
!Customers: (x, y, demand, readyTime, dueDate, serviceTime, penalizationCost)
1227,755,3,2060,2288,111,4   1781,476,27,391,2549,996,5   1051,385,9,5101,5703,332,3   366,540,25,3932,5526,922,5   801,289,7,6139,6785,258,5   1193,317,10,6033,6891,369,1   1060,468,29,2774,4804,1070,1   982,744,6,4139,4517,221,4   590,349,21,3604,5532,775,5   679,272,25,3934,6088,922,4   810,399,7,6202,6624,258,3   977,713,16,2478,3680,590,3   934,265,11,4265,4945,406,1   458,492,21,4505,6581,775,4   1554,663,27,3014,5220,996,3   460,405,13,4920,5996,480,4   1375,264,19,5471,7239,701,5   784,295,7,6208,6776,258,1   1185,262,17,5251,6125,627,2   852,774,19,4902,6408,701,3   205,510,9,3440,4212,332,4   917,244,5,1784,2064,184,5   1339,726,18,4795,6499,664,4   1557,371,24,2600,4566,885,5   1252,738,16,771,2379,590,5   1173,621,29,3691,5317,1070,3   1636,352,28,429,1635,1033,2   1435,523,26,4369,6265,959,5   441,334,8,3806,4306,295,3   237,572,3,6836,7050,111,4   321,577,12,3280,3972,443,1   1428,570,29,0,1726,1070,1   1536,287,20,4280,6058,738,1   794,332,27,1863,3463,996,1   1623,523,29,0,1882,1070,1   203,497,12,2370,3308,443,2   461,697,25,3292,5208,922,4   439,477,10,4882,5484,369,5   1354,714,20,5791,7601,738,2   1710,494,14,2665,3685,516,3   638,433,11,660,1522,406,5   1594,622,25,6071,7855,922,3   1350,165,5,3590,3892,184,1   1664,507,10,4818,5564,369,1   695,739,14,538,1600,516,1   1215,830,24,2609,4615,885,3   1584,213,27,3986,6666,996,5   318,339,20,2435,3757,738,4   1588,508,22,4409,6215,812,4   138,336,19,5136,6564,701,1
!----------------------------------------------------------------
!Recharge stations: x,y
300,0   1653,568   1871,320   1234,686   279,699   661,466   1714,350   994,513   564,385   1804,498   949,186   1456,213   1683,691   740,798   1284,621   107,487   185,487   1486,215   1524,745   856,617

g inverse recharge rate 0.7
