!----------------------------------------------------------------
!Stores: (first: depot x,y; then: satellites x,y,maxCap)
300,0   1104,923,1000   265,570,1000   1281,290,1000   997,241,1000
!----------------------------------------------------------------
!Trucks: (total#, cap, cost/dist, fixcost)
2,181,1,128   2,250,1,150   2,331,1,172
!----------------------------------------------------------------
!CityFreighters: (max cf/sat, total#, cap, cost/dist, fixcost, maxCharge, energyConsumption)
3,3,90,1,68,722,1   4,4,125,1,80,1000,1   3,3,165,1,92,1322,1
!----------------------------------------------------------------
!Customers: (x, y, demand, readyTime, dueDate, serviceTime, penalizationCost)
1080,593,8,872,1424,272,3   1753,528,17,1491,2477,578,5   445,400,22,1473,3251,748,2   812,373,17,4249,5127,578,5   1472,533,8,1866,2450,272,3   533,449,11,3059,3787,374,4   1500,396,28,3295,5349,951,4   783,520,8,1182,1760,272,1   447,670,25,0,2044,849,5   1673,643,11,3213,3881,374,3   295,397,24,2500,4314,815,2   674,443,18,2311,3891,612,5   293,545,25,2849,4765,849,2   941,487,4,4168,4484,136,2   1501,317,16,4734,5778,544,4   1263,474,8,4303,4909,272,2   1796,478,13,2003,2825,442,5   219,495,6,5370,5920,204,3   352,509,19,4888,6538,646,1   1628,651,7,5751,6301,238,2   1419,708,29,519,2593,985,2   1547,410,3,4911,5129,102,1   688,719,13,2274,3050,442,1   244,550,27,208,2218,917,1   1548,575,8,2155,2489,272,2   1494,578,22,4585,6249,748,3   1582,371,13,108,1510,442,2   1183,560,28,1890,3788,951,5   1142,241,24,4331,5821,815,1   1203,670,19,3316,4602,646,5   1177,440,12,927,1805,408,2   549,720,22,3855,5431,748,2   1499,389,22,3804,5294,748,3   1019,209,10,3161,4033,340,4   1299,607,28,1935,4323,951,4   1198,224,16,2486,3902,544,5   1770,470,19,2204,3028,646,1   1127,515,22,0,1152,748,4   603,584,8,998,1504,272,2   1027,603,15,2973,3941,510,2   1772,355,3,1260,1498,102,3   744,204,11,4740,5598,374,3   1723,488,5,4754,5050,170,4   933,674,23,2132,4070,781,1   1154,645,17,5295,6401,578,2   1093,727,27,2475,3797,917,1   1683,195,24,2894,4444,815,4   220,563,6,5804,6302,204,2   1524,784,22,1816,3326,748,2   1407,661,7,517,1111,238,4
!----------------------------------------------------------------
!Recharge stations: x,y
300,0   1104,923   265,570   1281,290   997,241   1508,355   1486,550   368,875   1766,541   1717,671   1244,246   1438,333   1269,613   1833,520   535,532   1338,766   189,400   1131,503   554,230   374,386

g inverse recharge rate 0.6
