!----------------------------------------------------------------
!Stores: (first: depot x,y; then: satellites x,y,maxCap)
300,0   941,202,1000   764,856,1000   989,385,1000   706,294,1000
!----------------------------------------------------------------
!Trucks: (total#, cap, cost/dist, fixcost)
2,181,1,128   2,250,1,150   2,331,1,172
!----------------------------------------------------------------
!CityFreighters: (max cf/sat, total#, cap, cost/dist, fixcost, maxCharge, energyConsumption)
3,3,90,1,68,722,1   4,4,125,1,80,1000,1   3,3,165,1,92,1322,1
!----------------------------------------------------------------
!Customers: (x, y, demand, readyTime, dueDate, serviceTime, penalizationCost)
395,389,21,3757,4951,568,3   1351,406,17,1822,2814,459,4   811,620,26,3227,4695,703,1   1558,318,7,4745,5067,189,2   1093,597,25,2633,3905,676,1   1670,525,9,1849,2473,243,2   1364,741,27,3506,5154,730,4   1108,353,6,2870,3234,162,5   811,277,23,1237,2469,622,1   570,613,13,484,1498,351,5   695,289,23,2295,3445,622,2   617,241,8,3652,4032,216,5   1471,373,12,3910,4474,324,5   846,746,4,1481,1709,108,2   486,281,19,1285,2353,513,2   1423,306,24,867,1933,649,3   1317,658,22,615,2017,595,2   1613,640,25,2980,4504,676,3   1043,609,14,3358,4182,378,5   482,401,15,3733,4701,405,1   1375,313,14,1237,1981,378,5   1698,587,27,2643,3815,730,2   1425,250,7,862,1268,189,3   1435,294,7,4387,4753,189,2   910,429,16,2792,3562,432,5   726,695,9,2883,3297,243,5   467,338,3,4135,4315,81,1   277,487,18,3401,4309,486,2   1079,513,15,1249,1849,405,2   341,514,12,821,1431,324,1   875,338,16,911,1435,432,5   331,498,15,1981,2663,405,1   314,395,15,2038,2964,405,1   616,561,23,589,1615,622,4   907,722,27,1762,3370,730,4   855,247,21,1053,2477,568,4   1116,540,27,940,2776,730,5   1531,429,10,4656,5074,270,3   582,522,10,1496,1922,270,3   628,409,11,3179,3723,297,4   1717,715,8,2542,2960,216,3   336,142,27,153,1509,730,4   1495,602,12,1742,2354,324,4   1059,62,13,16,934,351,1   1114,692,21,2665,3887,568,4   673,414,26,546,2080,703,2   527,885,11,2043,2733,297,2   1841,629,20,1768,3134,540,3   1315,472,23,3487,4893,622,5   465,222,19,2620,3506,513,5
!----------------------------------------------------------------
!Recharge stations: x,y
300,0   941,202   764,856   989,385   706,294   1527,333   1472,253

g inverse recharge rate 0.49
