!----------------------------------------------------------------
!Stores: (first: depot x,y; then: satellites x,y,maxCap)
300,0   14,516,1000   900,857,1000   226,729,1000   1523,387,1000
!----------------------------------------------------------------
!Trucks: (total#, cap, cost/dist, fixcost)
2,181,1,128   2,250,1,150   2,331,1,172
!----------------------------------------------------------------
!CityFreighters: (max cf/sat, total#, cap, cost/dist, fixcost, maxCharge, energyConsumption)
3,3,90,1,68,722,1   4,4,125,1,80,1000,1   3,3,165,1,92,1322,1
!----------------------------------------------------------------
!Customers: (x, y, demand, readyTime, dueDate, serviceTime, penalizationCost)
1319,462,5,1262,1442,231,4   1081,616,7,4973,5821,324,5   450,560,7,4055,4591,324,1   744,686,25,1825,4757,1156,1   227,439,18,5870,7434,833,4   1544,529,20,529,2211,925,5   1075,473,18,0,1642,833,5   1297,233,19,2388,4088,879,5   904,687,29,6052,7924,1341,2   643,611,27,3275,6337,1249,3   1565,665,29,796,4474,1341,3   1065,333,29,15,2391,1341,2   1500,324,11,4476,5424,509,4   1432,354,22,5633,7237,1018,3   853,713,19,3355,4539,879,3   302,509,13,3112,4270,601,5   1286,463,28,4151,6919,1295,5   981,764,6,1179,1867,278,1   211,508,22,0,1749,1018,1   1151,357,4,1605,1967,185,4   780,320,5,1846,2304,231,3   1193,762,21,5357,6971,971,2   1067,379,8,2766,3624,370,3   282,420,18,418,1942,833,3   469,601,3,2026,2268,139,2   1506,342,19,3572,5320,879,1   1686,616,7,3528,4112,324,5   1629,594,7,6693,7479,324,5   1703,469,9,1297,2147,416,5   1456,503,7,3882,4584,324,5   1129,307,8,5431,6163,370,1   1160,338,15,1246,2350,694,3   361,615,15,5744,7160,694,4   1119,208,16,1449,2953,740,3   412,308,11,5073,6245,509,3   1528,661,5,3083,3533,231,5   1697,511,18,5556,6700,833,1   1184,516,3,4889,5211,139,5   1284,408,22,243,2347,1018,4   1645,510,27,4627,7273,1249,1   1502,365,9,1929,2681,416,5   200,285,12,4269,5259,555,3   1168,618,5,7347,7865,231,5   1228,143,27,993,3847,1249,2   887,54,19,4542,6766,879,5   934,389,18,5669,7391,833,1   118,716,4,1953,2323,185,3   1557,122,26,666,3404,1203,1   1865,539,5,6034,6610,231,4   0,500,7,1969,2777,324,4
!----------------------------------------------------------------
!Recharge stations: x,y
300,0   14,516   900,857   226,729   1523,387   1473,232   516,325   1556,602   321,460   1133,641   162,451   212,453   1307,759   289,677   766,685   600,305   832,269   336,217   247,557   405,277

g inverse recharge rate 0.74
