!----------------------------------------------------------------
!Stores: (first: depot x,y; then: satellites x,y,maxCap)
300,0   732,403,1000   1811,773,1000   1333,923,1000   292,524,1000
!----------------------------------------------------------------
!Trucks: (total#, cap, cost/dist, fixcost)
2,181,1,128   2,250,1,150   2,331,1,172
!----------------------------------------------------------------
!CityFreighters: (max cf/sat, total#, cap, cost/dist, fixcost, maxCharge, energyConsumption)
3,3,90,1,68,722,1   4,4,125,1,80,1000,1   3,3,165,1,92,1322,1
!----------------------------------------------------------------
!Customers: (x, y, demand, readyTime, dueDate, serviceTime, penalizationCost)
272,537,9,5672,6266,351,2   717,464,19,4471,6319,741,5   753,610,16,3136,4148,624,2   1518,502,16,3347,4887,624,3   1131,684,12,2615,3679,468,4   276,491,14,2132,3328,546,1   1242,541,20,620,2416,780,1   1422,645,20,2736,4416,780,3   1749,415,25,4134,6024,974,1   841,499,16,1111,2471,624,4   557,543,10,3909,4739,390,1   522,388,24,2582,4866,936,5   1258,718,12,807,1661,468,5   1072,451,15,1966,3504,585,3   1490,350,18,1526,2892,702,3   1141,314,12,1605,2529,468,2   484,494,10,1941,3033,390,5   428,624,18,3610,5194,702,1   342,653,23,2713,3883,897,4   578,526,22,1861,3431,858,1   1372,269,7,689,1283,273,1   830,523,4,1034,1258,156,4   482,297,5,1244,1686,195,5   1602,373,29,1665,3171,1130,5   1486,588,10,1154,2142,390,2   649,414,25,1872,3716,974,3   1025,382,17,4329,6179,663,5   1065,439,14,978,2208,546,4   660,685,6,5040,5626,234,5   656,350,16,3655,4777,624,3   989,787,23,2332,4604,897,1   905,667,8,1170,1650,312,1   1641,625,25,320,2468,974,5   438,562,7,2574,3168,273,4   769,310,22,249,2245,858,1   1748,516,26,3901,5575,1013,1   487,628,16,4877,6237,624,3   572,723,10,6240,7088,390,2   216,479,6,5525,5979,234,2   798,595,22,1909,3127,858,2   1297,866,28,326,1650,1091,3   1021,106,11,2120,2996,429,4   1523,174,3,1171,1403,117,5   31,431,20,4472,5914,780,3   1776,656,3,5412,5706,117,2   1660,243,24,5203,6461,936,2   1965,617,14,2157,3369,546,4   284,442,8,2307,2917,312,5   312,522,25,4089,5649,974,3   467,589,20,4580,6318,780,4
!----------------------------------------------------------------
!Recharge stations: x,y
300,0   732,403   1811,773   1333,923   292,524   532,607   1579,633

g inverse recharge rate 0.67
