!----------------------------------------------------------------
!Stores: (first: depot x,y; then: satellites x,y,maxCap)
300,0   1104,923,1000   265,570,1000   1281,290,1000   997,241,1000
!----------------------------------------------------------------
!Trucks: (total#, cap, cost/dist, fixcost)
2,181,1,128   2,250,1,150   2,331,1,172
!----------------------------------------------------------------
!CityFreighters: (max cf/sat, total#, cap, cost/dist, fixcost, maxCharge, energyConsumption)
3,3,90,1,68,722,1   4,4,125,1,80,1000,1   3,3,165,1,92,1322,1
!----------------------------------------------------------------
!Customers: (x, y, demand, readyTime, dueDate, serviceTime, penalizationCost)
1080,593,8,3386,3948,272,1   1753,528,17,3063,4763,578,5   445,400,22,1332,2572,748,3   812,373,17,2912,4178,578,5   1472,533,8,1223,1751,272,1   533,449,11,2765,3583,374,2   1500,396,28,3257,4829,951,5   783,520,8,5431,6005,272,3   447,670,25,4120,5894,849,3   1673,643,11,5267,5973,374,3   295,397,24,2485,4893,815,3   674,443,18,3794,5050,612,2   293,545,25,744,2698,849,1   941,487,4,5303,5573,136,4   1501,317,16,4666,5918,544,1   1263,474,8,2085,2597,272,2   1796,478,13,2339,3139,442,4   219,495,6,4102,4406,204,1   352,509,19,5115,6235,646,3   1628,651,7,3188,3646,238,3   1419,708,29,1816,3792,985,5   1547,410,3,3716,3898,102,3   688,719,13,5497,6343,442,1   244,550,27,4370,6044,917,1   1548,575,8,1514,2136,272,5   1494,578,22,0,1854,748,3   1582,371,13,4723,5497,442,1   1183,560,28,4654,5902,951,4   1142,241,24,2484,3996,815,3   1203,670,19,3020,4626,646,2   1177,440,12,3218,3778,408,5   549,720,22,3280,4590,748,2   1499,389,22,4407,5833,748,2   1019,209,10,3384,4066,340,1   1299,607,28,4088,5968,951,2   1198,224,16,2211,3217,544,2   1770,470,19,389,1489,646,2   1127,515,22,139,2039,748,4   603,584,8,1988,2628,272,3   1027,603,15,996,2510,510,5   1772,355,3,1491,1701,102,4   744,204,11,2374,3342,374,1   1723,488,5,2402,2658,170,4   933,674,23,2973,4363,781,3   1154,645,17,2273,2827,578,4   1093,727,27,3404,4740,917,2   1683,195,24,4104,5754,815,5   220,563,6,571,951,204,5   1524,784,22,1175,2541,748,5   1407,661,7,4070,4524,238,3
!----------------------------------------------------------------
!Recharge stations: x,y
300,0   1104,923   265,570   1281,290   997,241   1508,355   1486,550

g inverse recharge rate 0.6
