!----------------------------------------------------------------
!Stores: (first: depot x,y; then: satellites x,y,maxCap)
300,0   202,728,1000   890,151,1000   513,786,1000   1784,582,1000
!----------------------------------------------------------------
!Trucks: (total#, cap, cost/dist, fixcost)
2,181,1,128   2,250,1,150   2,331,1,172
!----------------------------------------------------------------
!CityFreighters: (max cf/sat, total#, cap, cost/dist, fixcost, maxCharge, energyConsumption)
3,3,90,1,68,722,1   4,4,125,1,80,1000,1   3,3,165,1,92,1322,1
!----------------------------------------------------------------
!Customers: (x, y, demand, readyTime, dueDate, serviceTime, penalizationCost)
1750,415,9,2488,3280,325,5   841,486,16,2798,4374,577,2   899,411,18,4358,5888,650,2   388,556,12,3612,4748,433,4   393,583,29,3372,6104,1046,1   839,230,24,4910,7104,866,5   643,498,20,2062,3830,722,1   337,493,29,3040,5320,1046,5   999,763,12,1082,1970,433,4   1500,311,15,5279,6191,541,1   963,247,4,5064,5346,144,1   798,280,29,2556,4716,1046,1   577,520,6,2341,2781,217,5   1797,503,9,3629,4429,325,2   677,431,16,2009,2877,577,2   824,704,7,430,826,253,5   459,457,24,1912,3782,866,4   1114,683,29,4742,6956,1046,4   619,594,18,3824,5116,650,5   1160,259,7,4797,5101,253,1   1047,255,26,362,2192,938,4   343,365,6,3938,4310,217,5   441,433,9,2763,3459,325,5   473,433,12,4950,5778,433,4   407,687,26,3993,5673,938,5   790,432,16,1748,3488,577,4   1297,414,19,1099,2187,686,2   405,375,3,6682,6876,108,5   1439,389,25,2307,4259,902,5   594,417,9,4121,4879,325,1   341,609,23,5698,7432,830,3   775,660,11,1929,2727,397,1   352,634,22,600,2356,794,3   357,638,10,2914,3590,361,1   1159,427,3,4757,5033,108,5   281,607,27,1903,4389,974,3   1068,421,25,1676,2792,902,5   905,634,14,5770,6902,505,4   1419,319,20,681,2419,722,2   1686,485,28,348,1836,1010,1   944,857,27,831,2725,974,4   1666,342,10,5471,6219,361,3   1434,829,9,4869,5455,325,4   1057,640,13,6056,6970,469,2   364,687,25,249,2275,902,3   409,496,20,5243,6477,722,5   1720,468,29,4357,7327,1046,5   1379,702,24,3265,5127,866,2   1772,212,16,1096,2220,577,4   1585,896,7,2985,3287,253,1
!----------------------------------------------------------------
!Recharge stations: x,y
300,0   202,728   890,151   513,786   1784,582   448,468   986,218   351,644   341,622   717,273   826,244   365,552   746,715   636,773   1015,235

g inverse recharge rate 0.67
