!----------------------------------------------------------------
!Stores: (first: depot x,y; then: satellites x,y,maxCap)
300,0   1314,650,1000   548,85,1000   70,356,1000   844,731,1000
!----------------------------------------------------------------
!Trucks: (total#, cap, cost/dist, fixcost)
2,181,1,128   2,250,1,150   2,331,1,172
!----------------------------------------------------------------
!CityFreighters: (max cf/sat, total#, cap, cost/dist, fixcost, maxCharge, energyConsumption)
3,3,90,1,68,722,1   4,4,125,1,80,1000,1   3,3,165,1,92,1322,1
!----------------------------------------------------------------
!Customers: (x, y, demand, readyTime, dueDate, serviceTime, penalizationCost)
1140,489,22,344,2040,844,1   1210,344,10,5017,5967,384,3   283,552,7,6795,7301,269,2   1743,579,11,4934,5514,422,5   660,253,15,4335,5661,575,3   808,679,4,6965,7199,153,3   288,610,3,4995,5253,115,1   1320,570,10,1705,2443,384,3   984,331,29,3902,6128,1112,4   1198,680,17,5234,6742,652,1   1390,344,18,3246,5112,691,4   1427,604,7,3113,3793,269,1   1264,777,19,2112,3520,729,3   1192,450,16,1955,3073,614,1   1350,439,21,5331,6659,806,2   890,676,22,795,2393,844,3   1265,750,17,5499,6951,652,4   1488,311,23,4501,6583,882,1   1676,533,17,1391,2889,652,2   232,547,26,129,2037,997,2   1548,424,16,147,1821,614,5   1087,469,19,368,1712,729,1   577,324,11,5152,5902,422,4   200,500,25,1389,2725,959,5   1621,484,11,5820,6608,422,1   1585,514,27,2393,4841,1036,3   457,347,10,1564,2366,384,4   1507,592,12,4085,5247,460,4   316,368,13,5594,6276,499,3   512,602,9,5940,6596,345,2   1445,645,28,3671,6413,1074,3   805,561,5,3963,4339,192,1   342,511,23,5563,7405,882,5   1639,556,18,5394,7084,691,2   825,343,7,4485,5093,269,3   1751,499,18,5275,6599,691,2   1684,637,18,3606,4568,691,5   1472,666,8,5502,6196,307,5   1094,424,11,4907,5543,422,5   1701,426,18,4323,5825,691,2   1345,660,19,5616,7220,729,1   878,16,28,3949,5633,1074,4   216,792,7,5865,6741,269,3   961,798,21,5873,7175,806,4   1184,801,12,5201,5799,460,4   1274,186,22,5101,6555,844,1   928,905,19,4029,5645,729,3   1061,989,25,2636,4600,959,2   474,471,11,6505,7507,422,2   248,292,11,1354,2276,422,1
!----------------------------------------------------------------
!Recharge stations: x,y
300,0   1314,650   548,85   70,356   844,731   273,357   372,710   1529,261   1270,389   655,302   1674,380   1396,767   244,452   1523,709   426,287   921,702   861,575   1356,580   529,269   122,368   690,624   750,182   364,612   1301,231   417,330

g inverse recharge rate 0.67
