!----------------------------------------------------------------
!Stores: (first: depot x,y; then: satellites x,y,maxCap)
300,0   1913,443,1000   1219,926,1000   608,792,1000   1816,280,1000
!----------------------------------------------------------------
!Trucks: (total#, cap, cost/dist, fixcost)
2,181,1,128   2,250,1,150   2,331,1,172
!----------------------------------------------------------------
!CityFreighters: (max cf/sat, total#, cap, cost/dist, fixcost, maxCharge, energyConsumption)
3,3,90,1,68,722,1   4,4,125,1,80,1000,1   3,3,165,1,92,1322,1
!----------------------------------------------------------------
!Customers: (x, y, demand, readyTime, dueDate, serviceTime, penalizationCost)
623,450,10,6690,7696,415,5   281,390,29,3882,6776,1203,5   884,287,9,1026,1898,373,1   1629,573,29,4688,7558,1203,3   974,731,8,3132,3714,332,3   529,469,12,1870,2900,498,3   1551,495,8,6869,7293,332,4   1351,754,3,3529,3789,124,3   602,631,10,6215,7219,415,4   898,367,3,1324,1506,124,1   1699,559,21,1689,3915,871,2   378,609,17,1288,3534,705,4   370,498,3,3255,3535,124,5   469,445,17,1450,2278,705,5   1184,511,12,2078,3242,498,3   495,516,8,4262,4776,332,5   1495,720,6,5785,6205,249,2   530,438,28,4324,6322,1161,2   981,779,7,4657,5399,290,5   510,736,25,2522,5534,1037,2   361,612,10,1970,2594,415,1   1250,678,25,3626,5430,1037,3   756,555,10,2997,4097,415,5   800,283,3,6891,7137,124,2   490,577,16,341,1855,664,2   461,372,20,5879,7137,830,1   654,765,15,2833,3901,622,3   1709,537,25,358,2288,1037,2   440,471,27,4872,7208,1120,3   571,333,21,1462,3198,871,3   1234,454,25,487,2555,1037,5   1631,401,20,4254,6486,830,3   598,321,13,4257,5339,539,5   1653,656,20,6588,7948,830,1   913,741,8,6881,7509,332,2   1356,482,28,3752,6382,1161,5   1699,452,29,5270,7826,1203,1   484,331,9,6243,7019,373,2   1148,231,7,2518,3164,290,4   1454,444,24,2257,4409,996,5   1784,634,11,7300,7894,456,5   1304,192,12,6743,7627,498,5   1100,315,12,1122,2376,498,2   1382,546,17,5320,6964,705,5   1638,743,29,1132,2906,1203,5   633,80,29,3208,5612,1203,4   1600,703,24,2710,4806,996,2   1675,196,3,6058,6414,124,2   1892,642,20,310,1518,830,5   1161,242,23,0,2385,954,4
!----------------------------------------------------------------
!Recharge stations: x,y
300,0   1913,443   1219,926   608,792   1816,280   1120,355   857,292   1951,593   934,802   1543,499   446,556   1631,279   618,418   876,562   1684,653   179,492   1561,414   220,579   881,173   364,870   1589,151   1300,690   1699,338   1107,831   125,616   1222,262   536,286   1214,623   381,712   1673,507

g inverse recharge rate 0.73
