!----------------------------------------------------------------
!Stores: (first: depot x,y; then: satellites x,y,maxCap)
300,0   341,811,1000   468,469,1000   1903,681,1000   1739,317,1000
!----------------------------------------------------------------
!Trucks: (total#, cap, cost/dist, fixcost)
2,181,1,128   2,250,1,150   2,331,1,172
!----------------------------------------------------------------
!CityFreighters: (max cf/sat, total#, cap, cost/dist, fixcost, maxCharge, energyConsumption)
3,3,90,1,68,722,1   4,4,125,1,80,1000,1   3,3,165,1,92,1322,1
!----------------------------------------------------------------
!Customers: (x, y, demand, readyTime, dueDate, serviceTime, penalizationCost)
1457,621,29,0,2466,1354,3   1369,514,15,6239,7213,701,1   450,294,18,4160,5702,841,4   1201,625,4,1616,2068,187,4   303,393,10,2123,3073,467,5   626,373,9,5835,6767,420,3   986,751,21,1615,3491,981,4   1687,572,6,613,1281,280,4   807,535,17,927,2151,794,3   957,602,7,6256,6922,327,3   1341,466,14,5709,6707,654,5   868,335,19,3309,5593,887,3   1477,427,3,6535,6805,140,3   1710,513,7,4713,5407,327,4   297,516,18,757,2737,841,3   1566,595,15,6204,7474,701,4   982,373,19,4307,6325,887,4   602,560,12,551,1863,560,2   1018,575,17,463,1749,794,2   681,511,19,1141,3417,887,2   390,389,12,3935,5057,560,1   1717,407,3,4231,4489,140,3   812,728,4,5456,5944,187,5   1482,411,11,1212,2516,514,4   1121,230,9,4298,4838,420,5   724,609,5,1128,1654,234,1   732,543,7,5860,6652,327,5   1701,427,5,2393,2931,234,3   1429,411,26,0,2557,1214,4   1580,334,6,4049,4665,280,1   1542,363,4,4250,4774,187,4   446,356,26,4258,7322,1214,1   1325,511,28,3011,5725,1308,5   1040,543,14,4820,6544,654,4   839,762,10,5847,6643,467,5   826,427,25,3478,5446,1168,1   1622,535,18,3559,5075,841,4   1205,493,22,4441,6305,1027,2   1756,487,13,5482,6974,607,2   1757,458,13,3451,4779,607,2   1205,634,26,4526,7192,1214,2   968,82,17,2219,4029,794,2   552,907,29,1867,4147,1354,5   933,725,11,3565,4533,514,2   1702,535,16,1633,2873,747,5   1374,356,9,3369,4315,420,1   1225,149,10,5132,6034,467,2   1029,837,20,2617,4121,934,1   894,84,23,4899,6427,1074,3   210,630,15,2434,3798,701,3
!----------------------------------------------------------------
!Recharge stations: x,y
300,0   341,811   468,469   1903,681   1739,317   848,592   1099,507   911,413   213,615   548,783   383,254   565,713   1717,496   1501,750   472,394

g inverse recharge rate 0.73
