!----------------------------------------------------------------
!Stores: (first: depot x,y; then: satellites x,y,maxCap)
300,0   1104,923,1000   265,570,1000   1281,290,1000   997,241,1000
!----------------------------------------------------------------
!Trucks: (total#, cap, cost/dist, fixcost)
2,181,1,128   2,250,1,150   2,331,1,172
!----------------------------------------------------------------
!CityFreighters: (max cf/sat, total#, cap, cost/dist, fixcost, maxCharge, energyConsumption)
3,3,90,1,68,722,1   4,4,125,1,80,1000,1   3,3,165,1,92,1322,1
!----------------------------------------------------------------
!Customers: (x, y, demand, readyTime, dueDate, serviceTime, penalizationCost)
1080,593,8,6036,6512,272,3   1753,528,17,2518,3218,578,3   445,400,22,4709,6609,748,1   812,373,17,857,2113,578,5   1472,533,8,498,1012,272,1   533,449,11,507,1463,374,4   1500,396,28,1094,3018,951,4   783,520,8,1087,1617,272,1   447,670,25,4456,6532,849,1   1673,643,11,567,1245,374,3   295,397,24,1121,2975,815,2   674,443,18,3975,5401,612,3   293,545,25,2677,4423,849,3   941,487,4,4710,4918,136,1   1501,317,16,367,1115,544,5   1263,474,8,830,1468,272,1   1796,478,13,1245,2033,442,4   219,495,6,4582,5010,204,2   352,509,19,861,1969,646,4   1628,651,7,640,1066,238,2   1419,708,29,973,3207,985,4   1547,410,3,6327,6527,102,5   688,719,13,3413,4257,442,1   244,550,27,3856,6388,917,5   1548,575,8,1958,2524,272,1   1494,578,22,3144,4910,748,1   1582,371,13,1860,2862,442,5   1183,560,28,618,2136,951,4   1142,241,24,5067,6683,815,1   1203,670,19,5443,6653,646,3   1177,440,12,2879,3495,408,2   549,720,22,2431,3945,748,3   1499,389,22,1881,4113,748,3   1019,209,10,1241,1935,340,5   1299,607,28,0,1862,951,5   1198,224,16,4335,5591,544,3   1770,470,19,3341,4257,646,5   1127,515,22,2691,3539,748,1   603,584,8,2155,2719,272,1   1027,603,15,1436,2438,510,2   1772,355,3,1394,1562,102,5   744,204,11,4206,5190,374,2   1723,488,5,1132,1346,170,5   933,674,23,2707,4399,781,2   1154,645,17,4952,6068,578,5   1093,727,27,3057,4873,917,3   1683,195,24,2578,3844,815,5   220,563,6,5088,5318,204,4   1524,784,22,597,2019,748,4   1407,661,7,2467,2923,238,3
!----------------------------------------------------------------
!Recharge stations: x,y
300,0   1104,923   265,570   1281,290   997,241   1508,355   1486,550   368,875

g inverse recharge rate 0.6
