!----------------------------------------------------------------
!Stores: (first: depot x,y; then: satellites x,y,maxCap)
300,0   1680,198,1000   1105,702,1000   1469,679,1000   967,345,1000
!----------------------------------------------------------------
!Trucks: (total#, cap, cost/dist, fixcost)
2,181,1,128   2,250,1,150   2,331,1,172
!----------------------------------------------------------------
!CityFreighters: (max cf/sat, total#, cap, cost/dist, fixcost, maxCharge, energyConsumption)
3,3,90,1,68,722,1   4,4,125,1,80,1000,1   3,3,165,1,92,1322,1
!----------------------------------------------------------------
!Customers: (x, y, demand, readyTime, dueDate, serviceTime, penalizationCost)
802,540,20,4968,6130,591,4   1641,343,5,3188,3388,148,2   1184,667,26,2556,3880,769,1   942,312,28,3828,5538,828,1   1136,426,11,2324,3146,325,1   1212,394,11,846,1400,325,5   962,605,16,974,2158,473,2   463,582,13,2241,3215,384,4   491,462,25,527,2143,739,1   675,621,26,2628,3584,769,5   1505,436,12,1993,2607,355,1   1719,382,10,3207,3805,296,2   378,359,25,1475,3223,739,1   843,452,14,2171,2867,414,2   625,721,19,1911,3121,562,5   1634,400,25,4113,5693,739,5   1057,607,29,280,2164,857,5   768,507,10,3101,3795,296,2   1543,611,14,3117,4273,414,5   685,382,10,1406,2016,296,2   1027,322,17,3119,4249,503,4   816,578,7,5281,5567,207,4   727,698,8,3204,3572,237,4   1301,421,18,3362,4394,532,2   358,485,13,3113,3933,384,4   1767,538,18,1750,3040,532,2   310,555,15,3451,4485,443,4   693,574,18,1624,2540,532,4   878,305,18,2920,3802,532,4   976,524,23,0,1496,680,1   920,554,13,130,1030,384,1   1291,546,23,4117,5233,680,4   799,506,10,1847,2527,296,1   890,602,24,3342,4924,710,5   1746,558,19,3253,4355,562,4   1331,642,25,2627,4349,739,5   1567,456,27,2394,4176,798,1   1295,261,18,1860,2810,532,2   1304,310,5,717,983,148,2   681,714,14,1597,2493,414,3   809,607,16,558,1512,473,1   725,388,8,3385,3885,237,2   103,632,4,1709,1981,118,1   1090,56,29,1380,3154,857,5   1906,663,25,3983,4873,739,4   408,559,23,4131,5491,680,5   387,541,25,3827,5327,739,4   138,358,12,2626,3258,355,3   1414,489,25,2731,3933,739,1   1645,614,3,2451,2631,89,5
!----------------------------------------------------------------
!Recharge stations: x,y
300,0   1680,198   1105,702   1469,679   967,345   326,462   761,296   1152,234

g inverse recharge rate 0.55
