!----------------------------------------------------------------
!Stores: (first: depot x,y; then: satellites x,y,maxCap)
300,0   1653,568,1000   1871,320,1000   1234,686,1000   279,699,1000
!----------------------------------------------------------------
!Trucks: (total#, cap, cost/dist, fixcost)
2,181,1,128   2,250,1,150   2,331,1,172
!----------------------------------------------------------------
!CityFreighters: (max cf/sat, total#, cap, cost/dist, fixcost, maxCharge, energyConsumption)
3,3,90,1,68,722,1   4,4,125,1,80,1000,1   3,3,165,1,92,1322,1
!----------------------------------------------------------------
!Customers: (x, y, demand, readyTime, dueDate, serviceTime, penalizationCost)
1227,755,3,6673,6891,111,1   1781,476,27,5367,7443,996,2   1051,385,9,6754,7424,332,3   366,540,25,2324,3542,922,5   801,289,7,3288,3840,258,4   1193,317,10,3455,4225,369,1   1060,468,29,1839,3735,1070,1   982,744,6,3002,3378,221,2   590,349,21,1993,3805,775,2   679,272,25,4534,5914,922,3   810,399,7,2101,2605,258,5   977,713,16,1029,2077,590,5   934,265,11,4213,5449,406,2   458,492,21,4691,6043,775,5   1554,663,27,3879,6255,996,1   460,405,13,4346,5152,480,2   1375,264,19,3902,5352,701,1   784,295,7,5022,5458,258,2   1185,262,17,6002,7496,627,2   852,774,19,5162,6256,701,1   205,510,9,4585,5263,332,5   917,244,5,1787,2089,184,3   1339,726,18,4091,5503,664,5   1557,371,24,2921,4323,885,1   1252,738,16,572,1422,590,5   1173,621,29,3148,4314,1070,2   1636,352,28,2199,4493,1033,5   1435,523,26,1555,2961,959,2   441,334,8,5885,6521,295,4   237,572,3,5084,5304,111,5   321,577,12,727,1525,443,4   1428,570,29,3105,5765,1070,2   1536,287,20,6494,7698,738,4   794,332,27,2073,3801,996,3   1623,523,29,1857,3877,1070,1   203,497,12,2034,3104,443,2   461,697,25,5366,7582,922,5   439,477,10,2012,2750,369,5   1354,714,20,3641,4819,738,5   1710,494,14,5210,6094,516,4   638,433,11,2266,3268,406,5   1594,622,25,969,2985,922,1   1350,165,5,2507,2921,184,3   1664,507,10,6748,7406,369,3   695,739,14,2929,3723,516,1   1215,830,24,2292,4034,885,3   1584,213,27,0,1683,996,3   318,339,20,2385,3327,738,1   1588,508,22,0,1434,812,4   138,336,19,1984,3032,701,5
!----------------------------------------------------------------
!Recharge stations: x,y
300,0   1653,568   1871,320   1234,686   279,699   661,466   1714,350

g inverse recharge rate 0.7
