!----------------------------------------------------------------
!Stores: (first: depot x,y; then: satellites x,y,maxCap)
300,0   54,456,1000   164,276,1000   1745,570,1000   1076,323,1000
!----------------------------------------------------------------
!Trucks: (total#, cap, cost/dist, fixcost)
2,181,1,128   2,250,1,150   2,331,1,172
!----------------------------------------------------------------
!CityFreighters: (max cf/sat, total#, cap, cost/dist, fixcost, maxCharge, energyConsumption)
3,3,90,1,68,722,1   4,4,125,1,80,1000,1   3,3,165,1,92,1322,1
!----------------------------------------------------------------
!Customers: (x, y, demand, readyTime, dueDate, serviceTime, penalizationCost)
1267,379,15,1599,2929,656,1   588,332,25,2013,4591,1093,1   359,385,20,3970,6758,875,5   1711,446,21,4801,6369,918,1   1748,553,14,490,1604,612,3   501,610,4,3447,3779,175,1   743,356,4,7254,7662,175,2   1253,700,20,2339,4005,875,4   212,516,11,5623,6203,481,2   817,431,25,5760,8340,1093,1   473,323,12,2050,3418,525,4   884,530,20,4789,6901,875,1   319,527,29,4829,6803,1268,4   1013,202,12,4773,5689,525,3   666,690,7,1941,2609,306,4   1380,521,10,6700,7744,437,3   1542,585,17,5237,6501,743,3   218,469,18,3802,4896,787,4   1642,509,17,3686,5080,743,1   1370,431,25,0,1803,1093,1   1398,390,15,3669,5087,656,4   1556,315,11,4672,5864,481,5   294,594,4,5476,5790,175,1   350,659,5,1338,1750,219,2   446,593,14,4895,5989,612,1   1467,397,23,2358,3954,1006,5   205,524,8,2400,3292,350,2   790,276,27,5199,7103,1181,5   364,353,18,3995,6133,787,3   1157,436,21,5529,7645,918,4   254,501,28,846,3358,1224,1   1672,607,20,2412,4604,875,4   1391,587,26,915,2609,1137,3   1096,593,4,2949,3407,175,1   1335,471,6,931,1215,262,4   1178,614,23,4578,6636,1006,5   662,563,13,6763,8277,568,5   956,365,21,3345,4579,918,5   1175,619,22,4349,6963,962,2   1492,323,24,3619,5593,1049,1   1622,680,5,1474,1916,219,4   254,287,26,781,3491,1137,5   1860,336,17,3449,5345,743,3   1588,369,10,4505,5387,437,4   1199,247,5,6584,6972,219,1   885,670,11,1071,2327,481,3   108,629,6,6674,7232,262,5   1456,199,9,1940,2624,394,1   599,646,12,4629,5843,525,1   384,157,5,4848,5260,219,4
!----------------------------------------------------------------
!Recharge stations: x,y
300,0   54,456   164,276   1745,570   1076,323   895,312   1052,600   1666,701   1481,567   588,510

g inverse recharge rate 0.73
