!----------------------------------------------------------------
!Stores: (first: depot x,y; then: satellites x,y,maxCap)
300,0   341,811,1000   468,469,1000   1903,681,1000   1739,317,1000
!----------------------------------------------------------------
!Trucks: (total#, cap, cost/dist, fixcost)
2,181,1,128   2,250,1,150   2,331,1,172
!----------------------------------------------------------------
!CityFreighters: (max cf/sat, total#, cap, cost/dist, fixcost, maxCharge, energyConsumption)
3,3,90,1,68,722,1   4,4,125,1,80,1000,1   3,3,165,1,92,1322,1
!----------------------------------------------------------------
!Customers: (x, y, demand, readyTime, dueDate, serviceTime, penalizationCost)
1457,621,29,4043,6759,1354,5   1369,514,15,3392,4836,701,1   450,294,18,3965,5627,841,3   1201,625,4,6732,7182,187,1   303,393,10,6390,7030,467,1   626,373,9,1259,2109,420,1   986,751,21,2308,3666,981,2   1687,572,6,5572,6066,280,5   807,535,17,3446,4926,794,1   957,602,7,5497,6377,327,4   1341,466,14,573,2331,654,1   868,335,19,2121,3229,887,4   1477,427,3,1611,1911,140,1   1710,513,7,5404,6114,327,3   297,516,18,4519,6465,841,3   1566,595,15,2262,3562,701,5   982,373,19,5602,7534,887,1   602,560,12,6470,7532,560,5   1018,575,17,6482,8032,794,5   681,511,19,414,2550,887,2   390,389,12,609,1879,560,3   1717,407,3,4022,4450,140,4   812,728,4,3151,3421,187,5   1482,411,11,4734,5680,514,1   1121,230,9,4412,5092,420,1   724,609,5,2673,3041,234,4   732,543,7,4784,5496,327,1   1701,427,5,1562,1874,234,1   1429,411,26,4113,6347,1214,1   1580,334,6,3035,3585,280,2   1542,363,4,1219,1737,187,1   446,356,26,3386,6280,1214,5   1325,511,28,4732,6658,1308,4   1040,543,14,4722,6110,654,3   839,762,10,955,1733,467,4   826,427,25,864,3434,1168,1   1622,535,18,5648,7264,841,1   1205,493,22,1159,2973,1027,4   1756,487,13,2108,3244,607,3   1757,458,13,5556,6254,607,5   1205,634,26,1833,4061,1214,4   968,82,17,4307,5523,794,5   552,907,29,3652,6252,1354,4   933,725,11,461,1091,514,4   1702,535,16,4824,6534,747,4   1374,356,9,4243,4967,420,4   1225,149,10,3755,4715,467,1   1029,837,20,5336,7448,934,1   894,84,23,510,2852,1074,3   210,630,15,862,2042,701,3
!----------------------------------------------------------------
!Recharge stations: x,y
300,0   341,811   468,469   1903,681   1739,317   848,592   1099,507   911,413

g inverse recharge rate 0.73
