!----------------------------------------------------------------
!Stores: (first: depot x,y; then: satellites x,y,maxCap)
300,0   1056,693,1000   103,661,1000   114,485,1000   1304,808,1000
!----------------------------------------------------------------
!Trucks: (total#, cap, cost/dist, fixcost)
2,181,1,128   2,250,1,150   2,331,1,172
!----------------------------------------------------------------
!CityFreighters: (max cf/sat, total#, cap, cost/dist, fixcost, maxCharge, energyConsumption)
3,3,90,1,68,722,1   4,4,125,1,80,1000,1   3,3,165,1,92,1322,1
!----------------------------------------------------------------
!Customers: (x, y, demand, readyTime, dueDate, serviceTime, penalizationCost)
1163,500,29,1886,4076,1042,3   1367,493,17,4367,5593,611,5   1485,607,26,658,3620,934,1   1714,389,16,1619,2435,575,5   1141,670,10,3700,4468,359,3   342,564,29,1260,3110,1042,4   881,394,10,5316,5854,359,5   363,652,13,1934,2766,467,5   1144,739,20,1917,2905,719,2   262,395,5,2267,2541,180,5   1289,387,5,2573,2799,180,1   1060,256,28,4663,7435,1006,4   1137,712,4,879,1197,144,3   877,554,6,5063,5541,216,5   387,602,17,4828,6128,611,5   499,280,28,3041,5175,1006,1   735,489,9,1199,1651,323,4   1138,223,5,6449,6857,180,3   1773,517,24,2963,4595,862,2   463,646,22,2135,4147,791,1   225,513,28,2443,4361,1006,3   987,328,14,4519,5657,503,3   1718,618,10,2885,3531,359,5   527,297,15,5547,6335,539,3   1653,580,26,629,2103,934,1   847,769,3,2520,2710,108,4   429,548,20,4372,6332,719,2   745,448,19,3820,5698,683,2   1593,500,3,4657,4833,108,2   469,718,18,1890,3506,647,5   1343,759,21,3024,3970,755,2   1460,507,4,3544,3882,144,3   1261,735,24,2903,4367,862,2   722,686,29,33,2143,1042,2   1404,478,14,5008,5820,503,3   677,632,22,2462,4102,791,5   1007,383,4,3866,4220,144,3   461,675,26,3565,5513,934,3   1362,527,13,3314,4222,467,2   980,486,3,2416,2630,108,4   644,679,20,733,2363,719,1   406,154,21,3737,5033,755,4   1111,292,15,5070,6184,539,2   367,807,6,4247,4663,216,1   285,608,27,4974,6778,970,1   849,557,29,3400,6194,1042,5   394,411,29,1566,3360,1042,2   637,836,17,4545,5609,611,5   462,155,6,2489,2957,216,4   334,751,11,4105,4955,395,1
!----------------------------------------------------------------
!Recharge stations: x,y
300,0   1056,693   103,661   114,485   1304,808   1615,737   1344,598   1012,905   103,417   1523,354   1299,814   158,541   567,722   1701,635   976,253   845,391   1608,700   459,496   1691,557   973,187

g inverse recharge rate 0.65
