!----------------------------------------------------------------
!Stores: (first: depot x,y; then: satellites x,y,maxCap)
300,0   1258,707,1000   742,378,1000   174,458,1000   1537,247,1000
!----------------------------------------------------------------
!Trucks: (total#, cap, cost/dist, fixcost)
2,181,1,128   2,250,1,150   2,331,1,172
!----------------------------------------------------------------
!CityFreighters: (max cf/sat, total#, cap, cost/dist, fixcost, maxCharge, energyConsumption)
3,3,90,1,68,722,1   4,4,125,1,80,1000,1   3,3,165,1,92,1322,1
!----------------------------------------------------------------
!Customers: (x, y, demand, readyTime, dueDate, serviceTime, penalizationCost)
1078,257,15,3422,4526,480,4   918,628,27,487,2323,865,3   381,345,29,1066,2696,929,4   816,329,22,4662,6186,705,3   799,696,8,4621,5155,256,1   423,464,10,5273,5959,320,5   1346,338,25,3717,5111,801,2   844,755,4,2822,3020,128,3   1010,342,6,398,736,192,3   825,749,29,4212,6220,929,5   873,553,22,4719,6307,705,2   1364,513,29,2389,4217,929,1   582,247,10,5606,6176,320,3   202,518,18,4865,6017,576,3   919,267,22,4993,6721,705,2   1686,510,4,2305,2503,128,3   1105,394,23,3681,4859,737,4   569,729,20,2836,4242,641,1   660,568,20,1144,2534,641,4   1089,463,7,2203,2679,224,2   489,348,24,2364,3400,769,4   644,327,9,4266,4852,288,4   517,331,4,5116,5440,128,2   420,358,16,805,1253,512,4   1669,384,22,4979,6049,705,1   394,671,10,3581,4109,320,2   1266,371,26,1892,3856,833,2   1260,399,28,3790,5426,897,2   1148,529,24,2337,4113,769,3   1161,311,13,4601,5389,416,2   1216,736,4,4200,4464,128,2   1065,715,5,1731,2051,160,2   1540,609,23,3990,5314,737,1   543,522,6,2494,2882,192,1   567,444,13,4844,5828,416,1   904,516,22,5158,6614,705,5   1716,406,6,3023,3391,192,4   460,677,18,5215,5929,576,1   1277,456,22,903,2469,705,4   921,466,12,1395,2081,384,4   1801,385,27,4692,5848,865,2   197,438,21,3686,4846,673,2   1520,513,12,1437,2193,384,1   866,783,25,4702,6440,801,1   939,892,22,2617,3773,705,4   1033,424,29,434,2628,929,2   535,761,10,3210,4066,320,3   1986,442,10,2803,3803,320,5   664,627,3,3417,3505,96,1   1583,153,25,771,1993,801,5
!----------------------------------------------------------------
!Recharge stations: x,y
300,0   1258,707   742,378   174,458   1537,247   934,581   1805,572

g inverse recharge rate 0.59
