!----------------------------------------------------------------
!Stores: (first: depot x,y; then: satellites x,y,maxCap)
300,0   1056,693,1000   103,661,1000   114,485,1000   1304,808,1000
!----------------------------------------------------------------
!Trucks: (total#, cap, cost/dist, fixcost)
2,181,1,128   2,250,1,150   2,331,1,172
!----------------------------------------------------------------
!CityFreighters: (max cf/sat, total#, cap, cost/dist, fixcost, maxCharge, energyConsumption)
3,3,90,1,68,722,1   4,4,125,1,80,1000,1   3,3,165,1,92,1322,1
!----------------------------------------------------------------
!Customers: (x, y, demand, readyTime, dueDate, serviceTime, penalizationCost)
1163,500,29,3996,5836,1042,5   1367,493,17,4130,5726,611,2   1485,607,26,1170,2880,934,4   1714,389,16,3706,4854,575,4   1141,670,10,5833,6553,359,2   342,564,29,2901,4543,1042,5   881,394,10,3889,4899,359,5   363,652,13,779,1829,467,5   1144,739,20,0,1831,719,5   262,395,5,1854,2226,180,1   1289,387,5,4758,5052,180,3   1060,256,28,3436,5760,1006,1   1137,712,4,2027,2335,144,4   877,554,6,1127,1615,216,5   387,602,17,2416,3490,611,4   499,280,28,3601,6169,1006,2   735,489,9,2335,3027,323,1   1138,223,5,1374,1672,180,1   1773,517,24,4237,6021,862,1   463,646,22,4253,5415,791,4   225,513,28,1241,2521,1006,2   987,328,14,4882,5940,503,2   1718,618,10,3833,4387,359,5   527,297,15,5669,6503,539,4   1653,580,26,4207,5769,934,1   847,769,3,2677,2903,108,4   429,548,20,155,1799,719,3   745,448,19,611,1921,683,1   1593,500,3,5497,5663,108,3   469,718,18,2863,4083,647,3   1343,759,21,5199,7059,755,4   1460,507,4,3257,3541,144,2   1261,735,24,582,1624,862,1   722,686,29,2468,3996,1042,1   1404,478,14,4746,5674,503,5   677,632,22,968,2914,791,5   1007,383,4,1281,1537,144,4   461,675,26,137,2309,934,3   1362,527,13,3764,4938,467,3   980,486,3,3374,3624,108,3   644,679,20,2770,4278,719,2   406,154,21,3998,5176,755,2   1111,292,15,584,1792,539,2   367,807,6,5685,6215,216,4   285,608,27,918,4014,970,3   849,557,29,5017,7105,1042,2   394,411,29,2602,4040,1042,4   637,836,17,2394,3662,611,1   462,155,6,745,1105,216,5   334,751,11,5912,6578,395,3
!----------------------------------------------------------------
!Recharge stations: x,y
300,0   1056,693   103,661   114,485   1304,808   1615,737   1344,598

g inverse recharge rate 0.65
