!----------------------------------------------------------------
!Stores: (first: depot x,y; then: satellites x,y,maxCap)
300,0   1982,476,1000   985,805,1000   1474,624,1000   1117,188,1000
!----------------------------------------------------------------
!Trucks: (total#, cap, cost/dist, fixcost)
2,181,1,128   2,250,1,150   2,331,1,172
!----------------------------------------------------------------
!CityFreighters: (max cf/sat, total#, cap, cost/dist, fixcost, maxCharge, energyConsumption)
3,3,90,1,68,722,1   4,4,125,1,80,1000,1   3,3,165,1,92,1322,1
!----------------------------------------------------------------
!Customers: (x, y, demand, readyTime, dueDate, serviceTime, penalizationCost)
615,600,27,2986,5004,1042,5   1511,329,23,5244,6820,888,3   1782,526,8,6108,6686,309,4   509,649,9,2286,2892,347,1   450,391,4,2785,3109,154,1   1103,297,6,2485,2969,232,3   1090,759,8,5951,6589,309,2   1777,471,16,1135,2617,617,3   503,585,9,1369,2383,347,2   991,253,27,927,2709,1042,3   236,534,13,4250,5204,502,5   1027,793,24,3261,4995,926,1   1206,221,6,612,1092,232,4   1774,556,7,4169,4489,270,5   500,471,22,511,2029,849,1   220,533,17,1799,2583,656,4   270,402,22,4021,5601,849,3   370,540,17,3849,5287,656,5   248,532,7,6046,6488,270,5   1473,452,19,5527,7065,733,5   1005,700,6,2678,3174,232,2   1218,251,4,574,924,154,4   1461,480,29,4558,6430,1119,1   729,658,4,2671,2967,154,1   1377,537,25,1924,3706,965,3   1747,396,8,440,1368,309,2   524,662,7,3819,4335,270,5   490,273,19,2697,4687,733,3   217,544,6,1841,2307,232,2   445,318,24,1983,3329,926,3   1401,748,23,1760,3912,888,4   858,647,16,4061,5285,617,5   1700,356,25,4403,6537,965,2   1207,342,12,3317,4091,463,5   924,339,5,4142,4482,193,4   1074,619,25,4368,6196,965,2   1391,295,26,0,1431,1003,2   789,284,18,2804,4160,695,1   884,539,16,3005,4003,617,4   277,552,23,1674,3628,888,4   1234,712,29,2303,4743,1119,1   1048,910,5,6229,6535,193,3   1718,576,27,1473,3635,1042,5   629,161,16,2421,3573,617,4   363,216,5,6060,6554,193,5   1205,170,29,3940,6724,1119,4   993,642,8,731,1237,309,5   1381,476,7,1795,2241,270,3   1648,835,20,1517,3335,772,1   1243,138,19,2592,4484,733,4
!----------------------------------------------------------------
!Recharge stations: x,y
300,0   1982,476   985,805   1474,624   1117,188   470,426   1269,663

g inverse recharge rate 0.66
