!----------------------------------------------------------------
!Stores: (first: depot x,y; then: satellites x,y,maxCap)
300,0   54,456,1000   164,276,1000   1745,570,1000   1076,323,1000
!----------------------------------------------------------------
!Trucks: (total#, cap, cost/dist, fixcost)
2,181,1,128   2,250,1,150   2,331,1,172
!----------------------------------------------------------------
!CityFreighters: (max cf/sat, total#, cap, cost/dist, fixcost, maxCharge, energyConsumption)
3,3,90,1,68,722,1   4,4,125,1,80,1000,1   3,3,165,1,92,1322,1
!----------------------------------------------------------------
!Customers: (x, y, demand, readyTime, dueDate, serviceTime, penalizationCost)
1267,379,15,1496,2678,656,4   588,332,25,5552,8194,1093,3   359,385,20,6573,8077,875,2   1711,446,21,0,2185,918,3   1748,553,14,2470,3600,612,5   501,610,4,4550,4798,175,2   743,356,4,7855,8237,175,1   1253,700,20,5289,7031,875,5   212,516,11,6734,7506,481,3   817,431,25,3094,5020,1093,3   473,323,12,2790,3728,525,4   884,530,20,3065,5089,875,3   319,527,29,962,3924,1268,5   1013,202,12,3162,4510,525,4   666,690,7,4701,5303,306,5   1380,521,10,2924,3738,437,5   1542,585,17,3812,5302,743,5   218,469,18,2886,4084,787,5   1642,509,17,5445,7351,743,3   1370,431,25,5043,7049,1093,3   1398,390,15,4107,5561,656,3   1556,315,11,4889,5897,481,2   294,594,4,2426,2928,175,5   350,659,5,4018,4464,219,5   446,593,14,885,2415,612,3   1467,397,23,1443,4167,1006,2   205,524,8,6475,7073,350,3   790,276,27,0,2153,1181,2   364,353,18,733,1801,787,4   1157,436,21,1602,3644,918,5   254,501,28,4641,7131,1224,4   1672,607,20,3850,5566,875,1   1391,587,26,2981,4919,1137,4   1096,593,4,2251,2607,175,5   1335,471,6,2859,3515,262,5   1178,614,23,1504,3674,1006,1   662,563,13,1456,2732,568,3   956,365,21,2726,4646,918,2   1175,619,22,2936,4762,962,1   1492,323,24,1406,3608,1049,4   1622,680,5,6626,7002,219,5   254,287,26,315,2261,1137,1   1860,336,17,5089,6689,743,1   1588,369,10,779,1677,437,1   1199,247,5,1271,1763,219,2   885,670,11,6192,7034,481,4   108,629,6,1665,2165,262,5   1456,199,9,6745,7669,394,3   599,646,12,1626,2768,525,1   384,157,5,2215,2833,219,2
!----------------------------------------------------------------
!Recharge stations: x,y
300,0   54,456   164,276   1745,570   1076,323   895,312   1052,600

g inverse recharge rate 0.73
