!----------------------------------------------------------------
!Stores: (first: depot x,y; then: satellites x,y,maxCap)
300,0   1913,443,1000   1219,926,1000   608,792,1000   1816,280,1000
!----------------------------------------------------------------
!Trucks: (total#, cap, cost/dist, fixcost)
2,181,1,128   2,250,1,150   2,331,1,172
!----------------------------------------------------------------
!CityFreighters: (max cf/sat, total#, cap, cost/dist, fixcost, maxCharge, energyConsumption)
3,3,90,1,68,722,1   4,4,125,1,80,1000,1   3,3,165,1,92,1322,1
!----------------------------------------------------------------
!Customers: (x, y, demand, readyTime, dueDate, serviceTime, penalizationCost)
623,450,10,5680,6732,415,5   281,390,29,2416,4084,1203,5   884,287,9,4752,5192,373,3   1629,573,29,3791,6203,1203,3   974,731,8,6505,7087,332,4   529,469,12,2221,3407,498,2   1551,495,8,5123,5821,332,2   1351,754,3,7314,7566,124,1   602,631,10,5553,6429,415,4   898,367,3,3784,3986,124,4   1699,559,21,443,1465,871,1   378,609,17,4541,5955,705,4   370,498,3,5317,5501,124,3   469,445,17,2245,3429,705,5   1184,511,12,1481,2719,498,1   495,516,8,5380,5942,332,2   1495,720,6,2346,2678,249,5   530,438,28,2766,4920,1161,4   981,779,7,1210,1846,290,2   510,736,25,2943,4861,1037,2   361,612,10,3179,4217,415,2   1250,678,25,1405,3355,1037,2   756,555,10,6425,7093,415,3   800,283,3,4136,4334,124,2   490,577,16,1177,2591,664,4   461,372,20,2735,4301,830,3   654,765,15,4748,5966,622,3   1709,537,25,5371,7351,1037,3   440,471,27,4133,6117,1120,4   571,333,21,3137,4301,871,2   1234,454,25,5029,8051,1037,2   1631,401,20,5716,7574,830,4   598,321,13,3445,4479,539,3   1653,656,20,4748,6518,830,2   913,741,8,4136,4766,332,2   1356,482,28,969,3233,1161,2   1699,452,29,223,2265,1203,3   484,331,9,4235,4867,373,4   1148,231,7,452,1094,290,4   1454,444,24,0,1929,996,1   1784,634,11,3362,3912,456,1   1304,192,12,1303,2159,498,5   1100,315,12,2931,3649,498,5   1382,546,17,6862,8056,705,1   1638,743,29,5231,7471,1203,1   633,80,29,0,2713,1203,3   1600,703,24,1922,3884,996,1   1675,196,3,3599,3811,124,1   1892,642,20,3996,5746,830,3   1161,242,23,5894,7360,954,4
!----------------------------------------------------------------
!Recharge stations: x,y
300,0   1913,443   1219,926   608,792   1816,280   1120,355   857,292   1951,593   934,802   1543,499   446,556   1631,279   618,418   876,562   1684,653

g inverse recharge rate 0.73
