!----------------------------------------------------------------
!Stores: (first: depot x,y; then: satellites x,y,maxCap)
300,0   941,202,1000   764,856,1000   989,385,1000   706,294,1000
!----------------------------------------------------------------
!Trucks: (total#, cap, cost/dist, fixcost)
2,181,1,128   2,250,1,150   2,331,1,172
!----------------------------------------------------------------
!CityFreighters: (max cf/sat, total#, cap, cost/dist, fixcost, maxCharge, energyConsumption)
3,3,90,1,68,722,1   4,4,125,1,80,1000,1   3,3,165,1,92,1322,1
!----------------------------------------------------------------
!Customers: (x, y, demand, readyTime, dueDate, serviceTime, penalizationCost)
395,389,21,4044,5142,568,3   1351,406,17,2473,3591,459,3   811,620,26,0,1057,703,4   1558,318,7,1330,1530,189,1   1093,597,25,624,2378,676,5   1670,525,9,1007,1431,243,2   1364,741,27,39,1729,730,1   1108,353,6,4769,5149,162,2   811,277,23,3172,4184,622,1   570,613,13,2704,3376,351,4   695,289,23,1461,2243,622,3   617,241,8,2449,2809,216,3   1471,373,12,526,1264,324,2   846,746,4,1898,2114,108,3   486,281,19,261,1055,513,2   1423,306,24,1136,2640,649,1   1317,658,22,2973,3897,595,5   1613,640,25,1946,3016,676,2   1043,609,14,2426,2960,378,3   482,401,15,1622,2796,405,1   1375,313,14,946,1570,378,5   1698,587,27,2150,3264,730,3   1425,250,7,3286,3712,189,2   1435,294,7,4281,4653,189,1   910,429,16,3102,4058,432,2   726,695,9,909,1265,243,4   467,338,3,3009,3227,81,4   277,487,18,3988,5090,486,5   1079,513,15,2151,3199,405,4   341,514,12,3744,4340,324,3   875,338,16,4153,5135,432,4   331,498,15,2268,2990,405,4   314,395,15,371,1021,405,4   616,561,23,675,1887,622,4   907,722,27,2048,3428,730,5   855,247,21,444,1340,568,5   1116,540,27,3028,4332,730,5   1531,429,10,1048,1694,270,2   582,522,10,1906,2182,270,1   628,409,11,4760,5244,297,1   1717,715,8,1742,2162,216,1   336,142,27,885,2973,730,4   1495,602,12,1797,2357,324,4   1059,62,13,4781,5393,351,4   1114,692,21,3257,4885,568,3   673,414,26,1786,3860,703,2   527,885,11,768,1296,297,5   1841,629,20,819,1655,540,1   1315,472,23,729,2005,622,2   465,222,19,3866,5004,513,1
!----------------------------------------------------------------
!Recharge stations: x,y
300,0   941,202   764,856   989,385   706,294   1527,333   1472,253   261,554   532,279   384,280   947,742   1506,457   263,387   511,644   238,352   662,615   188,567   1827,519   1644,482   905,333   725,649   566,473   1323,721   725,650   116,684   1389,789   478,646   112,524   378,547   110,542

g inverse recharge rate 0.49
