!----------------------------------------------------------------
!Stores: (first: depot x,y; then: satellites x,y,maxCap)
300,0   1002,917,1000   103,601,1000   426,696,1000   614,98,1000
!----------------------------------------------------------------
!Trucks: (total#, cap, cost/dist, fixcost)
2,181,1,128   2,250,1,150   2,331,1,172
!----------------------------------------------------------------
!CityFreighters: (max cf/sat, total#, cap, cost/dist, fixcost, maxCharge, energyConsumption)
3,3,90,1,68,722,1   4,4,125,1,80,1000,1   3,3,165,1,92,1322,1
!----------------------------------------------------------------
!Customers: (x, y, demand, readyTime, dueDate, serviceTime, penalizationCost)
1347,608,18,5047,6383,772,5   411,612,7,5620,5998,300,5   852,558,4,6953,7289,172,4   953,749,6,5172,5654,257,2   1328,600,27,388,2336,1159,4   1203,628,12,2000,3158,515,5   1401,354,21,536,2514,901,5   1587,324,13,2856,3954,558,4   1522,633,5,4023,4431,215,3   1253,424,10,6513,7333,429,2   1024,672,8,5652,6328,343,1   1337,743,13,5358,6276,558,3   940,357,5,5677,5983,215,2   1311,642,16,6593,8005,687,3   1695,558,28,302,2644,1202,4   585,586,19,1764,3650,815,2   1061,582,14,1399,2515,601,1   940,546,5,1625,2023,215,2   1386,509,26,637,2053,1116,4   510,434,26,939,2797,1116,5   1343,701,4,1800,2210,172,2   1721,609,23,3812,5250,987,2   1493,580,10,2180,3120,429,1   918,642,29,5406,7480,1244,5   320,576,23,0,1582,987,1   851,720,19,4265,6181,815,2   437,347,18,8,1438,772,3   1773,549,8,4943,5871,343,4   587,656,18,2716,4528,772,5   1318,469,25,5136,6900,1073,4   1086,232,6,5114,5624,257,1   959,214,19,4034,5908,815,4   359,442,5,543,1035,215,3   702,558,21,3524,4978,901,4   1732,412,22,3537,5437,944,4   809,732,25,5382,7436,1073,4   1590,695,8,2405,3075,343,2   649,476,11,510,1260,472,2   1725,509,24,5401,7871,1030,2   552,397,18,3413,4747,772,4   1414,63,24,886,2532,1030,3   1994,533,3,3749,3939,129,1   453,407,9,1933,3053,386,3   1327,714,27,4069,6431,1159,2   1354,537,18,1272,3000,772,5   1919,563,3,4664,4900,129,2   416,212,17,688,1976,729,2   1372,201,23,4146,6150,987,2   1665,798,28,712,2580,1202,4   1051,387,24,1786,4066,1030,3
!----------------------------------------------------------------
!Recharge stations: x,y
300,0   1002,917   103,601   426,696   614,98   1498,536   1333,640   1301,579   1751,599   1842,499   1007,805   1591,542   917,770   1495,365   101,677   925,760   1295,746   499,651   511,538   1266,703   804,818   170,509   979,253   171,427   253,647   1633,806   1517,288   1021,199   1683,596   1161,422

g inverse recharge rate 0.75
