!----------------------------------------------------------------
!Stores: (first: depot x,y; then: satellites x,y,maxCap)
300,0   1002,917,1000   103,601,1000   426,696,1000   614,98,1000
!----------------------------------------------------------------
!Trucks: (total#, cap, cost/dist, fixcost)
2,181,1,128   2,250,1,150   2,331,1,172
!----------------------------------------------------------------
!CityFreighters: (max cf/sat, total#, cap, cost/dist, fixcost, maxCharge, energyConsumption)
3,3,90,1,68,722,1   4,4,125,1,80,1000,1   3,3,165,1,92,1322,1
!----------------------------------------------------------------
!Customers: (x, y, demand, readyTime, dueDate, serviceTime, penalizationCost)
1347,608,18,1864,3088,772,1   411,612,7,5360,6038,300,1   852,558,4,2099,2391,172,4   953,749,6,5078,5322,257,3   1328,600,27,3693,6359,1159,3   1203,628,12,1743,2667,515,4   1401,354,21,2605,4403,901,2   1587,324,13,5375,6527,558,1   1522,633,5,3566,3976,215,2   1253,424,10,2686,3358,429,5   1024,672,8,3160,4080,343,1   1337,743,13,6814,7838,558,4   940,357,5,1495,1899,215,2   1311,642,16,5424,7036,687,1   1695,558,28,4198,6354,1202,4   585,586,19,808,2568,815,1   1061,582,14,2290,3916,601,2   940,546,5,6051,6393,215,1   1386,509,26,5623,7537,1116,5   510,434,26,0,1819,1116,5   1343,701,4,2475,2841,172,1   1721,609,23,5711,7303,987,4   1493,580,10,5118,5882,429,2   918,642,29,986,3472,1244,1   320,576,23,1424,2682,987,5   851,720,19,3752,4984,815,5   437,347,18,4139,5485,772,2   1773,549,8,4105,4887,343,5   587,656,18,5562,6918,772,2   1318,469,25,3783,5669,1073,2   1086,232,6,5152,5660,257,5   959,214,19,3354,5006,815,3   359,442,5,7731,8057,215,3   702,558,21,4104,5412,901,2   1732,412,22,4451,6869,944,4   809,732,25,2700,5038,1073,3   1590,695,8,7133,8063,343,5   649,476,11,1079,1951,472,3   1725,509,24,4768,6798,1030,1   552,397,18,3918,5786,772,5   1414,63,24,2711,5041,1030,4   1994,533,3,3571,3785,129,2   453,407,9,6398,7062,386,3   1327,714,27,1456,4420,1159,1   1354,537,18,1938,3060,772,2   1919,563,3,5808,5986,129,4   416,212,17,6485,8029,729,4   1372,201,23,4662,6718,987,2   1665,798,28,2389,5215,1202,4   1051,387,24,639,2511,1030,5
!----------------------------------------------------------------
!Recharge stations: x,y
300,0   1002,917   103,601   426,696   614,98   1498,536   1333,640   1301,579

g inverse recharge rate 0.75
