!----------------------------------------------------------------
!Stores: (first: depot x,y; then: satellites x,y,maxCap)
300,0   1653,568,1000   1871,320,1000   1234,686,1000   279,699,1000
!----------------------------------------------------------------
!Trucks: (total#, cap, cost/dist, fixcost)
2,181,1,128   2,250,1,150   2,331,1,172
!----------------------------------------------------------------
!CityFreighters: (max cf/sat, total#, cap, cost/dist, fixcost, maxCharge, energyConsumption)
3,3,90,1,68,722,1   4,4,125,1,80,1000,1   3,3,165,1,92,1322,1
!----------------------------------------------------------------
!Customers: (x, y, demand, readyTime, dueDate, serviceTime, penalizationCost)
1227,755,3,696,980,111,3   1781,476,27,1832,4186,996,3   1051,385,9,5734,6222,332,2   366,540,25,4839,6285,922,2   801,289,7,1932,2604,258,2   1193,317,10,2192,2984,369,1   1060,468,29,3098,4756,1070,1   982,744,6,3483,3889,221,5   590,349,21,6055,7411,775,5   679,272,25,2864,4344,922,3   810,399,7,6516,7196,258,4   977,713,16,3866,4886,590,3   934,265,11,2640,3100,406,3   458,492,21,236,1948,775,3   1554,663,27,1909,3995,996,2   460,405,13,2520,3600,480,4   1375,264,19,2498,3144,701,5   784,295,7,6242,6928,258,1   1185,262,17,206,1314,627,2   852,774,19,3807,4961,701,3   205,510,9,3177,3829,332,1   917,244,5,3278,3560,184,4   1339,726,18,3146,4608,664,4   1557,371,24,2801,4931,885,5   1252,738,16,4330,5460,590,1   1173,621,29,2670,4996,1070,5   1636,352,28,5735,7789,1033,2   1435,523,26,4413,5741,959,5   441,334,8,1206,1928,295,3   237,572,3,5710,5940,111,4   321,577,12,2308,3260,443,4   1428,570,29,4184,6734,1070,2   1536,287,20,3064,4932,738,5   794,332,27,3737,5971,996,3   1623,523,29,3510,5910,1070,1   203,497,12,2662,3714,443,2   461,697,25,0,1851,922,4   439,477,10,4000,4610,369,3   1354,714,20,2305,3857,738,1   1710,494,14,4036,5228,516,2   638,433,11,4702,5204,406,1   1594,622,25,5296,6660,922,5   1350,165,5,3024,3424,184,4   1664,507,10,7074,7990,369,5   695,739,14,6710,7432,516,5   1215,830,24,4820,6766,885,5   1584,213,27,4541,6693,996,5   318,339,20,5774,7314,738,4   1588,508,22,5254,7238,812,3   138,336,19,3833,5269,701,5
!----------------------------------------------------------------
!Recharge stations: x,y
300,0   1653,568   1871,320   1234,686   279,699   661,466   1714,350   994,513   564,385   1804,498   949,186   1456,213   1683,691   740,798   1284,621   107,487   185,487   1486,215   1524,745   856,617   1515,676   1355,275   1007,173   1143,935   1282,788   1551,536   202,443   1135,831   1242,473   1539,426   1610,564   1321,451   613,339   433,243   359,634   1413,566   800,501   1548,409   852,181   309,452   1597,331   1694,371   1563,584   1409,307   878,173

g inverse recharge rate 0.7
