!----------------------------------------------------------------
!Stores: (first: depot x,y; then: satellites x,y,maxCap)
300,0   1301,770,1000   254,805,1000   1042,125,1000   1949,604,1000
!----------------------------------------------------------------
!Trucks: (total#, cap, cost/dist, fixcost)
2,181,1,128   2,250,1,150   2,331,1,172
!----------------------------------------------------------------
!CityFreighters: (max cf/sat, total#, cap, cost/dist, fixcost, maxCharge, energyConsumption)
3,3,90,1,68,722,1   4,4,125,1,80,1000,1   3,3,165,1,92,1322,1
!----------------------------------------------------------------
!Customers: (x, y, demand, readyTime, dueDate, serviceTime, penalizationCost)
629,336,12,2124,3070,496,1   460,387,11,2938,3702,455,3   1688,429,16,4401,5521,662,3   1449,542,25,3508,5342,1034,5   1029,651,18,2170,4012,745,5   747,647,19,4812,6608,786,1   944,670,19,4401,6333,786,2   459,321,9,3120,3962,372,5   748,672,13,1703,2883,538,2   1734,562,20,5331,7259,827,5   1006,523,10,3338,4128,414,1   1115,344,26,1817,3245,1075,2   525,572,20,5540,6834,827,4   1099,637,15,1946,3030,620,2   1733,426,29,2906,4926,1200,5   1239,422,13,3770,5026,538,1   1582,312,21,1697,3845,869,3   1221,729,21,3802,4936,869,5   649,668,28,5442,6306,1158,1   1435,250,6,885,1381,248,4   371,320,9,6497,7307,372,1   610,490,11,1060,2048,455,5   752,225,18,2881,4435,745,2   1763,453,14,2989,4181,579,1   865,652,6,1815,2321,248,4   749,601,9,1472,2172,372,2   397,456,7,4616,5322,290,5   716,621,10,2606,3490,414,5   1500,608,12,1398,2166,496,1   851,771,22,4458,5634,910,1   1686,622,13,3821,4941,538,2   1555,455,11,3154,4600,455,5   680,485,6,3210,3670,248,1   1377,463,6,1944,2350,248,4   1630,501,6,2724,3252,248,4   1619,511,20,3724,5310,827,1   1578,620,11,3261,4035,455,1   387,409,15,2250,3546,620,5   859,326,16,5561,6997,662,5   586,446,8,6403,6983,331,5   1582,357,9,2130,3010,372,5   814,501,29,2139,4045,1200,2   1113,156,28,4942,6912,1158,3   1276,752,24,2302,4424,993,5   1706,620,19,359,1601,786,2   1741,645,14,5281,6643,579,1   1451,629,15,1657,3221,620,3   1925,391,14,4791,6053,579,4   1433,513,6,4705,5351,248,4   1047,330,18,2518,3868,745,5
!----------------------------------------------------------------
!Recharge stations: x,y
300,0   1301,770   254,805   1042,125   1949,604   786,558   961,757   592,546   1796,454   1828,482   282,366   306,487   1226,891   1253,280   420,427   1251,482   1168,320   1721,411   990,186   1576,561   495,385   1383,371   615,242   587,320   238,365

g inverse recharge rate 0.69
