!----------------------------------------------------------------
!Stores: (first: depot x,y; then: satellites x,y,maxCap)
300,0   1301,770,1000   254,805,1000   1042,125,1000   1949,604,1000
!----------------------------------------------------------------
!Trucks: (total#, cap, cost/dist, fixcost)
2,181,1,128   2,250,1,150   2,331,1,172
!----------------------------------------------------------------
!CityFreighters: (max cf/sat, total#, cap, cost/dist, fixcost, maxCharge, energyConsumption)
3,3,90,1,68,722,1   4,4,125,1,80,1000,1   3,3,165,1,92,1322,1
!----------------------------------------------------------------
!Customers: (x, y, demand, readyTime, dueDate, serviceTime, penalizationCost)
629,336,12,4144,4926,496,5   460,387,11,5422,6384,455,3   1688,429,16,3788,5140,662,5   1449,542,25,5136,7282,1034,5   1029,651,18,2071,3725,745,3   747,647,19,300,1746,786,1   944,670,19,4328,6256,786,4   459,321,9,5870,6760,372,4   748,672,13,6392,7498,538,3   1734,562,20,4691,5921,827,4   1006,523,10,5830,6896,414,2   1115,344,26,4425,6341,1075,5   525,572,20,1781,3607,827,2   1099,637,15,5523,6899,620,2   1733,426,29,5439,6879,1200,3   1239,422,13,733,1431,538,4   1582,312,21,5439,6803,869,1   1221,729,21,4867,6625,869,5   649,668,28,2702,4794,1158,2   1435,250,6,2605,2921,248,1   371,320,9,4708,5452,372,5   610,490,11,3208,4228,455,1   752,225,18,4622,5976,745,5   1763,453,14,1773,2877,579,2   865,652,6,948,1506,248,2   749,601,9,4311,5123,372,1   397,456,7,2505,3115,290,4   716,621,10,640,1418,414,2   1500,608,12,1014,2034,496,5   851,771,22,3006,4876,910,5   1686,622,13,4878,5426,538,4   1555,455,11,5217,6245,455,2   680,485,6,6717,7151,248,4   1377,463,6,5926,6546,248,4   1630,501,6,3666,4086,248,5   1619,511,20,166,1776,827,5   1578,620,11,4133,5297,455,4   387,409,15,5495,6819,620,4   859,326,16,2401,3967,662,4   586,446,8,2259,3029,331,5   1582,357,9,6088,6768,372,4   814,501,29,371,2751,1200,3   1113,156,28,1075,3665,1158,1   1276,752,24,1714,2614,993,3   1706,620,19,3097,4899,786,4   1741,645,14,3751,4741,579,4   1451,629,15,1764,2796,620,2   1925,391,14,884,2418,579,4   1433,513,6,4411,4835,248,2   1047,330,18,4417,5713,745,5
!----------------------------------------------------------------
!Recharge stations: x,y
300,0   1301,770   254,805   1042,125   1949,604   786,558   961,757   592,546

g inverse recharge rate 0.69
