!----------------------------------------------------------------
!Stores: (first: depot x,y; then: satellites x,y,maxCap)
300,0   941,202,1000   764,856,1000   989,385,1000   706,294,1000
!----------------------------------------------------------------
!Trucks: (total#, cap, cost/dist, fixcost)
2,181,1,128   2,250,1,150   2,331,1,172
!----------------------------------------------------------------
!CityFreighters: (max cf/sat, total#, cap, cost/dist, fixcost, maxCharge, energyConsumption)
3,3,90,1,68,722,1   4,4,125,1,80,1000,1   3,3,165,1,92,1322,1
!----------------------------------------------------------------
!Customers: (x, y, demand, readyTime, dueDate, serviceTime, penalizationCost)
395,389,21,622,1672,568,1   1351,406,17,3271,3583,459,2   811,620,26,290,1592,703,1   1558,318,7,1728,2250,189,5   1093,597,25,3585,5085,676,1   1670,525,9,2752,3124,243,1   1364,741,27,2455,4353,730,4   1108,353,6,3891,4209,162,4   811,277,23,1578,2788,622,2   570,613,13,4313,4753,351,5   695,289,23,3421,4761,622,2   617,241,8,2428,2786,216,4   1471,373,12,3773,4355,324,4   846,746,4,4615,4733,108,2   486,281,19,3221,4229,513,4   1423,306,24,2188,3224,649,1   1317,658,22,1,1407,595,4   1613,640,25,840,2004,676,3   1043,609,14,0,818,378,2   482,401,15,3638,4264,405,4   1375,313,14,4312,5078,378,2   1698,587,27,1554,3070,730,1   1425,250,7,2797,3041,189,1   1435,294,7,3583,3933,189,2   910,429,16,2520,3168,432,3   726,695,9,3471,3925,243,4   467,338,3,803,1003,81,1   277,487,18,2057,3279,486,3   1079,513,15,384,1424,405,2   341,514,12,1574,2182,324,2   875,338,16,4661,5499,432,4   331,498,15,3490,4192,405,4   314,395,15,4262,5206,405,3   616,561,23,490,1380,622,5   907,722,27,628,2076,730,1   855,247,21,3492,4554,568,3   1116,540,27,1796,3280,730,2   1531,429,10,3249,3647,270,3   582,522,10,4893,5429,270,5   628,409,11,4197,4709,297,3   1717,715,8,2778,3210,216,4   336,142,27,2783,4193,730,4   1495,602,12,2656,3204,324,2   1059,62,13,302,1114,351,2   1114,692,21,4481,5341,568,2   673,414,26,3850,5500,703,2   527,885,11,2899,3501,297,3   1841,629,20,1785,2637,540,1   1315,472,23,2411,3777,622,5   465,222,19,3830,4906,513,4
!----------------------------------------------------------------
!Recharge stations: x,y
300,0   941,202   764,856   989,385   706,294   1527,333   1472,253   261,554   532,279   384,280   947,742   1506,457   263,387   511,644   238,352

g inverse recharge rate 0.49
