!----------------------------------------------------------------
!Stores: (first: depot x,y; then: satellites x,y,maxCap)
300,0   737,750,1000   1403,735,1000   1207,746,1000   214,536,1000
!----------------------------------------------------------------
!Trucks: (total#, cap, cost/dist, fixcost)
2,181,1,128   2,250,1,150   2,331,1,172
!----------------------------------------------------------------
!CityFreighters: (max cf/sat, total#, cap, cost/dist, fixcost, maxCharge, energyConsumption)
3,3,90,1,68,722,1   4,4,125,1,80,1000,1   3,3,165,1,92,1322,1
!----------------------------------------------------------------
!Customers: (x, y, demand, readyTime, dueDate, serviceTime, penalizationCost)
381,672,25,128,2086,848,1   235,448,15,3887,4701,509,3   1527,689,11,1498,2250,373,2   991,692,10,1124,1376,339,5   1381,463,24,779,2807,815,5   1331,325,10,2835,3659,339,5   280,463,3,3285,3519,102,2   1649,482,20,155,1569,679,2   1251,279,18,4635,6231,611,1   772,424,19,2199,3123,645,4   601,399,5,654,1084,170,1   826,529,15,3718,4812,509,5   530,700,4,2613,2935,136,1   1347,369,20,2271,3447,679,1   358,653,26,2384,4498,882,4   1456,310,20,2062,3204,679,5   432,545,11,5352,6002,373,3   308,637,10,525,1111,339,3   715,262,27,3304,4252,916,5   870,441,5,4053,4335,170,2   1624,425,17,3065,4403,577,4   253,551,5,5552,5946,170,4   630,527,19,3446,4600,645,2   1106,459,12,721,1711,407,5   968,772,26,2000,3932,882,4   993,689,13,3623,4373,441,1   242,444,28,2318,4166,950,2   1479,590,20,4507,5643,679,5   1436,406,20,944,1948,679,5   516,737,26,2430,4250,882,5   1581,667,26,1754,3730,882,5   1019,358,16,3689,4749,543,5   1616,672,13,4666,5514,441,1   557,378,18,1288,2746,611,1   1394,537,22,3079,4223,747,4   1601,345,21,970,2420,713,3   769,350,14,1926,3016,475,1   1790,485,17,4784,6124,577,2   814,743,26,3779,4941,882,2   399,364,29,4339,6435,984,4   835,490,8,2363,2983,272,2   533,911,20,560,1860,679,2   630,548,10,5245,5977,339,5   1296,446,14,5573,6635,475,3   1428,556,6,2262,2714,204,2   278,269,6,4428,4798,204,1   646,530,3,1672,1844,102,1   1658,532,14,1425,2277,475,5   470,622,19,5219,6403,645,3   1838,751,9,3756,4382,305,2
!----------------------------------------------------------------
!Recharge stations: x,y
300,0   737,750   1403,735   1207,746   214,536   1130,505   1578,314   1186,382   970,162   665,917   1713,789   37,542   1171,701   275,335   1325,207   585,786   855,801   517,331   1820,216   1356,325   756,278   383,615   1193,217   485,339   559,431   1459,662   1110,813   790,432   802,645   1136,165

g inverse recharge rate 0.59
