!----------------------------------------------------------------
!Stores: (first: depot x,y; then: satellites x,y,maxCap)
300,0   732,403,1000   1811,773,1000   1333,923,1000   292,524,1000
!----------------------------------------------------------------
!Trucks: (total#, cap, cost/dist, fixcost)
2,181,1,128   2,250,1,150   2,331,1,172
!----------------------------------------------------------------
!CityFreighters: (max cf/sat, total#, cap, cost/dist, fixcost, maxCharge, energyConsumption)
3,3,90,1,68,722,1   4,4,125,1,80,1000,1   3,3,165,1,92,1322,1
!----------------------------------------------------------------
!Customers: (x, y, demand, readyTime, dueDate, serviceTime, penalizationCost)
272,537,9,1929,2819,351,5   717,464,19,6069,7393,741,4   753,610,16,5880,6780,624,3   1518,502,16,5752,6844,624,5   1131,684,12,2924,4222,468,1   276,491,14,1249,2547,546,5   1242,541,20,1323,3081,780,1   1422,645,20,640,2372,780,5   1749,415,25,1431,3029,974,5   841,499,16,5221,6551,624,4   557,543,10,1307,1963,390,4   522,388,24,4205,5695,936,2   1258,718,12,4293,5541,468,4   1072,451,15,5042,6410,585,5   1490,350,18,2620,4440,702,4   1141,314,12,4894,5684,468,1   484,494,10,2531,3221,390,5   428,624,18,2345,3569,702,4   342,653,23,2093,3905,897,4   578,526,22,2548,4088,858,3   1372,269,7,4869,5373,273,5   830,523,4,5601,5875,156,3   482,297,5,4958,5302,195,5   1602,373,29,4572,5642,1130,2   1486,588,10,2027,3069,390,4   649,414,25,5120,6202,974,3   1025,382,17,2191,3495,663,3   1065,439,14,2420,3228,546,3   660,685,6,4333,4625,234,4   656,350,16,308,1722,624,5   989,787,23,4899,6961,897,2   905,667,8,2851,3585,312,5   1641,625,25,3566,5550,974,3   438,562,7,891,1295,273,3   769,310,22,3930,5570,858,3   1748,516,26,1996,3766,1013,3   487,628,16,5030,6410,624,3   572,723,10,2800,3642,390,5   216,479,6,704,1086,234,2   798,595,22,582,2086,858,5   1297,866,28,183,2215,1091,2   1021,106,11,4296,5138,429,4   1523,174,3,2349,2599,117,3   31,431,20,1707,3181,780,1   1776,656,3,1129,1421,117,3   1660,243,24,4826,6554,936,1   1965,617,14,3896,4634,546,1   284,442,8,2618,3318,312,4   312,522,25,3805,5529,974,4   467,589,20,73,1709,780,5
!----------------------------------------------------------------
!Recharge stations: x,y
300,0   732,403   1811,773   1333,923   292,524   532,607   1579,633   1365,729   1029,248   1581,368   930,657   1714,335   1549,605   1569,637   1008,253   1149,587   1442,744   1062,156   706,456   516,322   530,356   365,282   798,423   721,382   1015,299   1683,561   1554,537   673,449   614,348   1190,720   1936,517   1842,503   1560,634   165,471   550,711   175,559   521,583   1028,103   951,410   910,529   606,572   1091,736   427,652   805,758   162,505   396,455   847,693   1020,487   355,646   1845,513   1285,408   1513,497   525,423   365,350   652,582

g inverse recharge rate 0.67
