!----------------------------------------------------------------
!Stores: (first: depot x,y; then: satellites x,y,maxCap)
300,0   19,412,1000   1569,459,1000   942,291,1000   915,886,1000
!----------------------------------------------------------------
!Trucks: (total#, cap, cost/dist, fixcost)
2,181,1,128   2,250,1,150   2,331,1,172
!----------------------------------------------------------------
!CityFreighters: (max cf/sat, total#, cap, cost/dist, fixcost, maxCharge, energyConsumption)
3,3,90,1,68,722,1   4,4,125,1,80,1000,1   3,3,165,1,92,1322,1
!----------------------------------------------------------------
!Customers: (x, y, demand, readyTime, dueDate, serviceTime, penalizationCost)
351,600,3,2278,2454,99,5   1478,561,13,939,1519,429,3   343,526,13,377,1247,429,1   1430,715,15,3906,5196,495,4   1180,363,24,886,2324,793,4   1694,455,24,3504,5678,793,4   729,716,24,2135,4135,793,4   1431,751,7,4756,5162,231,5   1121,679,13,5458,6364,429,4   1730,487,7,1128,1642,231,4   1011,611,13,5670,6596,429,5   936,759,3,5812,6064,99,4   566,574,25,4807,6523,826,2   1375,345,29,3075,4411,958,2   1404,295,8,5949,6511,264,2   1157,552,18,2688,3628,594,5   1088,740,15,3177,4367,495,3   1156,345,28,4409,6525,925,3   297,560,11,1788,2412,363,2   335,368,23,3887,5003,760,5   455,416,20,4187,5319,661,1   1569,399,25,4014,5874,826,4   1106,454,25,2633,4163,826,2   1026,309,25,0,1913,826,2   1712,607,26,1239,2835,859,1   1667,468,18,3120,3966,594,4   1326,541,21,5384,7008,694,1   446,474,16,4757,5989,528,1   1027,276,15,4503,5625,495,4   601,343,28,746,2486,925,5   1234,725,12,4125,4849,396,5   577,344,24,755,2593,793,5   997,505,28,2335,4611,925,2   689,655,11,1455,2341,363,2   820,475,7,3503,4007,231,3   1386,363,12,4209,5091,396,1   1374,619,28,622,2356,925,1   634,766,17,3622,4536,561,4   1069,762,11,2034,2616,363,1   1463,514,9,4551,5185,297,5   380,752,20,3166,4612,661,2   267,433,22,4722,6478,727,1   697,595,6,1427,1925,198,1   367,732,27,4881,7061,892,5   757,20,16,915,1887,528,1   289,398,16,3848,4808,528,4   1696,780,24,2927,4973,793,5   1568,507,9,6184,7028,297,5   728,52,28,1691,3811,925,5   708,701,21,41,1645,694,4
!----------------------------------------------------------------
!Recharge stations: x,y
300,0   19,412   1569,459   942,291   915,886   472,502   1451,479   700,699   1437,418   1166,164   1531,323   568,226   1411,440   1451,451   320,860   1059,540   864,669   1521,408   1604,357   1541,246   1630,431   1036,722   761,47   868,333   249,687   417,773   1696,449   1338,388   1629,353   1540,607

g inverse recharge rate 0.64
