!----------------------------------------------------------------
!Stores: (first: depot x,y; then: satellites x,y,maxCap)
300,0   14,516,1000   900,857,1000   226,729,1000   1523,387,1000
!----------------------------------------------------------------
!Trucks: (total#, cap, cost/dist, fixcost)
2,181,1,128   2,250,1,150   2,331,1,172
!----------------------------------------------------------------
!CityFreighters: (max cf/sat, total#, cap, cost/dist, fixcost, maxCharge, energyConsumption)
3,3,90,1,68,722,1   4,4,125,1,80,1000,1   3,3,165,1,92,1322,1
!----------------------------------------------------------------
!Customers: (x, y, demand, readyTime, dueDate, serviceTime, penalizationCost)
1319,462,5,2167,2611,231,2   1081,616,7,6826,7530,324,5   450,560,7,3092,3802,324,3   744,686,25,3635,5383,1156,3   227,439,18,3189,4561,833,5   1544,529,20,6159,7789,925,5   1075,473,18,687,2143,833,5   1297,233,19,5092,6618,879,1   904,687,29,2662,5728,1341,2   643,611,27,960,3276,1249,3   1565,665,29,1735,4193,1341,2   1065,333,29,2331,5505,1341,2   1500,324,11,7059,7837,509,3   1432,354,22,167,2651,1018,1   853,713,19,471,2227,879,1   302,509,13,6250,7332,601,3   1286,463,28,2172,4668,1295,4   981,764,6,7839,8279,278,5   211,508,22,2293,4403,1018,4   1151,357,4,6238,6608,185,5   780,320,5,4798,5298,231,2   1193,762,21,3575,5623,971,1   1067,379,8,2940,3682,370,5   282,420,18,5832,7636,833,2   469,601,3,7992,8238,139,1   1506,342,19,3399,4451,879,1   1686,616,7,2467,3067,324,3   1629,594,7,3116,3832,324,5   1703,469,9,4458,5256,416,5   1456,503,7,3282,3990,324,1   1129,307,8,2374,2704,370,1   1160,338,15,6694,7866,694,4   361,615,15,4228,5556,694,1   1119,208,16,961,2403,740,3   412,308,11,1187,2181,509,2   1528,661,5,3472,4016,231,1   1697,511,18,6376,7608,833,1   1184,516,3,1220,1494,139,2   1284,408,22,0,1981,1018,3   1645,510,27,2012,4310,1249,5   1502,365,9,6605,7277,416,1   200,285,12,5457,6541,555,4   1168,618,5,6419,6879,231,1   1228,143,27,4122,6580,1249,5   887,54,19,1183,2687,879,1   934,389,18,6330,7786,833,4   118,716,4,4821,5207,185,4   1557,122,26,2784,6406,1203,4   1865,539,5,6420,6970,231,3   0,500,7,1167,1889,324,4
!----------------------------------------------------------------
!Recharge stations: x,y
300,0   14,516   900,857   226,729   1523,387   1473,232   516,325   1556,602   321,460   1133,641   162,451   212,453   1307,759   289,677   766,685   600,305   832,269   336,217   247,557   405,277   1381,107   1851,680   1374,251   806,514   199,418   1579,586   1087,211   1822,438   391,715   501,262   415,479   739,625   933,78   729,741   1120,399

g inverse recharge rate 0.74
