!----------------------------------------------------------------
!Stores: (first: depot x,y; then: satellites x,y,maxCap)
300,0   19,412,1000   1569,459,1000   942,291,1000   915,886,1000
!----------------------------------------------------------------
!Trucks: (total#, cap, cost/dist, fixcost)
2,181,1,128   2,250,1,150   2,331,1,172
!----------------------------------------------------------------
!CityFreighters: (max cf/sat, total#, cap, cost/dist, fixcost, maxCharge, energyConsumption)
3,3,90,1,68,722,1   4,4,125,1,80,1000,1   3,3,165,1,92,1322,1
!----------------------------------------------------------------
!Customers: (x, y, demand, readyTime, dueDate, serviceTime, penalizationCost)
351,600,3,4869,5043,99,2   1478,561,13,3786,4416,429,1   343,526,13,2798,3792,429,4   1430,715,15,2955,3847,495,5   1180,363,24,1985,3865,793,2   1694,455,24,3929,5187,793,1   729,716,24,3925,5015,793,5   1431,751,7,2689,3041,231,4   1121,679,13,3127,3927,429,5   1730,487,7,5389,5865,231,1   1011,611,13,5796,6576,429,2   936,759,3,6087,6277,99,4   566,574,25,605,2207,826,4   1375,345,29,2897,4713,958,3   1404,295,8,1179,1507,264,3   1157,552,18,1802,3160,594,3   1088,740,15,5368,6478,495,1   1156,345,28,4868,6026,925,5   297,560,11,2375,3143,363,2   335,368,23,4142,5526,760,1   455,416,20,4409,6345,661,1   1569,399,25,59,1631,826,5   1106,454,25,901,2765,826,2   1026,309,25,2051,3947,826,4   1712,607,26,2219,3403,859,2   1667,468,18,1777,3271,594,5   1326,541,21,5123,6497,694,1   446,474,16,1132,1940,528,5   1027,276,15,6103,7061,495,4   601,343,28,4851,7461,925,5   1234,725,12,5727,6321,396,3   577,344,24,570,2136,793,4   997,505,28,0,1696,925,1   689,655,11,864,1654,363,2   820,475,7,4432,4850,231,5   1386,363,12,5591,6065,396,2   1374,619,28,424,2318,925,2   634,766,17,3419,4589,561,2   1069,762,11,2478,3184,363,4   1463,514,9,1627,2199,297,4   380,752,20,4563,5851,661,2   267,433,22,4639,6183,727,1   697,595,6,1987,2383,198,2   367,732,27,1846,3656,892,1   757,20,16,3459,4455,528,4   289,398,16,4853,5801,528,5   1696,780,24,633,1655,793,2   1568,507,9,2199,2707,297,1   728,52,28,3470,5178,925,1   708,701,21,4834,6598,694,3
!----------------------------------------------------------------
!Recharge stations: x,y
300,0   19,412   1569,459   942,291   915,886   472,502   1451,479   700,699   1437,418   1166,164   1531,323   568,226   1411,440   1451,451   320,860   1059,540   864,669   1521,408   1604,357   1541,246   1630,431   1036,722   761,47   868,333   249,687   417,773   1696,449   1338,388   1629,353   1540,607   676,193   1067,400   703,310   1946,576   1012,233   1733,508   1082,317   278,363   1701,308   596,745   491,656   227,637   1158,693   738,557   469,529   1051,563   1905,349   748,588   654,551   1697,246   1610,470   395,640   755,339   777,47   709,241

g inverse recharge rate 0.64
