!----------------------------------------------------------------
!Stores: (first: depot x,y; then: satellites x,y,maxCap)
300,0   737,750,1000   1403,735,1000   1207,746,1000   214,536,1000
!----------------------------------------------------------------
!Trucks: (total#, cap, cost/dist, fixcost)
2,181,1,128   2,250,1,150   2,331,1,172
!----------------------------------------------------------------
!CityFreighters: (max cf/sat, total#, cap, cost/dist, fixcost, maxCharge, energyConsumption)
3,3,90,1,68,722,1   4,4,125,1,80,1000,1   3,3,165,1,92,1322,1
!----------------------------------------------------------------
!Customers: (x, y, demand, readyTime, dueDate, serviceTime, penalizationCost)
381,672,25,1251,2539,848,3   235,448,15,4255,5275,509,5   1527,689,11,4238,5004,373,5   991,692,10,578,1132,339,3   1381,463,24,2840,4434,815,1   1331,325,10,4602,5292,339,3   280,463,3,2068,2222,102,2   1649,482,20,1622,3072,679,2   1251,279,18,5139,6209,611,1   772,424,19,3100,4204,645,5   601,399,5,3923,4325,170,2   826,529,15,3580,4712,509,2   530,700,4,3324,3626,136,2   1347,369,20,4329,5699,679,2   358,653,26,1995,3317,882,4   1456,310,20,2123,3587,679,1   432,545,11,3667,4483,373,2   308,637,10,2446,3052,339,4   715,262,27,3846,5458,916,4   870,441,5,1268,1620,170,5   1624,425,17,1801,2527,577,2   253,551,5,5004,5368,170,3   630,527,19,2994,4438,645,5   1106,459,12,4396,5254,407,3   968,772,26,0,1362,882,2   993,689,13,4502,5224,441,4   242,444,28,137,2115,950,5   1479,590,20,2277,3505,679,5   1436,406,20,3606,4948,679,3   516,737,26,4318,6710,882,1   1581,667,26,401,2593,882,4   1019,358,16,2814,3816,543,3   1616,672,13,1097,1825,441,3   557,378,18,4744,6032,611,2   1394,537,22,699,2313,747,1   1601,345,21,2871,4547,713,5   769,350,14,4355,5581,475,1   1790,485,17,541,1607,577,5   814,743,26,3878,5068,882,1   399,364,29,2995,4663,984,1   835,490,8,483,1011,272,3   533,911,20,4534,5730,679,3   630,548,10,1675,2513,339,1   1296,446,14,297,1249,475,2   1428,556,6,1996,2146,204,4   278,269,6,5233,5573,204,3   646,530,3,1522,1750,102,5   1658,532,14,2684,3610,475,4   470,622,19,4112,5474,645,1   1838,751,9,2461,3121,305,4
!----------------------------------------------------------------
!Recharge stations: x,y
300,0   737,750   1403,735   1207,746   214,536   1130,505   1578,314   1186,382

g inverse recharge rate 0.59
