!----------------------------------------------------------------
!Stores: (first: depot x,y; then: satellites x,y,maxCap)
300,0   1258,707,1000   742,378,1000   174,458,1000   1537,247,1000
!----------------------------------------------------------------
!Trucks: (total#, cap, cost/dist, fixcost)
2,181,1,128   2,250,1,150   2,331,1,172
!----------------------------------------------------------------
!CityFreighters: (max cf/sat, total#, cap, cost/dist, fixcost, maxCharge, energyConsumption)
3,3,90,1,68,722,1   4,4,125,1,80,1000,1   3,3,165,1,92,1322,1
!----------------------------------------------------------------
!Customers: (x, y, demand, readyTime, dueDate, serviceTime, penalizationCost)
1078,257,15,4747,5741,480,2   918,628,27,1213,2435,865,1   381,345,29,0,2351,929,4   816,329,22,3179,4459,705,2   799,696,8,2178,2722,256,2   423,464,10,2380,3142,320,5   1346,338,25,3461,5323,801,3   844,755,4,855,1145,128,3   1010,342,6,4739,5115,192,2   825,749,29,2248,4050,929,1   873,553,22,3141,5197,705,2   1364,513,29,3705,5073,929,2   582,247,10,2314,2964,320,1   202,518,18,1965,3171,576,1   919,267,22,2742,3944,705,5   1686,510,4,5515,5731,128,3   1105,394,23,2632,4078,737,4   569,729,20,4880,5618,641,1   660,568,20,3320,4714,641,1   1089,463,7,3602,3922,224,1   489,348,24,2716,4736,769,3   644,327,9,5519,5989,288,4   517,331,4,4033,4353,128,4   420,358,16,498,1568,512,5   1669,384,22,2578,4246,705,2   394,671,10,4150,4824,320,5   1266,371,26,2807,4145,833,3   1260,399,28,993,2913,897,3   1148,529,24,1247,2945,769,2   1161,311,13,784,1666,416,5   1216,736,4,5690,6076,128,1   1065,715,5,4954,5214,160,1   1540,609,23,1395,2717,737,3   543,522,6,2956,3406,192,4   567,444,13,3461,4215,416,5   904,516,22,3249,4961,705,3   1716,406,6,3192,3566,192,5   460,677,18,480,1808,576,5   1277,456,22,722,2248,705,2   921,466,12,5504,6388,384,2   1801,385,27,73,2097,865,1   197,438,21,413,1545,673,1   1520,513,12,338,1238,384,2   866,783,25,4170,5940,801,1   939,892,22,4012,5578,705,5   1033,424,29,268,2150,929,1   535,761,10,4820,5424,320,1   1986,442,10,2056,2928,320,4   664,627,3,5591,5845,96,1   1583,153,25,1220,3144,801,1
!----------------------------------------------------------------
!Recharge stations: x,y
300,0   1258,707   742,378   174,458   1537,247   934,581   1805,572   524,736   1767,528   1779,612

g inverse recharge rate 0.59
