!----------------------------------------------------------------
!Stores: (first: depot x,y; then: satellites x,y,maxCap)
300,0   202,728,1000   890,151,1000   513,786,1000   1784,582,1000
!----------------------------------------------------------------
!Trucks: (total#, cap, cost/dist, fixcost)
2,181,1,128   2,250,1,150   2,331,1,172
!----------------------------------------------------------------
!CityFreighters: (max cf/sat, total#, cap, cost/dist, fixcost, maxCharge, energyConsumption)
3,3,90,1,68,722,1   4,4,125,1,80,1000,1   3,3,165,1,92,1322,1
!----------------------------------------------------------------
!Customers: (x, y, demand, readyTime, dueDate, serviceTime, penalizationCost)
1750,415,9,2376,2808,325,3   841,486,16,1567,2851,577,5   899,411,18,2058,3364,650,1   388,556,12,393,1301,433,2   393,583,29,3426,4962,1046,4   839,230,24,3231,4485,866,4   643,498,20,3855,5377,722,5   337,493,29,0,2485,1046,1   999,763,12,1342,2118,433,1   1500,311,15,2458,3994,541,1   963,247,4,1299,1563,144,3   798,280,29,4430,6504,1046,3   577,520,6,4241,4651,217,1   1797,503,9,3059,3559,325,5   677,431,16,5964,7374,577,5   824,704,7,1585,2137,253,2   459,457,24,5334,6900,866,2   1114,683,29,4284,5906,1046,5   619,594,18,669,2241,650,5   1160,259,7,5533,6067,253,3   1047,255,26,5548,7346,938,4   343,365,6,2069,2529,217,3   441,433,9,6605,7171,325,2   473,433,12,1267,1895,433,4   407,687,26,0,1477,938,3   790,432,16,575,1795,577,3   1297,414,19,5026,6226,686,4   405,375,3,3696,3886,108,1   1439,389,25,3464,5486,902,1   594,417,9,5518,6364,325,2   341,609,23,1266,3000,830,4   775,660,11,6274,7038,397,3   352,634,22,0,1662,794,2   357,638,10,1431,2165,361,5   1159,427,3,3702,3946,108,1   281,607,27,1112,2404,974,1   1068,421,25,1906,3676,902,3   905,634,14,2574,3998,505,5   1419,319,20,3046,4608,722,1   1686,485,28,551,2245,1010,1   944,857,27,2902,4694,974,5   1666,342,10,2621,3429,361,3   1434,829,9,747,1489,325,2   1057,640,13,6300,7230,469,2   364,687,25,4937,6601,902,2   409,496,20,5896,7408,722,4   1720,468,29,1572,4270,1046,2   1379,702,24,3096,4674,866,1   1772,212,16,4791,6167,577,5   1585,896,7,5319,5773,253,3
!----------------------------------------------------------------
!Recharge stations: x,y
300,0   202,728   890,151   513,786   1784,582   448,468   986,218   351,644   341,622   717,273   826,244   365,552   746,715   636,773   1015,235   1683,331   143,585   1643,462   660,516   260,418   461,471   450,654   1756,444   260,623   1744,579   391,581   1264,621   460,695   1223,648   517,706

g inverse recharge rate 0.67
