!----------------------------------------------------------------
!Stores: (first: depot x,y; then: satellites x,y,maxCap)
300,0   1002,917,1000   103,601,1000   426,696,1000   614,98,1000
!----------------------------------------------------------------
!Trucks: (total#, cap, cost/dist, fixcost)
2,181,1,128   2,250,1,150   2,331,1,172
!----------------------------------------------------------------
!CityFreighters: (max cf/sat, total#, cap, cost/dist, fixcost, maxCharge, energyConsumption)
3,3,90,1,68,722,1   4,4,125,1,80,1000,1   3,3,165,1,92,1322,1
!----------------------------------------------------------------
!Customers: (x, y, demand, readyTime, dueDate, serviceTime, penalizationCost)
1347,608,18,3817,6387,772,1   411,612,7,532,1060,300,3   852,558,4,2099,2407,172,1   953,749,6,6999,7437,257,3   1328,600,27,5570,7726,1159,5   1203,628,12,6325,7307,515,1   1401,354,21,1416,3300,901,3   1587,324,13,1708,2836,558,3   1522,633,5,7250,7618,215,1   1253,424,10,4976,5606,429,2   1024,672,8,7326,7978,343,4   1337,743,13,6617,7487,558,2   940,357,5,6118,6470,215,2   1311,642,16,4475,5953,687,2   1695,558,28,1125,3231,1202,4   585,586,19,2865,4047,815,3   1061,582,14,6365,7217,601,2   940,546,5,2177,2633,215,4   1386,509,26,3064,6164,1116,1   510,434,26,1171,2687,1116,1   1343,701,4,2903,3183,172,3   1721,609,23,4324,6310,987,4   1493,580,10,6182,6956,429,2   918,642,29,2356,3876,1244,1   320,576,23,906,2854,987,3   851,720,19,1133,2537,815,5   437,347,18,0,1510,772,1   1773,549,8,3017,3811,343,4   587,656,18,3006,4546,772,4   1318,469,25,5140,7362,1073,1   1086,232,6,5675,6263,257,1   959,214,19,1648,3014,815,3   359,442,5,3275,3707,215,5   702,558,21,5374,7406,901,3   1732,412,22,4081,6009,944,5   809,732,25,2933,5073,1073,2   1590,695,8,6150,6558,343,4   649,476,11,5190,6252,472,5   1725,509,24,344,2732,1030,1   552,397,18,4589,5999,772,2   1414,63,24,2125,3265,1030,3   1994,533,3,4748,4954,129,4   453,407,9,7015,7397,386,4   1327,714,27,4401,6553,1159,1   1354,537,18,4629,6071,772,4   1919,563,3,7429,7607,129,5   416,212,17,6748,8220,729,1   1372,201,23,95,2359,987,3   1665,798,28,4070,6698,1202,2   1051,387,24,5501,7477,1030,4
!----------------------------------------------------------------
!Recharge stations: x,y
300,0   1002,917   103,601   426,696   614,98   1498,536   1333,640   1301,579   1751,599   1842,499   1007,805   1591,542   917,770   1495,365   101,677   925,760   1295,746   499,651   511,538   1266,703   804,818   170,509   979,253   171,427   253,647

g inverse recharge rate 0.75
