!----------------------------------------------------------------
!Stores: (first: depot x,y; then: satellites x,y,maxCap)
300,0   19,412,1000   1569,459,1000   942,291,1000   915,886,1000
!----------------------------------------------------------------
!Trucks: (total#, cap, cost/dist, fixcost)
2,181,1,128   2,250,1,150   2,331,1,172
!----------------------------------------------------------------
!CityFreighters: (max cf/sat, total#, cap, cost/dist, fixcost, maxCharge, energyConsumption)
3,3,90,1,68,722,1   4,4,125,1,80,1000,1   3,3,165,1,92,1322,1
!----------------------------------------------------------------
!Customers: (x, y, demand, readyTime, dueDate, serviceTime, penalizationCost)
351,600,3,3105,3267,99,2   1478,561,13,5484,6170,429,3   343,526,13,755,1709,429,2   1430,715,15,3283,4301,495,2   1180,363,24,4592,6396,793,3   1694,455,24,691,2103,793,2   729,716,24,3156,4712,793,4   1431,751,7,4690,5086,231,4   1121,679,13,484,1330,429,1   1730,487,7,6351,6745,231,2   1011,611,13,6088,7206,429,3   936,759,3,4410,4598,99,4   566,574,25,2335,3509,826,3   1375,345,29,5067,7065,958,1   1404,295,8,651,1193,264,4   1157,552,18,782,2080,594,2   1088,740,15,2053,2907,495,3   1156,345,28,2212,4170,925,4   297,560,11,2790,3550,363,2   335,368,23,1531,3211,760,3   455,416,20,3266,4792,661,3   1569,399,25,953,2687,826,4   1106,454,25,3274,4800,826,4   1026,309,25,1091,2861,826,5   1712,607,26,4799,7115,859,2   1667,468,18,5358,6508,594,2   1326,541,21,0,1490,694,2   446,474,16,2963,3991,528,5   1027,276,15,2120,3386,495,1   601,343,28,2926,4542,925,3   1234,725,12,6207,7261,396,5   577,344,24,4317,6157,793,5   997,505,28,2525,5089,925,5   689,655,11,1593,2233,363,2   820,475,7,1858,2422,231,1   1386,363,12,3617,4419,396,4   1374,619,28,3713,4995,925,5   634,766,17,792,2118,561,5   1069,762,11,2700,3466,363,3   1463,514,9,4664,5174,297,1   380,752,20,5319,6827,661,1   267,433,22,3215,4855,727,3   697,595,6,4213,4583,198,2   367,732,27,3815,5665,892,3   757,20,16,1153,1955,528,4   289,398,16,1142,2174,528,5   1696,780,24,1974,3648,793,2   1568,507,9,3171,3921,297,4   728,52,28,2601,4527,925,3   708,701,21,5162,6844,694,5
!----------------------------------------------------------------
!Recharge stations: x,y
300,0   19,412   1569,459   942,291   915,886   472,502   1451,479

g inverse recharge rate 0.64
