!----------------------------------------------------------------
!Stores: (first: depot x,y; then: satellites x,y,maxCap)
300,0   1982,476,1000   985,805,1000   1474,624,1000   1117,188,1000
!----------------------------------------------------------------
!Trucks: (total#, cap, cost/dist, fixcost)
2,181,1,128   2,250,1,150   2,331,1,172
!----------------------------------------------------------------
!CityFreighters: (max cf/sat, total#, cap, cost/dist, fixcost, maxCharge, energyConsumption)
3,3,90,1,68,722,1   4,4,125,1,80,1000,1   3,3,165,1,92,1322,1
!----------------------------------------------------------------
!Customers: (x, y, demand, readyTime, dueDate, serviceTime, penalizationCost)
615,600,27,1635,3941,1042,1   1511,329,23,1720,3354,888,2   1782,526,8,5727,6219,309,4   509,649,9,2562,3432,347,5   450,391,4,2504,2878,154,3   1103,297,6,812,1250,232,3   1090,759,8,6488,7136,309,4   1777,471,16,0,1340,617,1   503,585,9,4123,4543,347,2   991,253,27,3856,6406,1042,4   236,534,13,2401,3131,502,5   1027,793,24,507,2685,926,4   1206,221,6,1070,1674,232,4   1774,556,7,4672,5162,270,3   500,471,22,1973,3135,849,5   220,533,17,1835,3217,656,1   270,402,22,3415,5017,849,1   370,540,17,3865,5303,656,3   248,532,7,4817,5303,270,2   1473,452,19,5764,7432,733,2   1005,700,6,5288,5626,232,5   1218,251,4,5804,6154,154,1   1461,480,29,3762,6022,1119,2   729,658,4,2151,2495,154,2   1377,537,25,1244,2874,965,2   1747,396,8,5825,6545,309,2   524,662,7,2454,3058,270,2   490,273,19,2748,3710,733,3   217,544,6,4251,4761,232,4   445,318,24,408,2146,926,4   1401,748,23,4357,5935,888,1   858,647,16,2795,3821,617,4   1700,356,25,449,2641,965,5   1207,342,12,2427,3215,463,4   924,339,5,2290,2730,193,5   1074,619,25,4748,6800,965,2   1391,295,26,3436,5596,1003,4   789,284,18,2296,4248,695,5   884,539,16,1878,3272,617,4   277,552,23,1138,3300,888,2   1234,712,29,4117,6149,1119,4   1048,910,5,3195,3607,193,4   1718,576,27,4052,6160,1042,2   629,161,16,3402,4512,617,3   363,216,5,1081,1447,193,2   1205,170,29,3359,5375,1119,2   993,642,8,2052,2606,309,5   1381,476,7,2383,2933,270,4   1648,835,20,236,1554,772,4   1243,138,19,782,2324,733,2
!----------------------------------------------------------------
!Recharge stations: x,y
300,0   1982,476   985,805   1474,624   1117,188   470,426   1269,663   687,469   521,365   1752,431   808,433   718,386   674,489   539,450   698,349   1401,422   1427,512   467,422   1207,579   91,480   1482,486   1531,472   1263,685   1496,216   586,610   1568,734   818,249   198,527   781,858   1935,329   1783,365   927,108   552,700   1336,431   533,237   1407,605   902,784   1059,295   786,352   249,515   1401,882   548,546   1824,472   732,822   1724,521

g inverse recharge rate 0.66
