!----------------------------------------------------------------
!Stores: (first: depot x,y; then: satellites x,y,maxCap)
300,0   1002,917,1000   103,601,1000   426,696,1000   614,98,1000
!----------------------------------------------------------------
!Trucks: (total#, cap, cost/dist, fixcost)
2,181,1,128   2,250,1,150   2,331,1,172
!----------------------------------------------------------------
!CityFreighters: (max cf/sat, total#, cap, cost/dist, fixcost, maxCharge, energyConsumption)
3,3,90,1,68,722,1   4,4,125,1,80,1000,1   3,3,165,1,92,1322,1
!----------------------------------------------------------------
!Customers: (x, y, demand, readyTime, dueDate, serviceTime, penalizationCost)
1347,608,18,528,1954,772,5   411,612,7,1075,1757,300,2   852,558,4,4320,4696,172,3   953,749,6,4937,5405,257,1   1328,600,27,3012,5562,1159,1   1203,628,12,1821,2817,515,3   1401,354,21,655,2507,901,5   1587,324,13,5713,7001,558,3   1522,633,5,4922,5410,215,3   1253,424,10,2925,3993,429,3   1024,672,8,2012,2694,343,3   1337,743,13,5226,6768,558,2   940,357,5,6217,6875,215,2   1311,642,16,3208,4124,687,2   1695,558,28,3663,5733,1202,2   585,586,19,6536,7936,815,1   1061,582,14,4027,5063,601,3   940,546,5,7569,8107,215,4   1386,509,26,536,2054,1116,2   510,434,26,5741,8043,1116,2   1343,701,4,2106,2580,172,1   1721,609,23,443,2659,987,1   1493,580,10,4913,5735,429,4   918,642,29,845,3685,1244,5   320,576,23,2209,4729,987,5   851,720,19,2070,3340,815,2   437,347,18,837,2799,772,2   1773,549,8,4002,4488,343,2   587,656,18,465,2311,772,2   1318,469,25,2290,4244,1073,3   1086,232,6,2402,3056,257,2   959,214,19,5097,6605,815,3   359,442,5,7894,8240,215,1   702,558,21,3954,6272,901,3   1732,412,22,5181,7021,944,1   809,732,25,1857,3825,1073,4   1590,695,8,4434,5052,343,4   649,476,11,6917,7925,472,5   1725,509,24,1190,2960,1030,5   552,397,18,323,1983,772,4   1414,63,24,5520,7792,1030,1   1994,533,3,3427,3791,129,1   453,407,9,3030,3680,386,3   1327,714,27,2159,4049,1159,1   1354,537,18,163,1927,772,4   1919,563,3,4807,5153,129,1   416,212,17,6067,7501,729,3   1372,201,23,2821,4595,987,2   1665,798,28,4604,6672,1202,1   1051,387,24,4920,6486,1030,1
!----------------------------------------------------------------
!Recharge stations: x,y
300,0   1002,917   103,601   426,696   614,98   1498,536   1333,640   1301,579   1751,599   1842,499   1007,805   1591,542   917,770   1495,365   101,677   925,760   1295,746   499,651   511,538   1266,703   804,818   170,509   979,253   171,427   253,647   1633,806   1517,288   1021,199   1683,596   1161,422   1001,245   910,397   803,294   1345,503   1202,385

g inverse recharge rate 0.75
