!----------------------------------------------------------------
!Stores: (first: depot x,y; then: satellites x,y,maxCap)
300,0   54,456,1000   164,276,1000   1745,570,1000   1076,323,1000
!----------------------------------------------------------------
!Trucks: (total#, cap, cost/dist, fixcost)
2,181,1,128   2,250,1,150   2,331,1,172
!----------------------------------------------------------------
!CityFreighters: (max cf/sat, total#, cap, cost/dist, fixcost, maxCharge, energyConsumption)
3,3,90,1,68,722,1   4,4,125,1,80,1000,1   3,3,165,1,92,1322,1
!----------------------------------------------------------------
!Customers: (x, y, demand, readyTime, dueDate, serviceTime, penalizationCost)
1267,379,15,6347,7787,656,5   588,332,25,4214,5732,1093,3   359,385,20,1228,2552,875,3   1711,446,21,2932,5020,918,2   1748,553,14,1320,3046,612,4   501,610,4,3323,3659,175,1   743,356,4,768,1080,175,2   1253,700,20,1038,3108,875,4   212,516,11,4616,5672,481,2   817,431,25,163,3281,1093,2   473,323,12,6117,7121,525,5   884,530,20,3635,5679,875,1   319,527,29,2855,4091,1268,3   1013,202,12,3826,4710,525,2   666,690,7,2506,3148,306,4   1380,521,10,5534,6180,437,5   1542,585,17,1674,3176,743,3   218,469,18,3670,5644,787,4   1642,509,17,3622,5096,743,5   1370,431,25,2673,5289,1093,5   1398,390,15,6628,8124,656,5   1556,315,11,4672,5676,481,3   294,594,4,7053,7371,175,1   350,659,5,1381,1895,219,4   446,593,14,3985,4535,612,4   1467,397,23,4157,5741,1006,1   205,524,8,7433,8193,350,1   790,276,27,3604,5712,1181,5   364,353,18,3580,5228,787,5   1157,436,21,129,1983,918,5   254,501,28,4749,6935,1224,1   1672,607,20,1072,3222,875,1   1391,587,26,277,2877,1137,2   1096,593,4,6558,6776,175,1   1335,471,6,7248,7896,262,2   1178,614,23,1157,2669,1006,2   662,563,13,3931,5365,568,5   956,365,21,994,2534,918,3   1175,619,22,2,2574,962,5   1492,323,24,3375,5233,1049,5   1622,680,5,5419,5905,219,4   254,287,26,5181,6845,1137,4   1860,336,17,4312,6362,743,5   1588,369,10,5344,6208,437,1   1199,247,5,6326,6746,219,3   885,670,11,6886,7558,481,5   108,629,6,4546,5024,262,3   1456,199,9,537,1355,394,4   599,646,12,4362,5268,525,4   384,157,5,2335,2831,219,4
!----------------------------------------------------------------
!Recharge stations: x,y
300,0   54,456   164,276   1745,570   1076,323   895,312   1052,600   1666,701

g inverse recharge rate 0.73
