!----------------------------------------------------------------
!Stores: (first: depot x,y; then: satellites x,y,maxCap)
300,0   674,747,1000   1212,82,1000   1820,396,1000   146,610,1000
!----------------------------------------------------------------
!Trucks: (total#, cap, cost/dist, fixcost)
2,181,1,128   2,250,1,150   2,331,1,172
!----------------------------------------------------------------
!CityFreighters: (max cf/sat, total#, cap, cost/dist, fixcost, maxCharge, energyConsumption)
3,3,90,1,68,722,1   4,4,125,1,80,1000,1   3,3,165,1,92,1322,1
!----------------------------------------------------------------
!Customers: (x, y, demand, readyTime, dueDate, serviceTime, penalizationCost)
780,646,22,165,1423,802,3   711,230,24,261,2483,874,5   573,491,16,4615,5629,583,1   466,713,9,2732,3166,328,5   580,515,15,1238,2548,547,1   785,684,29,0,1465,1057,4   1798,482,16,4150,4928,583,3   1254,401,11,5366,6042,401,4   1267,503,24,3992,6040,874,2   1692,387,19,853,2131,692,4   1346,517,24,475,1949,874,2   1640,434,7,3389,3963,255,4   952,712,29,309,2701,1057,2   300,610,19,64,1774,692,3   735,309,5,4583,4995,182,4   1201,417,19,3856,4770,692,1   912,561,22,6151,7979,802,1   682,725,16,467,1589,583,3   556,373,21,5045,6951,765,4   437,502,15,5073,6137,547,2   1244,258,8,3106,3572,291,2   346,373,24,189,1835,874,3   1686,512,24,1224,2614,874,1   1612,372,12,1968,2874,437,2   1369,252,28,1212,2566,1020,5   869,647,3,5139,5329,109,1   1517,668,12,1077,1703,437,5   875,666,6,5622,6024,219,2   421,332,19,4320,5542,692,3   1487,492,10,593,1213,364,3   734,421,8,7077,7607,291,1   555,624,25,3817,4835,911,1   1791,481,20,5046,6962,729,2   1089,427,3,7412,7628,109,1   1529,435,24,430,1978,874,2   320,416,21,3001,4493,765,1   1670,625,8,2537,3195,291,5   512,609,22,1575,2771,802,4   1644,378,28,2724,4664,1020,2   1538,497,23,1599,2643,838,3   1697,615,20,2268,3474,729,4   106,330,22,1617,3297,802,2   1565,227,18,2232,3520,656,3   607,835,17,2803,4227,619,1   1837,538,13,1061,2209,474,5   1511,654,22,2089,4407,802,2   988,57,7,3954,4434,255,4   1437,655,29,3552,4988,1057,2   833,230,18,1924,2728,656,1   741,20,25,4753,6515,911,1
!----------------------------------------------------------------
!Recharge stations: x,y
300,0   674,747   1212,82   1820,396   146,610   594,208   900,186   1024,417   1145,426   1792,477   576,776   239,630   1713,323   1471,501   1667,668   355,687   236,202   588,459   1324,526   153,521   239,502   1273,594   965,466   350,401   1270,734

g inverse recharge rate 0.7
