!----------------------------------------------------------------
!Stores: (first: depot x,y; then: satellites x,y,maxCap)
300,0   737,750,1000   1403,735,1000   1207,746,1000   214,536,1000
!----------------------------------------------------------------
!Trucks: (total#, cap, cost/dist, fixcost)
2,181,1,128   2,250,1,150   2,331,1,172
!----------------------------------------------------------------
!CityFreighters: (max cf/sat, total#, cap, cost/dist, fixcost, maxCharge, energyConsumption)
3,3,90,1,68,722,1   4,4,125,1,80,1000,1   3,3,165,1,92,1322,1
!----------------------------------------------------------------
!Customers: (x, y, demand, readyTime, dueDate, serviceTime, penalizationCost)
381,672,25,3509,4611,848,5   235,448,15,4645,5871,509,1   1527,689,11,4798,5364,373,3   991,692,10,2251,2967,339,3   1381,463,24,3326,5106,815,4   1331,325,10,2355,3181,339,2   280,463,3,4618,4782,102,2   1649,482,20,4950,5932,679,3   1251,279,18,2131,3135,611,3   772,424,19,4361,5471,645,3   601,399,5,5111,5459,170,1   826,529,15,3312,4296,509,4   530,700,4,1621,1907,136,5   1347,369,20,1435,2697,679,3   358,653,26,3956,5852,882,3   1456,310,20,2844,4044,679,1   432,545,11,5299,5723,373,2   308,637,10,323,1021,339,4   715,262,27,3828,5868,916,1   870,441,5,5464,5724,170,2   1624,425,17,3221,4207,577,5   253,551,5,5221,5651,170,2   630,527,19,2525,3943,645,4   1106,459,12,1553,2247,407,5   968,772,26,0,1466,882,3   993,689,13,1666,2516,441,1   242,444,28,4083,6293,950,2   1479,590,20,3402,4604,679,1   1436,406,20,696,1744,679,3   516,737,26,1536,3796,882,4   1581,667,26,3025,5317,882,5   1019,358,16,4472,6012,543,4   1616,672,13,5334,6358,441,2   557,378,18,3411,4603,611,1   1394,537,22,616,1780,747,4   1601,345,21,3327,4651,713,5   769,350,14,3032,4270,475,3   1790,485,17,4104,4946,577,2   814,743,26,876,2400,882,3   399,364,29,199,2347,984,5   835,490,8,3138,3746,272,2   533,911,20,227,1419,679,5   630,548,10,2725,3507,339,5   1296,446,14,5566,6606,475,2   1428,556,6,5745,6101,204,1   278,269,6,3475,3941,204,1   646,530,3,5170,5312,102,5   1658,532,14,4323,5853,475,4   470,622,19,4185,5485,645,2   1838,751,9,2202,2844,305,4
!----------------------------------------------------------------
!Recharge stations: x,y
300,0   737,750   1403,735   1207,746   214,536   1130,505   1578,314   1186,382   970,162   665,917   1713,789   37,542   1171,701   275,335   1325,207

g inverse recharge rate 0.59
