!----------------------------------------------------------------
!Stores: (first: depot x,y; then: satellites x,y,maxCap)
300,0   1982,476,1000   985,805,1000   1474,624,1000   1117,188,1000
!----------------------------------------------------------------
!Trucks: (total#, cap, cost/dist, fixcost)
2,181,1,128   2,250,1,150   2,331,1,172
!----------------------------------------------------------------
!CityFreighters: (max cf/sat, total#, cap, cost/dist, fixcost, maxCharge, energyConsumption)
3,3,90,1,68,722,1   4,4,125,1,80,1000,1   3,3,165,1,92,1322,1
!----------------------------------------------------------------
!Customers: (x, y, demand, readyTime, dueDate, serviceTime, penalizationCost)
615,600,27,2436,4910,1042,1   1511,329,23,3478,5004,888,2   1782,526,8,525,1207,309,3   509,649,9,2187,2551,347,3   450,391,4,1567,1915,154,2   1103,297,6,5315,5775,232,3   1090,759,8,5921,6397,309,2   1777,471,16,3164,4452,617,2   503,585,9,1006,1684,347,4   991,253,27,259,1889,1042,3   236,534,13,3780,4672,502,1   1027,793,24,2789,4539,926,5   1206,221,6,3568,3888,232,5   1774,556,7,1940,2608,270,1   500,471,22,137,1937,849,3   220,533,17,2362,3270,656,2   270,402,22,637,2885,849,2   370,540,17,3693,4891,656,2   248,532,7,4391,4977,270,5   1473,452,19,105,1251,733,3   1005,700,6,3668,4176,232,4   1218,251,4,5302,5626,154,5   1461,480,29,5137,7295,1119,3   729,658,4,2376,2666,154,1   1377,537,25,5241,7397,965,4   1747,396,8,3370,3986,309,2   524,662,7,5890,6448,270,3   490,273,19,737,2351,733,5   217,544,6,1892,2284,232,5   445,318,24,5047,6313,926,5   1401,748,23,4045,5797,888,1   858,647,16,2329,3491,617,5   1700,356,25,569,2807,965,5   1207,342,12,2050,2864,463,1   924,339,5,1470,1988,193,1   1074,619,25,4458,6582,965,4   1391,295,26,818,2008,1003,1   789,284,18,4278,5806,695,3   884,539,16,4978,6196,617,3   277,552,23,3785,5715,888,3   1234,712,29,2864,5090,1119,3   1048,910,5,1173,1545,193,3   1718,576,27,5099,6653,1042,4   629,161,16,3907,5329,617,1   363,216,5,1868,2248,193,1   1205,170,29,640,1554,1119,2   993,642,8,4853,5485,309,5   1381,476,7,4466,5038,270,3   1648,835,20,770,2356,772,3   1243,138,19,5976,7280,733,4
!----------------------------------------------------------------
!Recharge stations: x,y
300,0   1982,476   985,805   1474,624   1117,188   470,426   1269,663   687,469

g inverse recharge rate 0.66
