!----------------------------------------------------------------
!Stores: (first: depot x,y; then: satellites x,y,maxCap)
300,0   19,412,1000   1569,459,1000   942,291,1000   915,886,1000
!----------------------------------------------------------------
!Trucks: (total#, cap, cost/dist, fixcost)
2,181,1,128   2,250,1,150   2,331,1,172
!----------------------------------------------------------------
!CityFreighters: (max cf/sat, total#, cap, cost/dist, fixcost, maxCharge, energyConsumption)
3,3,90,1,68,722,1   4,4,125,1,80,1000,1   3,3,165,1,92,1322,1
!----------------------------------------------------------------
!Customers: (x, y, demand, readyTime, dueDate, serviceTime, penalizationCost)
351,600,3,5543,5753,99,1   1478,561,13,4786,5654,429,4   343,526,13,3390,4250,429,4   1430,715,15,5535,6509,495,2   1180,363,24,3616,5274,793,3   1694,455,24,3274,4300,793,5   729,716,24,5077,6393,793,1   1431,751,7,5208,5594,231,4   1121,679,13,1408,2312,429,5   1730,487,7,1748,2306,231,1   1011,611,13,4317,5057,429,4   936,759,3,3873,4041,99,2   566,574,25,1675,3617,826,1   1375,345,29,975,2775,958,5   1404,295,8,4640,5128,264,4   1157,552,18,776,1988,594,3   1088,740,15,4810,5642,495,5   1156,345,28,186,1506,925,2   297,560,11,5556,6198,363,4   335,368,23,1475,2961,760,2   455,416,20,1190,2270,661,5   1569,399,25,2727,3781,826,5   1106,454,25,1938,4124,826,3   1026,309,25,1720,3872,826,1   1712,607,26,1806,3262,859,4   1667,468,18,749,2083,594,4   1326,541,21,3968,4604,694,3   446,474,16,1909,3179,528,4   1027,276,15,1226,1674,495,1   601,343,28,2817,4131,925,4   1234,725,12,3832,4658,396,5   577,344,24,3721,4799,793,4   997,505,28,1579,3645,925,2   689,655,11,683,1335,363,2   820,475,7,5539,5943,231,5   1386,363,12,1841,2649,396,1   1374,619,28,2292,4256,925,2   634,766,17,3170,4406,561,3   1069,762,11,2207,3077,363,5   1463,514,9,3369,3819,297,1   380,752,20,5535,6631,661,1   267,433,22,2223,3277,727,5   697,595,6,1147,1527,198,1   367,732,27,3042,4974,892,2   757,20,16,3410,4450,528,4   289,398,16,3511,4285,528,4   1696,780,24,4656,6418,793,5   1568,507,9,5958,6548,297,3   728,52,28,5136,6822,925,4   708,701,21,283,1767,694,5
!----------------------------------------------------------------
!Recharge stations: x,y
300,0   19,412   1569,459   942,291   915,886   472,502   1451,479   700,699   1437,418   1166,164   1531,323   568,226   1411,440   1451,451   320,860   1059,540   864,669   1521,408   1604,357   1541,246   1630,431   1036,722   761,47   868,333   249,687   417,773   1696,449   1338,388   1629,353   1540,607   676,193   1067,400   703,310   1946,576   1012,233

g inverse recharge rate 0.64
