!----------------------------------------------------------------
!Stores: (first: depot x,y; then: satellites x,y,maxCap)
300,0   202,728,1000   890,151,1000   513,786,1000   1784,582,1000
!----------------------------------------------------------------
!Trucks: (total#, cap, cost/dist, fixcost)
2,181,1,128   2,250,1,150   2,331,1,172
!----------------------------------------------------------------
!CityFreighters: (max cf/sat, total#, cap, cost/dist, fixcost, maxCharge, energyConsumption)
3,3,90,1,68,722,1   4,4,125,1,80,1000,1   3,3,165,1,92,1322,1
!----------------------------------------------------------------
!Customers: (x, y, demand, readyTime, dueDate, serviceTime, penalizationCost)
1750,415,9,6410,7114,325,5   841,486,16,3101,4605,577,4   899,411,18,677,2289,650,1   388,556,12,5600,6564,433,3   393,583,29,978,3298,1046,3   839,230,24,918,2910,866,2   643,498,20,4529,6121,722,4   337,493,29,4047,5721,1046,5   999,763,12,5071,5709,433,1   1500,311,15,2964,3942,541,2   963,247,4,1588,1854,144,3   798,280,29,1647,3975,1046,1   577,520,6,5356,5850,217,1   1797,503,9,4888,5690,325,4   677,431,16,819,1701,577,3   824,704,7,6678,7006,253,3   459,457,24,5174,6260,866,3   1114,683,29,1244,2502,1046,5   619,594,18,3126,4354,650,4   1160,259,7,6379,6805,253,1   1047,255,26,2965,5113,938,2   343,365,6,1293,1835,217,1   441,433,9,6227,7223,325,2   473,433,12,6124,7204,433,4   407,687,26,0,1515,938,4   790,432,16,4718,5938,577,5   1297,414,19,1418,2864,686,1   405,375,3,7227,7467,108,2   1439,389,25,1043,3149,902,1   594,417,9,1773,2577,325,4   341,609,23,209,1905,830,3   775,660,11,523,1097,397,3   352,634,22,4182,6100,794,5   357,638,10,4472,5226,361,2   1159,427,3,5980,6246,108,4   281,607,27,5840,7072,974,4   1068,421,25,2296,4602,902,2   905,634,14,5041,5659,505,3   1419,319,20,1462,3128,722,3   1686,485,28,3459,5285,1010,1   944,857,27,200,2234,974,2   1666,342,10,5611,6025,361,5   1434,829,9,3219,3961,325,2   1057,640,13,1498,2336,469,4   364,687,25,2161,3695,902,1   409,496,20,2312,3546,722,5   1720,468,29,3123,5295,1046,5   1379,702,24,913,2431,866,3   1772,212,16,1980,2958,577,3   1585,896,7,2996,3624,253,5
!----------------------------------------------------------------
!Recharge stations: x,y
300,0   202,728   890,151   513,786   1784,582   448,468   986,218   351,644

g inverse recharge rate 0.67
