!----------------------------------------------------------------
!Stores: (first: depot x,y; then: satellites x,y,maxCap)
300,0   1314,650,1000   548,85,1000   70,356,1000   844,731,1000
!----------------------------------------------------------------
!Trucks: (total#, cap, cost/dist, fixcost)
2,181,1,128   2,250,1,150   2,331,1,172
!----------------------------------------------------------------
!CityFreighters: (max cf/sat, total#, cap, cost/dist, fixcost, maxCharge, energyConsumption)
3,3,90,1,68,722,1   4,4,125,1,80,1000,1   3,3,165,1,92,1322,1
!----------------------------------------------------------------
!Customers: (x, y, demand, readyTime, dueDate, serviceTime, penalizationCost)
1140,489,22,234,2010,844,5   1210,344,10,4112,4498,384,1   283,552,7,6134,6550,269,1   1743,579,11,1698,2486,422,2   660,253,15,2264,3560,575,2   808,679,4,5810,6208,153,1   288,610,3,3878,4084,115,4   1320,570,10,3368,4042,384,3   984,331,29,2071,4565,1112,2   1198,680,17,652,2008,652,5   1390,344,18,1071,2207,691,5   1427,604,7,1588,2332,269,3   1264,777,19,715,2111,729,5   1192,450,16,1303,2481,614,5   1350,439,21,1500,3390,806,4   890,676,22,5520,6744,844,5   1265,750,17,5693,7103,652,4   1488,311,23,3080,4738,882,5   1676,533,17,5233,6199,652,1   232,547,26,0,2214,997,1   1548,424,16,911,2393,614,1   1087,469,19,5573,6889,729,2   577,324,11,4225,5057,422,1   200,500,25,763,2601,959,3   1621,484,11,2419,3069,422,1   1585,514,27,3665,5989,1036,4   457,347,10,5756,6676,384,1   1507,592,12,1889,2821,460,4   316,368,13,4374,5270,499,4   512,602,9,937,1629,345,2   1445,645,28,3749,5411,1074,3   805,561,5,7005,7295,192,4   342,511,23,4330,6108,882,3   1639,556,18,2506,4544,691,5   825,343,7,4038,4556,269,5   1751,499,18,5317,6549,691,3   1684,637,18,3006,4342,691,5   1472,666,8,3806,4486,307,5   1094,424,11,881,1741,422,2   1701,426,18,3948,5524,691,3   1345,660,19,2583,4009,729,4   878,16,28,5477,7213,1074,3   216,792,7,4020,4582,269,4   961,798,21,5811,7089,806,3   1184,801,12,510,1262,460,3   1274,186,22,3707,5495,844,2   928,905,19,5504,6744,729,5   1061,989,25,703,2667,959,1   474,471,11,665,1541,422,4   248,292,11,2959,4175,422,2
!----------------------------------------------------------------
!Recharge stations: x,y
300,0   1314,650   548,85   70,356   844,731   273,357   372,710

g inverse recharge rate 0.67
