!----------------------------------------------------------------
!Stores: (first: depot x,y; then: satellites x,y,maxCap)
300,0   1056,693,1000   103,661,1000   114,485,1000   1304,808,1000
!----------------------------------------------------------------
!Trucks: (total#, cap, cost/dist, fixcost)
2,181,1,128   2,250,1,150   2,331,1,172
!----------------------------------------------------------------
!CityFreighters: (max cf/sat, total#, cap, cost/dist, fixcost, maxCharge, energyConsumption)
3,3,90,1,68,722,1   4,4,125,1,80,1000,1   3,3,165,1,92,1322,1
!----------------------------------------------------------------
!Customers: (x, y, demand, readyTime, dueDate, serviceTime, penalizationCost)
1163,500,29,4007,5755,1042,2   1367,493,17,2269,3409,611,3   1485,607,26,2672,4566,934,2   1714,389,16,532,2060,575,3   1141,670,10,6355,7071,359,4   342,564,29,801,2615,1042,5   881,394,10,4831,5447,359,3   363,652,13,3075,3775,467,4   1144,739,20,3818,4936,719,5   262,395,5,4133,4551,180,3   1289,387,5,2134,2560,180,5   1060,256,28,5302,6792,1006,2   1137,712,4,6791,7049,144,5   877,554,6,6595,7149,216,2   387,602,17,3454,5012,611,3   499,280,28,36,1644,1006,5   735,489,9,6125,6781,323,1   1138,223,5,1733,2061,180,2   1773,517,24,3487,5521,862,2   463,646,22,2451,4017,791,3   225,513,28,2872,5146,1006,3   987,328,14,1501,2471,503,2   1718,618,10,4119,4959,359,1   527,297,15,2856,4222,539,3   1653,580,26,2020,3824,934,2   847,769,3,1459,1661,108,2   429,548,20,2548,4040,719,1   745,448,19,2514,4168,683,1   1593,500,3,5772,6008,108,1   469,718,18,1222,2304,647,1   1343,759,21,2030,3904,755,4   1460,507,4,5286,5556,144,4   1261,735,24,2765,5051,862,1   722,686,29,2358,3478,1042,1   1404,478,14,2694,3748,503,5   677,632,22,3404,4786,791,2   1007,383,4,2754,3132,144,3   461,675,26,3977,5651,934,4   1362,527,13,5939,6817,467,1   980,486,3,821,1059,108,5   644,679,20,5038,6618,719,4   406,154,21,5560,6686,755,3   1111,292,15,2219,3627,539,2   367,807,6,2683,3135,216,4   285,608,27,0,2461,970,4   849,557,29,320,2716,1042,3   394,411,29,217,2459,1042,2   637,836,17,2309,3319,611,5   462,155,6,3777,4149,216,5   334,751,11,3488,4468,395,3
!----------------------------------------------------------------
!Recharge stations: x,y
300,0   1056,693   103,661   114,485   1304,808   1615,737   1344,598   1012,905   103,417   1523,354   1299,814   158,541   567,722   1701,635   976,253   845,391   1608,700   459,496   1691,557   973,187   558,529   701,686   1708,812   514,389   271,327

g inverse recharge rate 0.65
