!----------------------------------------------------------------
!Stores: (first: depot x,y; then: satellites x,y,maxCap)
300,0   674,747,1000   1212,82,1000   1820,396,1000   146,610,1000
!----------------------------------------------------------------
!Trucks: (total#, cap, cost/dist, fixcost)
2,181,1,128   2,250,1,150   2,331,1,172
!----------------------------------------------------------------
!CityFreighters: (max cf/sat, total#, cap, cost/dist, fixcost, maxCharge, energyConsumption)
3,3,90,1,68,722,1   4,4,125,1,80,1000,1   3,3,165,1,92,1322,1
!----------------------------------------------------------------
!Customers: (x, y, demand, readyTime, dueDate, serviceTime, penalizationCost)
780,646,22,2989,4597,802,5   711,230,24,2667,4775,874,2   573,491,16,4825,6009,583,1   466,713,9,6362,7118,328,4   580,515,15,1346,2234,547,2   785,684,29,2293,4455,1057,4   1798,482,16,3123,4185,583,4   1254,401,11,4258,5244,401,3   1267,503,24,1423,3667,874,2   1692,387,19,2534,3754,692,3   1346,517,24,2551,3955,874,4   1640,434,7,5421,5927,255,5   952,712,29,3302,5796,1057,1   300,610,19,5373,6453,692,4   735,309,5,5854,6202,182,3   1201,417,19,5562,6780,692,2   912,561,22,5423,6667,802,5   682,725,16,2013,3641,583,5   556,373,21,3709,5395,765,5   437,502,15,4028,4964,547,5   1244,258,8,5083,5617,291,3   346,373,24,3452,5078,874,2   1686,512,24,1729,4039,874,4   1612,372,12,4901,5897,437,1   1369,252,28,2862,4898,1020,5   869,647,3,3492,3770,109,4   1517,668,12,738,1582,437,3   875,666,6,839,1323,219,5   421,332,19,4415,5873,692,5   1487,492,10,3382,4084,364,4   734,421,8,5734,6280,291,2   555,624,25,5959,7775,911,2   1791,481,20,1073,2961,729,1   1089,427,3,897,1159,109,5   1529,435,24,4036,5580,874,4   320,416,21,3194,4670,765,1   1670,625,8,1100,1658,291,5   512,609,22,858,1452,802,3   1644,378,28,973,2671,1020,3   1538,497,23,5660,7546,838,2   1697,615,20,2469,3921,729,5   106,330,22,5693,7717,802,4   1565,227,18,5568,6892,656,5   607,835,17,4730,5802,619,5   1837,538,13,5125,6083,474,4   1511,654,22,1300,3192,802,5   988,57,7,3658,4148,255,4   1437,655,29,3380,5354,1057,1   833,230,18,4434,5740,656,2   741,20,25,4252,5994,911,2
!----------------------------------------------------------------
!Recharge stations: x,y
300,0   674,747   1212,82   1820,396   146,610   594,208   900,186   1024,417   1145,426   1792,477

g inverse recharge rate 0.7
