!----------------------------------------------------------------
!Stores: (first: depot x,y; then: satellites x,y,maxCap)
300,0   1301,770,1000   254,805,1000   1042,125,1000   1949,604,1000
!----------------------------------------------------------------
!Trucks: (total#, cap, cost/dist, fixcost)
2,181,1,128   2,250,1,150   2,331,1,172
!----------------------------------------------------------------
!CityFreighters: (max cf/sat, total#, cap, cost/dist, fixcost, maxCharge, energyConsumption)
3,3,90,1,68,722,1   4,4,125,1,80,1000,1   3,3,165,1,92,1322,1
!----------------------------------------------------------------
!Customers: (x, y, demand, readyTime, dueDate, serviceTime, penalizationCost)
629,336,12,2122,3036,496,1   460,387,11,1703,2785,455,3   1688,429,16,3382,4840,662,5   1449,542,25,660,2362,1034,2   1029,651,18,4024,5174,745,5   747,647,19,0,1640,786,2   944,670,19,1190,2562,786,3   459,321,9,3178,3960,372,4   748,672,13,3567,4491,538,1   1734,562,20,2018,3708,827,4   1006,523,10,6245,7137,414,5   1115,344,26,3896,5870,1075,4   525,572,20,698,2368,827,4   1099,637,15,4853,6189,620,1   1733,426,29,5196,7312,1200,4   1239,422,13,4853,6135,538,1   1582,312,21,1666,3172,869,4   1221,729,21,4025,6061,869,1   649,668,28,3058,5372,1158,1   1435,250,6,6601,7217,248,3   371,320,9,1701,2369,372,4   610,490,11,4981,5763,455,2   752,225,18,2789,4047,745,4   1763,453,14,150,1876,579,1   865,652,6,2898,3464,248,4   749,601,9,5968,6804,372,5   397,456,7,6385,7093,290,1   716,621,10,4588,5366,414,1   1500,608,12,5937,6895,496,1   851,771,22,78,1784,910,4   1686,622,13,2009,2881,538,4   1555,455,11,5092,6042,455,2   680,485,6,4714,5090,248,1   1377,463,6,4514,4920,248,5   1630,501,6,2311,2739,248,5   1619,511,20,4414,5910,827,2   1578,620,11,5353,6215,455,4   387,409,15,2062,3490,620,5   859,326,16,3096,4628,662,2   586,446,8,6488,7180,331,4   1582,357,9,3891,4649,372,5   814,501,29,0,2015,1200,2   1113,156,28,86,2174,1158,3   1276,752,24,388,2666,993,4   1706,620,19,0,2026,786,3   1741,645,14,4952,5780,579,5   1451,629,15,1450,2836,620,5   1925,391,14,4777,5803,579,3   1433,513,6,3386,3824,248,1   1047,330,18,1303,2293,745,3
!----------------------------------------------------------------
!Recharge stations: x,y
300,0   1301,770   254,805   1042,125   1949,604   786,558   961,757   592,546   1796,454   1828,482   282,366   306,487   1226,891   1253,280   420,427   1251,482   1168,320   1721,411   990,186   1576,561   495,385   1383,371   615,242   587,320   238,365   1256,600   795,756   405,268   1698,530   818,694   1712,422   975,657   790,667   303,336   1826,343   1816,480   526,527   1009,337   855,303   1059,554   1716,557   149,678   1740,335   1839,444   681,266   1520,430   1538,587   1684,397   130,353   528,222   942,160   966,453   1319,575   1512,589   1383,703

g inverse recharge rate 0.69
