!----------------------------------------------------------------
!Stores: (first: depot x,y; then: satellites x,y,maxCap)
300,0   737,750,1000   1403,735,1000   1207,746,1000   214,536,1000
!----------------------------------------------------------------
!Trucks: (total#, cap, cost/dist, fixcost)
2,181,1,128   2,250,1,150   2,331,1,172
!----------------------------------------------------------------
!CityFreighters: (max cf/sat, total#, cap, cost/dist, fixcost, maxCharge, energyConsumption)
3,3,90,1,68,722,1   4,4,125,1,80,1000,1   3,3,165,1,92,1322,1
!----------------------------------------------------------------
!Customers: (x, y, demand, readyTime, dueDate, serviceTime, penalizationCost)
381,672,25,1960,3828,848,3   235,448,15,3798,4548,509,3   1527,689,11,5661,6491,373,1   991,692,10,4518,5182,339,3   1381,463,24,2347,4195,815,4   1331,325,10,1910,2720,339,2   280,463,3,5026,5198,102,1   1649,482,20,2687,3415,679,4   1251,279,18,3573,5049,611,4   772,424,19,1438,3096,645,1   601,399,5,2804,3152,170,3   826,529,15,2664,3796,509,2   530,700,4,3633,3935,136,3   1347,369,20,581,1811,679,4   358,653,26,1155,3457,882,2   1456,310,20,1040,2962,679,2   432,545,11,2042,2754,373,5   308,637,10,2639,3359,339,5   715,262,27,2882,4378,916,3   870,441,5,3260,3606,170,1   1624,425,17,2501,3271,577,3   253,551,5,5641,5967,170,4   630,527,19,4837,6145,645,5   1106,459,12,2758,3614,407,2   968,772,26,4603,6273,882,5   993,689,13,3533,4515,441,1   242,444,28,674,2280,950,2   1479,590,20,2686,4080,679,3   1436,406,20,2640,3748,679,4   516,737,26,4383,6519,882,1   1581,667,26,4392,6592,882,2   1019,358,16,5254,6432,543,5   1616,672,13,476,1552,441,2   557,378,18,5339,6423,611,4   1394,537,22,3678,5008,747,3   1601,345,21,812,1984,713,3   769,350,14,2238,2898,475,1   1790,485,17,2209,3555,577,3   814,743,26,1440,2894,882,1   399,364,29,1259,3091,984,2   835,490,8,4140,4528,272,3   533,911,20,0,1720,679,1   630,548,10,4136,4464,339,4   1296,446,14,4714,5736,475,5   1428,556,6,5713,6075,204,2   278,269,6,5382,5878,204,4   646,530,3,1940,2160,102,5   1658,532,14,1029,1985,475,4   470,622,19,3430,4760,645,4   1838,751,9,2533,3075,305,5
!----------------------------------------------------------------
!Recharge stations: x,y
300,0   737,750   1403,735   1207,746   214,536   1130,505   1578,314   1186,382   970,162   665,917   1713,789   37,542   1171,701   275,335   1325,207   585,786   855,801   517,331   1820,216   1356,325   756,278   383,615   1193,217   485,339   559,431   1459,662   1110,813   790,432   802,645   1136,165   885,220   1144,675   1504,766   463,535   1376,763

g inverse recharge rate 0.59
