!----------------------------------------------------------------
!Stores: (first: depot x,y; then: satellites x,y,maxCap)
300,0   1680,198,1000   1105,702,1000   1469,679,1000   967,345,1000
!----------------------------------------------------------------
!Trucks: (total#, cap, cost/dist, fixcost)
2,181,1,128   2,250,1,150   2,331,1,172
!----------------------------------------------------------------
!CityFreighters: (max cf/sat, total#, cap, cost/dist, fixcost, maxCharge, energyConsumption)
3,3,90,1,68,722,1   4,4,125,1,80,1000,1   3,3,165,1,92,1322,1
!----------------------------------------------------------------
!Customers: (x, y, demand, readyTime, dueDate, serviceTime, penalizationCost)
802,540,20,292,1200,591,5   1641,343,5,2475,2761,148,2   1184,667,26,3476,5596,769,1   942,312,28,2031,3293,828,1   1136,426,11,833,1341,325,3   1212,394,11,4191,4861,325,4   962,605,16,3444,4456,473,5   463,582,13,1866,2966,384,5   491,462,25,1497,2991,739,4   675,621,26,3156,4210,769,5   1505,436,12,1980,2724,355,2   1719,382,10,4887,5497,296,1   378,359,25,1990,3692,739,2   843,452,14,1167,1983,414,4   625,721,19,1307,2675,562,1   1634,400,25,3139,4355,739,3   1057,607,29,1882,3714,857,2   768,507,10,3277,3773,296,5   1543,611,14,1937,2741,414,1   685,382,10,2075,2403,296,5   1027,322,17,3263,4229,503,4   816,578,7,3974,4408,207,1   727,698,8,2561,3181,237,1   1301,421,18,699,1811,532,1   358,485,13,1178,2062,384,2   1767,538,18,3332,4350,532,4   310,555,15,2192,3316,443,2   693,574,18,1639,2799,532,4   878,305,18,2354,3168,532,2   976,524,23,876,2202,680,5   920,554,13,2696,3600,384,1   1291,546,23,2278,3384,680,1   799,506,10,397,845,296,5   890,602,24,2903,4935,710,2   1746,558,19,2319,3507,562,2   1331,642,25,1015,2609,739,1   1567,456,27,1714,2992,798,3   1295,261,18,2363,3433,532,5   1304,310,5,3030,3180,148,1   681,714,14,4384,5216,414,2   809,607,16,1788,2566,473,2   725,388,8,2864,3418,237,5   103,632,4,4521,4759,118,5   1090,56,29,1889,2969,857,1   1906,663,25,4379,5705,739,2   408,559,23,1708,3392,680,3   387,541,25,3717,4975,739,4   138,358,12,2895,3755,355,4   1414,489,25,2526,4136,739,1   1645,614,3,4441,4651,89,2
!----------------------------------------------------------------
!Recharge stations: x,y
300,0   1680,198   1105,702   1469,679   967,345   326,462   761,296   1152,234   351,436   675,802   1276,477   613,572   1479,418   544,246   1956,463   1135,317   504,633   604,809   1822,438   1035,378   916,153   270,616   1055,810   195,555   944,722

g inverse recharge rate 0.55
