!----------------------------------------------------------------
!Stores: (first: depot x,y; then: satellites x,y,maxCap)
300,0   341,811,1000   468,469,1000   1903,681,1000   1739,317,1000
!----------------------------------------------------------------
!Trucks: (total#, cap, cost/dist, fixcost)
2,181,1,128   2,250,1,150   2,331,1,172
!----------------------------------------------------------------
!CityFreighters: (max cf/sat, total#, cap, cost/dist, fixcost, maxCharge, energyConsumption)
3,3,90,1,68,722,1   4,4,125,1,80,1000,1   3,3,165,1,92,1322,1
!----------------------------------------------------------------
!Customers: (x, y, demand, readyTime, dueDate, serviceTime, penalizationCost)
1457,621,29,33,2797,1354,5   1369,514,15,3015,4729,701,4   450,294,18,1362,2590,841,4   1201,625,4,4370,4714,187,4   303,393,10,3733,4841,467,5   626,373,9,4987,5721,420,5   986,751,21,4497,6737,981,2   1687,572,6,7329,7555,280,1   807,535,17,4102,5672,794,2   957,602,7,1206,1794,327,2   1341,466,14,4456,5872,654,3   868,335,19,72,1578,887,1   1477,427,3,7114,7450,140,5   1710,513,7,6712,7214,327,5   297,516,18,1004,2280,841,3   1566,595,15,5989,7115,701,4   982,373,19,903,2631,887,4   602,560,12,4616,5876,560,4   1018,575,17,4157,6469,794,5   681,511,19,4174,6020,887,1   390,389,12,4588,6126,560,1   1717,407,3,5867,6181,140,1   812,728,4,5986,6384,187,4   1482,411,11,3943,4873,514,1   1121,230,9,3435,4369,420,3   724,609,5,7035,7559,234,1   732,543,7,2055,2697,327,2   1701,427,5,7268,7900,234,5   1429,411,26,3595,5851,1214,5   1580,334,6,4946,5630,280,3   1542,363,4,2768,3104,187,2   446,356,26,6013,7497,1214,4   1325,511,28,0,2662,1308,5   1040,543,14,4428,5488,654,2   839,762,10,6171,7133,467,1   826,427,25,768,3398,1168,2   1622,535,18,4998,6854,841,2   1205,493,22,345,1759,1027,2   1756,487,13,4292,5424,607,5   1757,458,13,6522,7564,607,4   1205,634,26,3168,6520,1214,3   968,82,17,4880,6680,794,4   552,907,29,4147,6473,1354,4   933,725,11,5669,6935,514,3   1702,535,16,5111,6485,747,5   1374,356,9,2396,3462,420,3   1225,149,10,1259,1971,467,3   1029,837,20,5365,6887,934,1   894,84,23,3336,5862,1074,3   210,630,15,1885,3569,701,3
!----------------------------------------------------------------
!Recharge stations: x,y
300,0   341,811   468,469   1903,681   1739,317   848,592   1099,507   911,413   213,615   548,783   383,254   565,713   1717,496   1501,750   472,394   835,532   1065,724   1063,755   378,567   1418,245   1695,575   395,552   357,294   1675,329   1330,785   1592,275   407,405   708,223   1708,690   804,641   317,476   665,615   339,304   1555,756   1401,382   1686,700   1184,629   1833,489   369,619   1271,819   1276,43   1300,584   608,577   354,412   1136,359   1463,663   1080,566   532,601   1632,650   1310,666   1642,324   182,422   292,374   315,372   157,475

g inverse recharge rate 0.73
