!----------------------------------------------------------------
!Stores: (first: depot x,y; then: satellites x,y,maxCap)
300,0   737,750,1000   1403,735,1000   1207,746,1000   214,536,1000
!----------------------------------------------------------------
!Trucks: (total#, cap, cost/dist, fixcost)
2,181,1,128   2,250,1,150   2,331,1,172
!----------------------------------------------------------------
!CityFreighters: (max cf/sat, total#, cap, cost/dist, fixcost, maxCharge, energyConsumption)
3,3,90,1,68,722,1   4,4,125,1,80,1000,1   3,3,165,1,92,1322,1
!----------------------------------------------------------------
!Customers: (x, y, demand, readyTime, dueDate, serviceTime, penalizationCost)
381,672,25,42,1336,848,2   235,448,15,5429,6455,509,3   1527,689,11,1280,1934,373,1   991,692,10,4859,5409,339,2   1381,463,24,4013,5291,815,5   1331,325,10,1657,2293,339,5   280,463,3,5579,5725,102,3   1649,482,20,1828,3266,679,2   1251,279,18,2767,3713,611,2   772,424,19,4055,5587,645,1   601,399,5,2903,3263,170,3   826,529,15,5453,6437,509,4   530,700,4,1883,2061,136,4   1347,369,20,3884,5574,679,1   358,653,26,647,2303,882,5   1456,310,20,3422,4652,679,1   432,545,11,2813,3317,373,5   308,637,10,2546,3068,339,1   715,262,27,1063,2607,916,5   870,441,5,1391,1707,170,5   1624,425,17,3500,4546,577,2   253,551,5,5571,5905,170,1   630,527,19,1170,2678,645,3   1106,459,12,374,906,407,2   968,772,26,3988,5728,882,3   993,689,13,278,1224,441,4   242,444,28,99,1915,950,3   1479,590,20,2511,3855,679,3   1436,406,20,3650,5104,679,4   516,737,26,268,2004,882,1   1581,667,26,2884,4672,882,2   1019,358,16,3370,4906,543,5   1616,672,13,2554,3150,441,4   557,378,18,4430,5170,611,3   1394,537,22,0,1648,747,3   1601,345,21,796,1922,713,4   769,350,14,4375,5107,475,3   1790,485,17,1598,2870,577,5   814,743,26,1012,2854,882,1   399,364,29,281,2765,984,5   835,490,8,2426,2962,272,4   533,911,20,3582,4764,679,3   630,548,10,4954,5828,339,3   1296,446,14,1813,2639,475,1   1428,556,6,5018,5330,204,3   278,269,6,1767,2113,204,4   646,530,3,946,1248,102,3   1658,532,14,2489,3711,475,2   470,622,19,309,1721,645,2   1838,751,9,4347,5083,305,2
!----------------------------------------------------------------
!Recharge stations: x,y
300,0   737,750   1403,735   1207,746   214,536   1130,505   1578,314   1186,382   970,162   665,917   1713,789   37,542   1171,701   275,335   1325,207   585,786   855,801   517,331   1820,216   1356,325

g inverse recharge rate 0.59
