!----------------------------------------------------------------
!Stores: (first: depot x,y; then: satellites x,y,maxCap)
300,0   1301,770,1000   254,805,1000   1042,125,1000   1949,604,1000
!----------------------------------------------------------------
!Trucks: (total#, cap, cost/dist, fixcost)
2,181,1,128   2,250,1,150   2,331,1,172
!----------------------------------------------------------------
!CityFreighters: (max cf/sat, total#, cap, cost/dist, fixcost, maxCharge, energyConsumption)
3,3,90,1,68,722,1   4,4,125,1,80,1000,1   3,3,165,1,92,1322,1
!----------------------------------------------------------------
!Customers: (x, y, demand, readyTime, dueDate, serviceTime, penalizationCost)
629,336,12,5469,6389,496,5   460,387,11,4025,4843,455,2   1688,429,16,259,1717,662,4   1449,542,25,3866,6614,1034,4   1029,651,18,1289,2809,745,1   747,647,19,4394,6244,786,4   944,670,19,733,2467,786,3   459,321,9,2220,2950,372,1   748,672,13,5726,6916,538,5   1734,562,20,2525,3683,827,5   1006,523,10,6371,7493,414,2   1115,344,26,727,3449,1075,2   525,572,20,2872,4196,827,3   1099,637,15,1960,2986,620,5   1733,426,29,2027,4349,1200,1   1239,422,13,2841,3717,538,3   1582,312,21,3632,6210,869,4   1221,729,21,2890,4116,869,5   649,668,28,2364,4186,1158,4   1435,250,6,4788,5198,248,3   371,320,9,2020,2932,372,4   610,490,11,5570,6660,455,2   752,225,18,5438,6948,745,3   1763,453,14,2685,3771,579,1   865,652,6,6697,7221,248,4   749,601,9,3684,4398,372,4   397,456,7,3742,4412,290,3   716,621,10,4332,4924,414,1   1500,608,12,4892,5890,496,5   851,771,22,1917,3717,910,3   1686,622,13,4100,5210,538,3   1555,455,11,2604,3460,455,5   680,485,6,6523,7119,248,4   1377,463,6,1620,1924,248,5   1630,501,6,2182,2718,248,3   1619,511,20,3986,5210,827,2   1578,620,11,91,1303,455,5   387,409,15,543,1909,620,1   859,326,16,2303,3321,662,2   586,446,8,3474,4140,331,4   1582,357,9,3317,3859,372,1   814,501,29,1523,3949,1200,5   1113,156,28,280,1692,1158,5   1276,752,24,2432,4628,993,3   1706,620,19,4244,5494,786,5   1741,645,14,4111,5283,579,5   1451,629,15,774,1894,620,5   1925,391,14,4675,6071,579,4   1433,513,6,3116,3556,248,5   1047,330,18,4182,5348,745,4
!----------------------------------------------------------------
!Recharge stations: x,y
300,0   1301,770   254,805   1042,125   1949,604   786,558   961,757

g inverse recharge rate 0.69
