!----------------------------------------------------------------
!Stores: (first: depot x,y; then: satellites x,y,maxCap)
300,0   941,202,1000   764,856,1000   989,385,1000   706,294,1000
!----------------------------------------------------------------
!Trucks: (total#, cap, cost/dist, fixcost)
2,181,1,128   2,250,1,150   2,331,1,172
!----------------------------------------------------------------
!CityFreighters: (max cf/sat, total#, cap, cost/dist, fixcost, maxCharge, energyConsumption)
3,3,90,1,68,722,1   4,4,125,1,80,1000,1   3,3,165,1,92,1322,1
!----------------------------------------------------------------
!Customers: (x, y, demand, readyTime, dueDate, serviceTime, penalizationCost)
395,389,21,1014,2034,568,3   1351,406,17,3076,4098,459,1   811,620,26,2058,3334,703,2   1558,318,7,2047,2427,189,4   1093,597,25,457,1921,676,3   1670,525,9,2663,3219,243,2   1364,741,27,3152,4602,730,5   1108,353,6,5118,5476,162,4   811,277,23,1256,2484,622,3   570,613,13,4400,5190,351,4   695,289,23,756,1934,622,5   617,241,8,2756,3352,216,3   1471,373,12,1326,2070,324,5   846,746,4,4213,4435,108,5   486,281,19,207,1259,513,3   1423,306,24,3120,4534,649,4   1317,658,22,4144,5206,595,1   1613,640,25,2637,3877,676,2   1043,609,14,4147,5005,378,5   482,401,15,2197,2875,405,5   1375,313,14,3320,4234,378,4   1698,587,27,2091,3363,730,4   1425,250,7,2730,3196,189,4   1435,294,7,3584,4012,189,1   910,429,16,1802,2748,432,1   726,695,9,3135,3619,243,2   467,338,3,2331,2509,81,2   277,487,18,659,1485,486,2   1079,513,15,4732,5488,405,5   341,514,12,1754,2216,324,5   875,338,16,2437,3337,432,2   331,498,15,2802,3242,405,1   314,395,15,3052,3576,405,5   616,561,23,4035,5305,622,1   907,722,27,1194,2802,730,5   855,247,21,742,1714,568,5   1116,540,27,3693,5223,730,2   1531,429,10,2298,2956,270,5   582,522,10,4853,5407,270,5   628,409,11,3746,4486,297,1   1717,715,8,3859,4267,216,4   336,142,27,1269,2227,730,4   1495,602,12,2822,3706,324,2   1059,62,13,4053,4697,351,2   1114,692,21,3290,4234,568,4   673,414,26,4027,5135,703,3   527,885,11,2948,3478,297,2   1841,629,20,1241,2405,540,3   1315,472,23,3451,4341,622,3   465,222,19,1116,2298,513,1
!----------------------------------------------------------------
!Recharge stations: x,y
300,0   941,202   764,856   989,385   706,294   1527,333   1472,253   261,554   532,279   384,280   947,742   1506,457   263,387   511,644   238,352   662,615   188,567   1827,519   1644,482   905,333   725,649   566,473   1323,721   725,650   116,684

g inverse recharge rate 0.49
