!----------------------------------------------------------------
!Stores: (first: depot x,y; then: satellites x,y,maxCap)
300,0   1002,917,1000   103,601,1000   426,696,1000   614,98,1000
!----------------------------------------------------------------
!Trucks: (total#, cap, cost/dist, fixcost)
2,181,1,128   2,250,1,150   2,331,1,172
!----------------------------------------------------------------
!CityFreighters: (max cf/sat, total#, cap, cost/dist, fixcost, maxCharge, energyConsumption)
3,3,90,1,68,722,1   4,4,125,1,80,1000,1   3,3,165,1,92,1322,1
!----------------------------------------------------------------
!Customers: (x, y, demand, readyTime, dueDate, serviceTime, penalizationCost)
1347,608,18,4739,5899,772,3   411,612,7,6339,6903,300,5   852,558,4,7626,7968,172,2   953,749,6,4856,5268,257,2   1328,600,27,4211,5787,1159,5   1203,628,12,427,1169,515,1   1401,354,21,3069,4755,901,1   1587,324,13,6158,7212,558,2   1522,633,5,1210,1560,215,3   1253,424,10,2982,3736,429,4   1024,672,8,5108,5640,343,4   1337,743,13,4762,5584,558,2   940,357,5,872,1228,215,5   1311,642,16,244,1826,687,4   1695,558,28,4681,6615,1202,1   585,586,19,1242,3060,815,2   1061,582,14,453,1899,601,1   940,546,5,2560,3010,215,2   1386,509,26,1430,2718,1116,1   510,434,26,4290,6894,1116,1   1343,701,4,667,1127,172,1   1721,609,23,3202,5148,987,5   1493,580,10,6155,7015,429,2   918,642,29,1749,3953,1244,1   320,576,23,3244,5086,987,5   851,720,19,5010,7066,815,2   437,347,18,3173,4815,772,1   1773,549,8,6617,7583,343,1   587,656,18,5488,6818,772,1   1318,469,25,3277,4385,1073,2   1086,232,6,2154,2676,257,1   959,214,19,1678,3080,815,1   359,442,5,4904,5344,215,5   702,558,21,677,2909,901,3   1732,412,22,1087,2941,944,1   809,732,25,1998,4792,1073,2   1590,695,8,4050,4490,343,2   649,476,11,7417,8621,472,3   1725,509,24,868,2276,1030,5   552,397,18,5927,7495,772,3   1414,63,24,53,2647,1030,5   1994,533,3,5842,6102,129,4   453,407,9,2198,3130,386,2   1327,714,27,2947,5113,1159,3   1354,537,18,5529,7261,772,4   1919,563,3,5797,5971,129,5   416,212,17,2963,4387,729,2   1372,201,23,3073,4793,987,3   1665,798,28,5300,7994,1202,3   1051,387,24,4843,7071,1030,1
!----------------------------------------------------------------
!Recharge stations: x,y
300,0   1002,917   103,601   426,696   614,98   1498,536   1333,640   1301,579   1751,599   1842,499

g inverse recharge rate 0.75
