!----------------------------------------------------------------
!Stores: (first: depot x,y; then: satellites x,y,maxCap)
300,0   19,412,1000   1569,459,1000   942,291,1000   915,886,1000
!----------------------------------------------------------------
!Trucks: (total#, cap, cost/dist, fixcost)
2,181,1,128   2,250,1,150   2,331,1,172
!----------------------------------------------------------------
!CityFreighters: (max cf/sat, total#, cap, cost/dist, fixcost, maxCharge, energyConsumption)
3,3,90,1,68,722,1   4,4,125,1,80,1000,1   3,3,165,1,92,1322,1
!----------------------------------------------------------------
!Customers: (x, y, demand, readyTime, dueDate, serviceTime, penalizationCost)
351,600,3,2844,3060,99,2   1478,561,13,3841,4773,429,4   343,526,13,3859,4639,429,4   1430,715,15,3553,4243,495,4   1180,363,24,5020,6452,793,3   1694,455,24,680,2058,793,5   729,716,24,3591,5687,793,3   1431,751,7,3877,4393,231,4   1121,679,13,3938,4666,429,2   1730,487,7,2962,3364,231,2   1011,611,13,2715,3901,429,3   936,759,3,3823,4037,99,4   566,574,25,5006,6858,826,5   1375,345,29,1890,4436,958,3   1404,295,8,4687,5397,264,5   1157,552,18,1924,3074,594,3   1088,740,15,3595,4497,495,5   1156,345,28,3358,5148,925,4   297,560,11,5557,6373,363,5   335,368,23,4940,6336,760,4   455,416,20,283,2049,661,3   1569,399,25,2867,4881,826,4   1106,454,25,4930,6418,826,1   1026,309,25,525,2555,826,4   1712,607,26,763,1993,859,5   1667,468,18,1166,2362,594,1   1326,541,21,165,2025,694,4   446,474,16,4813,5781,528,4   1027,276,15,5821,6807,495,3   601,343,28,2601,4899,925,3   1234,725,12,2075,2857,396,4   577,344,24,813,2123,793,4   997,505,28,4434,6134,925,4   689,655,11,1873,2413,363,1   820,475,7,1378,1950,231,2   1386,363,12,2549,3513,396,5   1374,619,28,3606,5104,925,4   634,766,17,2613,3851,561,2   1069,762,11,377,1131,363,2   1463,514,9,5562,6276,297,3   380,752,20,4371,5851,661,5   267,433,22,3421,4585,727,3   697,595,6,850,1274,198,4   367,732,27,2098,3426,892,4   757,20,16,5076,6128,528,1   289,398,16,1596,2186,528,5   1696,780,24,1628,3080,793,3   1568,507,9,6213,6795,297,1   728,52,28,3076,5052,925,4   708,701,21,488,1892,694,1
!----------------------------------------------------------------
!Recharge stations: x,y
300,0   19,412   1569,459   942,291   915,886   472,502   1451,479   700,699   1437,418   1166,164

g inverse recharge rate 0.64
