!----------------------------------------------------------------
!Stores: (first: depot x,y; then: satellites x,y,maxCap)
300,0   1659,775,1000   808,901,1000   1591,509,1000   392,464,1000
!----------------------------------------------------------------
!Trucks: (total#, cap, cost/dist, fixcost)
2,181,1,128   2,250,1,150   2,331,1,172
!----------------------------------------------------------------
!CityFreighters: (max cf/sat, total#, cap, cost/dist, fixcost, maxCharge, energyConsumption)
3,3,90,1,68,722,1   4,4,125,1,80,1000,1   3,3,165,1,92,1322,1
!----------------------------------------------------------------
!Customers: (x, y, demand, readyTime, dueDate, serviceTime, penalizationCost)
792,282,11,4314,5018,383,3   1380,598,3,4031,4273,104,2   618,441,29,2738,4462,1009,4   1553,584,13,2327,3217,452,4   998,533,4,1556,1836,139,2   1244,774,6,3162,3760,209,1   884,770,19,5450,6544,661,3   1080,404,6,4911,5231,209,1   481,409,16,1598,2438,557,4   664,358,29,630,2346,1009,4   1498,576,26,3072,4194,905,1   1652,651,22,4238,5490,765,3   622,687,23,348,2176,800,4   900,495,19,5485,6829,661,5   719,221,10,3183,3895,348,1   579,264,11,5258,6050,383,2   1361,307,10,3020,3704,348,5   365,366,21,3136,4904,731,3   1258,562,20,4281,5721,696,1   1600,540,13,4188,5268,452,2   560,562,15,4366,5314,522,5   382,682,14,4381,5121,487,1   1757,481,28,2584,4396,974,1   1129,555,13,3484,4026,452,3   1358,384,14,5948,6884,487,4   1222,388,22,3973,5489,765,2   447,529,25,2412,4114,870,3   986,327,10,3429,4029,348,3   1488,332,16,654,1748,557,3   303,614,7,3918,4326,244,5   322,547,6,5395,5959,209,5   1167,396,19,2887,4181,661,3   1210,425,22,2247,4155,765,3   1031,395,23,1622,3190,800,2   829,439,14,4968,6110,487,5   1062,223,29,0,2273,1009,4   1714,373,20,1978,3098,696,3   1083,289,6,2209,2727,209,4   675,307,9,2846,3324,313,2   985,532,12,2413,3155,418,4   1507,186,27,2917,5239,939,3   1645,498,21,1668,3298,731,1   560,830,29,333,2127,1009,5   46,552,28,513,2623,974,5   98,507,12,3612,4382,418,3   1372,399,23,1215,2169,800,1   202,283,18,4571,5775,626,2   1186,634,22,807,1845,765,3   764,580,6,6166,6546,209,4   1628,760,25,4205,5709,870,2
!----------------------------------------------------------------
!Recharge stations: x,y
300,0   1659,775   808,901   1591,509   392,464   1757,423   1107,6   1049,303   1705,574   1363,190   1397,760   456,754   119,636   897,432   1297,408   289,574   617,747   1580,499   1489,401   328,706

g inverse recharge rate 0.65
