!----------------------------------------------------------------
!Stores: (first: depot x,y; then: satellites x,y,maxCap)
300,0   1056,693,1000   103,661,1000   114,485,1000   1304,808,1000
!----------------------------------------------------------------
!Trucks: (total#, cap, cost/dist, fixcost)
2,181,1,128   2,250,1,150   2,331,1,172
!----------------------------------------------------------------
!CityFreighters: (max cf/sat, total#, cap, cost/dist, fixcost, maxCharge, energyConsumption)
3,3,90,1,68,722,1   4,4,125,1,80,1000,1   3,3,165,1,92,1322,1
!----------------------------------------------------------------
!Customers: (x, y, demand, readyTime, dueDate, serviceTime, penalizationCost)
1163,500,29,3802,5290,1042,1   1367,493,17,1875,3379,611,1   1485,607,26,652,3166,934,1   1714,389,16,575,1867,575,5   1141,670,10,5710,6516,359,1   342,564,29,2557,4809,1042,3   881,394,10,3980,4424,359,1   363,652,13,694,1730,467,2   1144,739,20,656,1742,719,1   262,395,5,921,1309,180,4   1289,387,5,4088,4504,180,2   1060,256,28,2852,5132,1006,2   1137,712,4,1629,1873,144,3   877,554,6,2841,3393,216,3   387,602,17,4838,5814,611,2   499,280,28,4876,6884,1006,2   735,489,9,5985,6787,323,3   1138,223,5,5109,5467,180,1   1773,517,24,472,2732,862,3   463,646,22,4511,6169,791,1   225,513,28,4167,6135,1006,3   987,328,14,268,1180,503,1   1718,618,10,5457,6019,359,5   527,297,15,3159,4411,539,5   1653,580,26,3285,4881,934,4   847,769,3,1935,2063,108,3   429,548,20,472,2310,719,3   745,448,19,5046,6646,683,4   1593,500,3,1271,1495,108,5   469,718,18,3503,4891,647,3   1343,759,21,3303,4589,755,1   1460,507,4,1235,1569,144,2   1261,735,24,5537,6823,862,3   722,686,29,5215,6501,1042,3   1404,478,14,5539,6817,503,1   677,632,22,3906,5464,791,5   1007,383,4,1378,1616,144,1   461,675,26,4445,7053,934,2   1362,527,13,1442,2606,467,2   980,486,3,5302,5480,108,5   644,679,20,4019,5483,719,2   406,154,21,5077,6083,755,1   1111,292,15,4317,5271,539,1   367,807,6,3622,4100,216,5   285,608,27,547,2373,970,3   849,557,29,2321,4299,1042,3   394,411,29,3504,5484,1042,3   637,836,17,1393,2779,611,3   462,155,6,2261,2605,216,2   334,751,11,1911,2723,395,2
!----------------------------------------------------------------
!Recharge stations: x,y
300,0   1056,693   103,661   114,485   1304,808   1615,737   1344,598   1012,905   103,417   1523,354   1299,814   158,541   567,722   1701,635   976,253   845,391   1608,700   459,496   1691,557   973,187   558,529   701,686   1708,812   514,389   271,327   1836,555   1778,569   1028,203   1546,492   21,499   1430,677   738,582   1559,638   1363,131   944,812   593,761   968,30   1374,603   464,209   1716,375   830,406   294,347   649,578   672,229   1017,360   980,531   1339,645   1644,720   740,462   1982,516   1072,708   723,773   711,433   1125,590   539,136

g inverse recharge rate 0.65
