!----------------------------------------------------------------
!Stores: (first: depot x,y; then: satellites x,y,maxCap)
300,0   737,750,1000   1403,735,1000   1207,746,1000   214,536,1000
!----------------------------------------------------------------
!Trucks: (total#, cap, cost/dist, fixcost)
2,181,1,128   2,250,1,150   2,331,1,172
!----------------------------------------------------------------
!CityFreighters: (max cf/sat, total#, cap, cost/dist, fixcost, maxCharge, energyConsumption)
3,3,90,1,68,722,1   4,4,125,1,80,1000,1   3,3,165,1,92,1322,1
!----------------------------------------------------------------
!Customers: (x, y, demand, readyTime, dueDate, serviceTime, penalizationCost)
381,672,25,3576,4770,848,5   235,448,15,1064,2114,509,2   1527,689,11,5088,6090,373,5   991,692,10,2271,2861,339,1   1381,463,24,3708,5528,815,1   1331,325,10,717,1467,339,3   280,463,3,4167,4391,102,4   1649,482,20,4283,5847,679,2   1251,279,18,2477,3571,611,3   772,424,19,1436,3120,645,4   601,399,5,6164,6540,170,2   826,529,15,4691,5669,509,1   530,700,4,4641,5021,136,2   1347,369,20,4906,5946,679,1   358,653,26,4636,6456,882,5   1456,310,20,440,1674,679,2   432,545,11,3198,4054,373,4   308,637,10,1646,2396,339,3   715,262,27,3819,5233,916,3   870,441,5,5109,5387,170,2   1624,425,17,3512,4568,577,5   253,551,5,1009,1327,170,3   630,527,19,5045,6541,645,4   1106,459,12,2515,3115,407,2   968,772,26,821,2565,882,4   993,689,13,4946,6232,441,1   242,444,28,426,1818,950,5   1479,590,20,3139,4797,679,1   1436,406,20,2144,3246,679,1   516,737,26,3323,5253,882,1   1581,667,26,3814,5744,882,5   1019,358,16,1832,2974,543,4   1616,672,13,4047,5047,441,3   557,378,18,4731,5995,611,2   1394,537,22,1706,3286,747,2   1601,345,21,1160,2542,713,4   769,350,14,2794,3878,475,5   1790,485,17,1968,2652,577,3   814,743,26,187,1631,882,2   399,364,29,2368,3904,984,3   835,490,8,5793,6313,272,3   533,911,20,3839,5241,679,5   630,548,10,1582,2172,339,2   1296,446,14,3183,4039,475,2   1428,556,6,803,1287,204,2   278,269,6,5714,6086,204,3   646,530,3,5558,5748,102,4   1658,532,14,1140,1816,475,3   470,622,19,4850,6064,645,1   1838,751,9,946,1734,305,2
!----------------------------------------------------------------
!Recharge stations: x,y
300,0   737,750   1403,735   1207,746   214,536   1130,505   1578,314

g inverse recharge rate 0.59
