!----------------------------------------------------------------
!Stores: (first: depot x,y; then: satellites x,y,maxCap)
300,0   1982,476,1000   985,805,1000   1474,624,1000   1117,188,1000
!----------------------------------------------------------------
!Trucks: (total#, cap, cost/dist, fixcost)
2,181,1,128   2,250,1,150   2,331,1,172
!----------------------------------------------------------------
!CityFreighters: (max cf/sat, total#, cap, cost/dist, fixcost, maxCharge, energyConsumption)
3,3,90,1,68,722,1   4,4,125,1,80,1000,1   3,3,165,1,92,1322,1
!----------------------------------------------------------------
!Customers: (x, y, demand, readyTime, dueDate, serviceTime, penalizationCost)
615,600,27,1768,3920,1042,2   1511,329,23,4738,6566,888,5   1782,526,8,3367,4011,309,4   509,649,9,2920,3574,347,5   450,391,4,3957,4225,154,1   1103,297,6,6758,7216,232,2   1090,759,8,2440,3156,309,1   1777,471,16,2856,4184,617,3   503,585,9,2919,3653,347,4   991,253,27,0,1793,1042,1   236,534,13,5017,5955,502,3   1027,793,24,105,2187,926,5   1206,221,6,2785,3305,232,4   1774,556,7,5029,5751,270,3   500,471,22,2741,4803,849,5   220,533,17,5212,6388,656,2   270,402,22,3935,5725,849,5   370,540,17,2553,4337,656,2   248,532,7,2410,3048,270,3   1473,452,19,3825,5439,733,1   1005,700,6,6125,6587,232,4   1218,251,4,4026,4324,154,3   1461,480,29,4779,6735,1119,3   729,658,4,4894,5244,154,4   1377,537,25,1241,2789,965,5   1747,396,8,1962,2452,309,2   524,662,7,2400,2856,270,5   490,273,19,4527,5751,733,4   217,544,6,3945,4199,232,5   445,318,24,3431,4169,926,1   1401,748,23,24,2044,888,2   858,647,16,5139,5921,617,1   1700,356,25,0,1870,965,3   1207,342,12,2211,3091,463,1   924,339,5,3417,3777,193,5   1074,619,25,0,1360,965,4   1391,295,26,2232,3924,1003,4   789,284,18,1689,3401,695,5   884,539,16,2452,3436,617,3   277,552,23,3694,5658,888,3   1234,712,29,153,2653,1119,4   1048,910,5,5802,6180,193,3   1718,576,27,4495,6917,1042,4   629,161,16,408,2204,617,3   363,216,5,5854,6248,193,4   1205,170,29,3011,4765,1119,1   993,642,8,3012,3456,309,5   1381,476,7,2917,3505,270,4   1648,835,20,1964,3450,772,1   1243,138,19,5502,7146,733,1
!----------------------------------------------------------------
!Recharge stations: x,y
300,0   1982,476   985,805   1474,624   1117,188   470,426   1269,663   687,469   521,365   1752,431   808,433   718,386   674,489   539,450   698,349   1401,422   1427,512   467,422   1207,579   91,480   1482,486   1531,472   1263,685   1496,216   586,610   1568,734   818,249   198,527   781,858   1935,329

g inverse recharge rate 0.66
