!----------------------------------------------------------------
!Stores: (first: depot x,y; then: satellites x,y,maxCap)
300,0   1653,568,1000   1871,320,1000   1234,686,1000   279,699,1000
!----------------------------------------------------------------
!Trucks: (total#, cap, cost/dist, fixcost)
2,181,1,128   2,250,1,150   2,331,1,172
!----------------------------------------------------------------
!CityFreighters: (max cf/sat, total#, cap, cost/dist, fixcost, maxCharge, energyConsumption)
3,3,90,1,68,722,1   4,4,125,1,80,1000,1   3,3,165,1,92,1322,1
!----------------------------------------------------------------
!Customers: (x, y, demand, readyTime, dueDate, serviceTime, penalizationCost)
1227,755,3,6619,6873,111,4   1781,476,27,310,2072,996,5   1051,385,9,3745,4509,332,5   366,540,25,1115,3303,922,1   801,289,7,2494,3090,258,3   1193,317,10,4465,5091,369,5   1060,468,29,374,1212,1070,1   982,744,6,592,1082,221,1   590,349,21,543,2175,775,1   679,272,25,2481,4675,922,1   810,399,7,5823,6437,258,2   977,713,16,3510,4566,590,2   934,265,11,3692,4474,406,5   458,492,21,5942,7386,775,5   1554,663,27,4230,6170,996,5   460,405,13,5347,6055,480,3   1375,264,19,1007,2645,701,3   784,295,7,612,1154,258,5   1185,262,17,3930,5242,627,4   852,774,19,1702,3030,701,1   205,510,9,950,1560,332,4   917,244,5,5107,5537,184,2   1339,726,18,6307,7625,664,3   1557,371,24,3327,4681,885,1   1252,738,16,2528,3962,590,2   1173,621,29,3788,6164,1070,3   1636,352,28,1712,3496,1033,3   1435,523,26,4015,6021,959,1   441,334,8,1463,2131,295,2   237,572,3,4372,4614,111,3   321,577,12,4373,5319,443,1   1428,570,29,5038,6974,1070,3   1536,287,20,1922,3520,738,5   794,332,27,5074,7054,996,3   1623,523,29,1259,2939,1070,5   203,497,12,4045,4543,443,4   461,697,25,2377,3969,922,5   439,477,10,4539,5321,369,4   1354,714,20,3487,4991,738,3   1710,494,14,980,2576,516,3   638,433,11,593,1749,406,3   1594,622,25,1964,3738,922,1   1350,165,5,6224,6622,184,1   1664,507,10,3160,3708,369,2   695,739,14,3036,3886,516,2   1215,830,24,349,2631,885,1   1584,213,27,4228,5368,996,4   318,339,20,5063,6371,738,3   1588,508,22,3627,5521,812,3   138,336,19,794,1922,701,1
!----------------------------------------------------------------
!Recharge stations: x,y
300,0   1653,568   1871,320   1234,686   279,699   661,466   1714,350   994,513

g inverse recharge rate 0.7
