!----------------------------------------------------------------
!Stores: (first: depot x,y; then: satellites x,y,maxCap)
300,0   54,456,1000   164,276,1000   1745,570,1000   1076,323,1000
!----------------------------------------------------------------
!Trucks: (total#, cap, cost/dist, fixcost)
2,181,1,128   2,250,1,150   2,331,1,172
!----------------------------------------------------------------
!CityFreighters: (max cf/sat, total#, cap, cost/dist, fixcost, maxCharge, energyConsumption)
3,3,90,1,68,722,1   4,4,125,1,80,1000,1   3,3,165,1,92,1322,1
!----------------------------------------------------------------
!Customers: (x, y, demand, readyTime, dueDate, serviceTime, penalizationCost)
1267,379,15,3127,4497,656,4   588,332,25,4048,6400,1093,4   359,385,20,5992,8192,875,1   1711,446,21,199,2231,918,1   1748,553,14,4215,5767,612,3   501,610,4,1263,1679,175,5   743,356,4,2149,2429,175,1   1253,700,20,2121,3329,875,1   212,516,11,3005,4063,481,4   817,431,25,807,3509,1093,4   473,323,12,5628,6850,525,2   884,530,20,2329,3995,875,2   319,527,29,0,2747,1268,1   1013,202,12,1963,2855,525,4   666,690,7,6197,6963,306,1   1380,521,10,1614,2426,437,1   1542,585,17,492,1520,743,4   218,469,18,446,1878,787,1   1642,509,17,4856,6226,743,4   1370,431,25,3180,4686,1093,3   1398,390,15,2296,3754,656,2   1556,315,11,3728,4820,481,4   294,594,4,3297,3655,175,3   350,659,5,815,1271,219,5   446,593,14,6307,7101,612,3   1467,397,23,5080,7154,1006,3   205,524,8,2542,3208,350,4   790,276,27,815,3551,1181,5   364,353,18,2997,5193,787,3   1157,436,21,2460,4402,918,4   254,501,28,3077,4641,1224,2   1672,607,20,1525,3085,875,5   1391,587,26,804,3094,1137,1   1096,593,4,3255,3609,175,4   1335,471,6,6496,7018,262,1   1178,614,23,3313,5903,1006,1   662,563,13,2161,3171,568,4   956,365,21,3878,5790,918,3   1175,619,22,6036,7784,962,4   1492,323,24,5203,7377,1049,2   1622,680,5,1088,1514,219,4   254,287,26,1955,5481,1137,3   1860,336,17,1212,2528,743,4   1588,369,10,3777,4455,437,5   1199,247,5,549,1003,219,3   885,670,11,5505,6993,481,4   108,629,6,6401,6765,262,4   1456,199,9,2849,3509,394,4   599,646,12,5205,6111,525,1   384,157,5,6566,6946,219,2
!----------------------------------------------------------------
!Recharge stations: x,y
300,0   54,456   164,276   1745,570   1076,323   895,312   1052,600   1666,701   1481,567   588,510   226,568   243,479   1265,205   1665,402   160,494

g inverse recharge rate 0.73
