!----------------------------------------------------------------
!Stores: (first: depot x,y; then: satellites x,y,maxCap)
300,0   941,202,1000   764,856,1000   989,385,1000   706,294,1000
!----------------------------------------------------------------
!Trucks: (total#, cap, cost/dist, fixcost)
2,181,1,128   2,250,1,150   2,331,1,172
!----------------------------------------------------------------
!CityFreighters: (max cf/sat, total#, cap, cost/dist, fixcost, maxCharge, energyConsumption)
3,3,90,1,68,722,1   4,4,125,1,80,1000,1   3,3,165,1,92,1322,1
!----------------------------------------------------------------
!Customers: (x, y, demand, readyTime, dueDate, serviceTime, penalizationCost)
395,389,21,2582,3676,568,1   1351,406,17,2439,3179,459,1   811,620,26,616,2082,703,2   1558,318,7,4220,4712,189,3   1093,597,25,3642,4688,676,1   1670,525,9,765,1441,243,3   1364,741,27,1982,3638,730,4   1108,353,6,2317,2665,162,4   811,277,23,0,1025,622,1   570,613,13,4331,5103,351,1   695,289,23,1699,2985,622,2   617,241,8,1036,1524,216,2   1471,373,12,3515,4337,324,4   846,746,4,1238,1414,108,1   486,281,19,1901,2995,513,3   1423,306,24,737,2155,649,1   1317,658,22,0,1502,595,4   1613,640,25,3249,4653,676,5   1043,609,14,4710,5508,378,3   482,401,15,4496,5216,405,4   1375,313,14,3271,3953,378,2   1698,587,27,2767,4425,730,4   1425,250,7,1336,1750,189,3   1435,294,7,3672,4030,189,5   910,429,16,2564,3276,432,3   726,695,9,3798,4264,243,4   467,338,3,530,674,81,5   277,487,18,4299,5143,486,3   1079,513,15,4421,5115,405,2   341,514,12,4452,4904,324,1   875,338,16,1186,1892,432,5   331,498,15,1528,2154,405,2   314,395,15,535,1383,405,4   616,561,23,3419,4777,622,1   907,722,27,2284,4288,730,2   855,247,21,0,1025,568,4   1116,540,27,0,1809,730,4   1531,429,10,2038,2458,270,4   582,522,10,4349,4861,270,2   628,409,11,3519,4151,297,4   1717,715,8,4173,4621,216,3   336,142,27,1746,3690,730,3   1495,602,12,2584,2990,324,2   1059,62,13,4447,5273,351,4   1114,692,21,2252,3564,568,3   673,414,26,2477,4013,703,1   527,885,11,2334,3042,297,4   1841,629,20,3017,4473,540,5   1315,472,23,3461,4929,622,2   465,222,19,1731,2733,513,3
!----------------------------------------------------------------
!Recharge stations: x,y
300,0   941,202   764,856   989,385   706,294   1527,333   1472,253   261,554   532,279   384,280   947,742   1506,457   263,387   511,644   238,352   662,615   188,567   1827,519   1644,482   905,333

g inverse recharge rate 0.49
