!----------------------------------------------------------------
!Stores: (first: depot x,y; then: satellites x,y,maxCap)
300,0   1104,923,1000   265,570,1000   1281,290,1000   997,241,1000
!----------------------------------------------------------------
!Trucks: (total#, cap, cost/dist, fixcost)
2,181,1,128   2,250,1,150   2,331,1,172
!----------------------------------------------------------------
!CityFreighters: (max cf/sat, total#, cap, cost/dist, fixcost, maxCharge, energyConsumption)
3,3,90,1,68,722,1   4,4,125,1,80,1000,1   3,3,165,1,92,1322,1
!----------------------------------------------------------------
!Customers: (x, y, demand, readyTime, dueDate, serviceTime, penalizationCost)
1080,593,8,2673,2989,272,3   1753,528,17,3316,4214,578,4   445,400,22,5043,6501,748,2   812,373,17,4032,5228,578,3   1472,533,8,1668,2218,272,3   533,449,11,544,1444,374,4   1500,396,28,2241,4027,951,4   783,520,8,3534,4150,272,4   447,670,25,3802,5554,849,1   1673,643,11,1358,2238,374,3   295,397,24,3813,5007,815,4   674,443,18,1822,3276,612,3   293,545,25,3123,4601,849,2   941,487,4,5056,5286,136,5   1501,317,16,3958,5188,544,2   1263,474,8,4838,5522,272,2   1796,478,13,3067,4013,442,1   219,495,6,1461,1797,204,2   352,509,19,866,1940,646,1   1628,651,7,1061,1381,238,5   1419,708,29,4155,5503,985,1   1547,410,3,4331,4495,102,4   688,719,13,3293,4361,442,2   244,550,27,482,2758,917,3   1548,575,8,899,1363,272,2   1494,578,22,324,1388,748,5   1582,371,13,4433,5011,442,3   1183,560,28,2161,4171,951,2   1142,241,24,3086,4404,815,4   1203,670,19,1381,2475,646,5   1177,440,12,753,1681,408,2   549,720,22,0,1477,748,5   1499,389,22,0,1788,748,5   1019,209,10,5393,6163,340,1   1299,607,28,3716,5668,951,5   1198,224,16,534,1616,544,1   1770,470,19,1171,2767,646,3   1127,515,22,2680,3834,748,4   603,584,8,5578,6022,272,2   1027,603,15,2180,3508,510,4   1772,355,3,3883,4013,102,3   744,204,11,2726,3624,374,1   1723,488,5,4071,4455,170,2   933,674,23,2916,4678,781,1   1154,645,17,338,1746,578,2   1093,727,27,3788,5202,917,4   1683,195,24,2691,4163,815,1   220,563,6,1736,2092,204,5   1524,784,22,4811,6417,748,1   1407,661,7,395,931,238,5
!----------------------------------------------------------------
!Recharge stations: x,y
300,0   1104,923   265,570   1281,290   997,241   1508,355   1486,550   368,875   1766,541   1717,671   1244,246   1438,333   1269,613   1833,520   535,532   1338,766   189,400   1131,503   554,230   374,386   1411,747   282,613   789,370   457,537   1796,516   1494,673   1347,314   110,311   1728,342   796,265

g inverse recharge rate 0.6
