!----------------------------------------------------------------
!Stores: (first: depot x,y; then: satellites x,y,maxCap)
300,0   1301,770,1000   254,805,1000   1042,125,1000   1949,604,1000
!----------------------------------------------------------------
!Trucks: (total#, cap, cost/dist, fixcost)
2,181,1,128   2,250,1,150   2,331,1,172
!----------------------------------------------------------------
!CityFreighters: (max cf/sat, total#, cap, cost/dist, fixcost, maxCharge, energyConsumption)
3,3,90,1,68,722,1   4,4,125,1,80,1000,1   3,3,165,1,92,1322,1
!----------------------------------------------------------------
!Customers: (x, y, demand, readyTime, dueDate, serviceTime, penalizationCost)
629,336,12,2459,3263,496,1   460,387,11,2203,2999,455,2   1688,429,16,5404,6922,662,2   1449,542,25,5299,7865,1034,2   1029,651,18,1622,3064,745,4   747,647,19,5147,6953,786,2   944,670,19,310,1710,786,2   459,321,9,5841,6655,372,1   748,672,13,6503,7441,538,2   1734,562,20,3533,5853,827,1   1006,523,10,4932,5936,414,5   1115,344,26,1534,3640,1075,2   525,572,20,0,2011,827,4   1099,637,15,3401,5251,620,3   1733,426,29,0,2036,1200,1   1239,422,13,3909,5021,538,1   1582,312,21,404,2080,869,1   1221,729,21,2016,3592,869,3   649,668,28,115,2847,1158,3   1435,250,6,1265,1709,248,4   371,320,9,4729,5499,372,5   610,490,11,1609,2745,455,3   752,225,18,6024,7386,745,5   1763,453,14,5668,6992,579,1   865,652,6,3805,4407,248,1   749,601,9,983,1603,372,3   397,456,7,5419,6093,290,5   716,621,10,4809,5507,414,2   1500,608,12,1024,2022,496,4   851,771,22,1175,3019,910,3   1686,622,13,5251,6459,538,5   1555,455,11,2864,3584,455,5   680,485,6,5853,6419,248,4   1377,463,6,590,1160,248,3   1630,501,6,2064,2726,248,4   1619,511,20,3539,4735,827,3   1578,620,11,1551,2291,455,1   387,409,15,1740,3042,620,2   859,326,16,2234,3738,662,4   586,446,8,2627,3611,331,2   1582,357,9,3846,4714,372,2   814,501,29,4527,7229,1200,1   1113,156,28,1070,2760,1158,2   1276,752,24,5419,7139,993,2   1706,620,19,126,2102,786,3   1741,645,14,3477,4535,579,4   1451,629,15,5749,6807,620,1   1925,391,14,4487,5445,579,4   1433,513,6,6462,7010,248,1   1047,330,18,4626,5724,745,4
!----------------------------------------------------------------
!Recharge stations: x,y
300,0   1301,770   254,805   1042,125   1949,604   786,558   961,757   592,546   1796,454   1828,482

g inverse recharge rate 0.69
