!----------------------------------------------------------------
!Stores: (first: depot x,y; then: satellites x,y,maxCap)
300,0   1056,693,1000   103,661,1000   114,485,1000   1304,808,1000
!----------------------------------------------------------------
!Trucks: (total#, cap, cost/dist, fixcost)
2,181,1,128   2,250,1,150   2,331,1,172
!----------------------------------------------------------------
!CityFreighters: (max cf/sat, total#, cap, cost/dist, fixcost, maxCharge, energyConsumption)
3,3,90,1,68,722,1   4,4,125,1,80,1000,1   3,3,165,1,92,1322,1
!----------------------------------------------------------------
!Customers: (x, y, demand, readyTime, dueDate, serviceTime, penalizationCost)
1163,500,29,3120,4786,1042,2   1367,493,17,457,1933,611,1   1485,607,26,37,2005,934,5   1714,389,16,621,1747,575,2   1141,670,10,2593,3543,359,5   342,564,29,4395,6207,1042,3   881,394,10,2808,3342,359,2   363,652,13,2821,3819,467,1   1144,739,20,2305,3949,719,3   262,395,5,3978,4444,180,4   1289,387,5,3142,3446,180,1   1060,256,28,2868,5062,1006,2   1137,712,4,2069,2353,144,3   877,554,6,2964,3406,216,3   387,602,17,440,1904,611,2   499,280,28,3054,4828,1006,2   735,489,9,347,899,323,4   1138,223,5,5481,5811,180,5   1773,517,24,2708,4834,862,1   463,646,22,1374,2618,791,5   225,513,28,2843,5171,1006,4   987,328,14,5473,6351,503,1   1718,618,10,1746,2876,359,4   527,297,15,4467,5207,539,4   1653,580,26,3314,5076,934,4   847,769,3,599,859,108,4   429,548,20,4674,6004,719,4   745,448,19,4830,6690,683,1   1593,500,3,3393,3605,108,3   469,718,18,4233,5765,647,1   1343,759,21,2599,3945,755,1   1460,507,4,6348,6624,144,1   1261,735,24,564,2366,862,5   722,686,29,588,2716,1042,1   1404,478,14,3122,4412,503,1   677,632,22,1979,3677,791,2   1007,383,4,2524,2716,144,4   461,675,26,4277,7079,934,4   1362,527,13,2156,3254,467,1   980,486,3,1129,1393,108,3   644,679,20,4848,6454,719,5   406,154,21,4228,5922,755,1   1111,292,15,2050,3174,539,5   367,807,6,2604,2998,216,1   285,608,27,2737,4191,970,1   849,557,29,165,1723,1042,3   394,411,29,531,2457,1042,1   637,836,17,461,1077,611,4   462,155,6,6404,6766,216,1   334,751,11,2292,3216,395,1
!----------------------------------------------------------------
!Recharge stations: x,y
300,0   1056,693   103,661   114,485   1304,808   1615,737   1344,598   1012,905   103,417   1523,354   1299,814   158,541   567,722   1701,635   976,253

g inverse recharge rate 0.65
