!----------------------------------------------------------------
!Stores: (first: depot x,y; then: satellites x,y,maxCap)
300,0   1104,923,1000   265,570,1000   1281,290,1000   997,241,1000
!----------------------------------------------------------------
!Trucks: (total#, cap, cost/dist, fixcost)
2,181,1,128   2,250,1,150   2,331,1,172
!----------------------------------------------------------------
!CityFreighters: (max cf/sat, total#, cap, cost/dist, fixcost, maxCharge, energyConsumption)
3,3,90,1,68,722,1   4,4,125,1,80,1000,1   3,3,165,1,92,1322,1
!----------------------------------------------------------------
!Customers: (x, y, demand, readyTime, dueDate, serviceTime, penalizationCost)
1080,593,8,1247,1753,272,4   1753,528,17,4763,5825,578,1   445,400,22,2769,4065,748,5   812,373,17,2568,3724,578,3   1472,533,8,2053,2579,272,4   533,449,11,1341,2071,374,2   1500,396,28,336,1948,951,1   783,520,8,2405,3003,272,3   447,670,25,680,2616,849,1   1673,643,11,2801,3769,374,5   295,397,24,2569,4107,815,5   674,443,18,4105,5519,612,2   293,545,25,3058,4636,849,5   941,487,4,2270,2598,136,4   1501,317,16,4391,5569,544,3   1263,474,8,5764,6424,272,3   1796,478,13,3314,4644,442,3   219,495,6,639,1095,204,3   352,509,19,2817,4037,646,3   1628,651,7,1179,1807,238,1   1419,708,29,0,2505,985,3   1547,410,3,1300,1554,102,3   688,719,13,2283,3125,442,1   244,550,27,2449,3821,917,3   1548,575,8,3101,3701,272,1   1494,578,22,4095,5695,748,2   1582,371,13,1954,2802,442,3   1183,560,28,2160,3832,951,3   1142,241,24,2375,4291,815,3   1203,670,19,4446,5714,646,3   1177,440,12,182,1046,408,4   549,720,22,888,2188,748,4   1499,389,22,2932,4636,748,5   1019,209,10,4476,5202,340,3   1299,607,28,624,2566,951,3   1198,224,16,4986,6164,544,1   1770,470,19,2086,2920,646,2   1127,515,22,3144,4400,748,1   603,584,8,2561,3077,272,2   1027,603,15,2769,3693,510,5   1772,355,3,3633,3817,102,2   744,204,11,1004,1754,374,5   1723,488,5,1802,2244,170,3   933,674,23,4979,6281,781,1   1154,645,17,645,1615,578,2   1093,727,27,392,2010,917,5   1683,195,24,1182,2486,815,2   220,563,6,4680,5158,204,5   1524,784,22,493,1755,748,1   1407,661,7,5884,6472,238,2
!----------------------------------------------------------------
!Recharge stations: x,y
300,0   1104,923   265,570   1281,290   997,241   1508,355   1486,550   368,875   1766,541   1717,671   1244,246   1438,333   1269,613   1833,520   535,532   1338,766   189,400   1131,503   554,230   374,386   1411,747   282,613   789,370   457,537   1796,516   1494,673   1347,314   110,311   1728,342   796,265   350,301   398,365   997,215   206,207   205,569   178,491   1669,471   315,359   544,489   512,695   1837,464   629,362   1359,611   1033,590   797,817   978,954   1450,653   359,728   304,379   815,586   1629,463   1824,542   1022,223   1294,285   421,554

g inverse recharge rate 0.6
