!----------------------------------------------------------------
!Stores: (first: depot x,y; then: satellites x,y,maxCap)
300,0   1056,693,1000   103,661,1000   114,485,1000   1304,808,1000
!----------------------------------------------------------------
!Trucks: (total#, cap, cost/dist, fixcost)
2,181,1,128   2,250,1,150   2,331,1,172
!----------------------------------------------------------------
!CityFreighters: (max cf/sat, total#, cap, cost/dist, fixcost, maxCharge, energyConsumption)
3,3,90,1,68,722,1   4,4,125,1,80,1000,1   3,3,165,1,92,1322,1
!----------------------------------------------------------------
!Customers: (x, y, demand, readyTime, dueDate, serviceTime, penalizationCost)
1163,500,29,1436,3052,1042,2   1367,493,17,2931,4145,611,1   1485,607,26,3978,6134,934,1   1714,389,16,5639,6353,575,1   1141,670,10,4179,4907,359,3   342,564,29,2755,4789,1042,4   881,394,10,4674,5450,359,5   363,652,13,3607,4527,467,1   1144,739,20,2198,3678,719,4   262,395,5,5882,6202,180,3   1289,387,5,2159,2515,180,4   1060,256,28,4812,7090,1006,5   1137,712,4,2945,3143,144,1   877,554,6,3783,4177,216,2   387,602,17,928,1780,611,4   499,280,28,2498,4688,1006,5   735,489,9,4509,5107,323,3   1138,223,5,3454,3742,180,3   1773,517,24,3298,4974,862,4   463,646,22,4037,5073,791,3   225,513,28,0,1944,1006,2   987,328,14,5548,6436,503,1   1718,618,10,2164,3188,359,3   527,297,15,3652,4246,539,2   1653,580,26,4769,6537,934,1   847,769,3,1568,1750,108,5   429,548,20,1292,2746,719,2   745,448,19,1883,3029,683,1   1593,500,3,1885,2075,108,3   469,718,18,472,2344,647,3   1343,759,21,2593,3527,755,3   1460,507,4,5527,5669,144,5   1261,735,24,4092,5104,862,4   722,686,29,3434,5010,1042,3   1404,478,14,3215,3981,503,4   677,632,22,4716,6470,791,2   1007,383,4,1702,1926,144,2   461,675,26,4743,6831,934,1   1362,527,13,1886,2924,467,3   980,486,3,5664,5806,108,4   644,679,20,2817,4649,719,3   406,154,21,4136,5386,755,4   1111,292,15,2363,3547,539,1   367,807,6,6462,6814,216,1   285,608,27,1747,3243,970,3   849,557,29,4027,5045,1042,5   394,411,29,1704,4196,1042,3   637,836,17,434,1738,611,2   462,155,6,4380,4870,216,1   334,751,11,2677,3315,395,4
!----------------------------------------------------------------
!Recharge stations: x,y
300,0   1056,693   103,661   114,485   1304,808   1615,737   1344,598   1012,905   103,417   1523,354   1299,814   158,541   567,722   1701,635   976,253   845,391   1608,700   459,496   1691,557   973,187   558,529   701,686   1708,812   514,389   271,327   1836,555   1778,569   1028,203   1546,492   21,499

g inverse recharge rate 0.65
