!----------------------------------------------------------------
!Stores: (first: depot x,y; then: satellites x,y,maxCap)
300,0   674,747,1000   1212,82,1000   1820,396,1000   146,610,1000
!----------------------------------------------------------------
!Trucks: (total#, cap, cost/dist, fixcost)
2,181,1,128   2,250,1,150   2,331,1,172
!----------------------------------------------------------------
!CityFreighters: (max cf/sat, total#, cap, cost/dist, fixcost, maxCharge, energyConsumption)
3,3,90,1,68,722,1   4,4,125,1,80,1000,1   3,3,165,1,92,1322,1
!----------------------------------------------------------------
!Customers: (x, y, demand, readyTime, dueDate, serviceTime, penalizationCost)
780,646,22,3346,5352,802,3   711,230,24,3088,4906,874,2   573,491,16,4159,5195,583,3   466,713,9,3321,3899,328,4   580,515,15,4732,5862,547,2   785,684,29,0,2097,1057,4   1798,482,16,3586,5172,583,2   1254,401,11,2182,3174,401,3   1267,503,24,5641,7661,874,1   1692,387,19,1783,3041,692,3   1346,517,24,5331,7153,874,3   1640,434,7,4342,4830,255,5   952,712,29,3472,5922,1057,5   300,610,19,3023,4567,692,2   735,309,5,968,1376,182,5   1201,417,19,3664,5554,692,4   912,561,22,2513,4817,802,5   682,725,16,6195,7431,583,3   556,373,21,1111,2317,765,1   437,502,15,3045,4321,547,2   1244,258,8,6083,6729,291,2   346,373,24,1700,3628,874,5   1686,512,24,2954,4628,874,5   1612,372,12,1574,2498,437,4   1369,252,28,927,3579,1020,4   869,647,3,961,1197,109,4   1517,668,12,1987,3291,437,2   875,666,6,5233,5777,219,1   421,332,19,5884,7626,692,3   1487,492,10,2088,2766,364,5   734,421,8,3315,3861,291,3   555,624,25,5550,7344,911,2   1791,481,20,4398,5992,729,3   1089,427,3,5631,5949,109,2   1529,435,24,3804,5686,874,2   320,416,21,6156,7796,765,2   1670,625,8,818,1404,291,4   512,609,22,2481,4095,802,3   1644,378,28,5254,7020,1020,2   1538,497,23,2627,4239,838,3   1697,615,20,1102,2810,729,3   106,330,22,2385,4573,802,3   1565,227,18,3755,4981,656,5   607,835,17,3909,4853,619,1   1837,538,13,2487,3179,474,4   1511,654,22,1677,3129,802,3   988,57,7,2795,3231,255,3   1437,655,29,0,2667,1057,2   833,230,18,6241,7739,656,2   741,20,25,4316,5952,911,4
!----------------------------------------------------------------
!Recharge stations: x,y
300,0   674,747   1212,82   1820,396   146,610   594,208   900,186   1024,417   1145,426   1792,477   576,776   239,630   1713,323   1471,501   1667,668

g inverse recharge rate 0.7
