!----------------------------------------------------------------
!Stores: (first: depot x,y; then: satellites x,y,maxCap)
300,0   202,728,1000   890,151,1000   513,786,1000   1784,582,1000
!----------------------------------------------------------------
!Trucks: (total#, cap, cost/dist, fixcost)
2,181,1,128   2,250,1,150   2,331,1,172
!----------------------------------------------------------------
!CityFreighters: (max cf/sat, total#, cap, cost/dist, fixcost, maxCharge, energyConsumption)
3,3,90,1,68,722,1   4,4,125,1,80,1000,1   3,3,165,1,92,1322,1
!----------------------------------------------------------------
!Customers: (x, y, demand, readyTime, dueDate, serviceTime, penalizationCost)
1750,415,9,2801,3461,325,5   841,486,16,4519,5273,577,3   899,411,18,2529,3549,650,3   388,556,12,1842,2518,433,2   393,583,29,3349,5657,1046,4   839,230,24,5940,6970,866,4   643,498,20,3019,4577,722,3   337,493,29,3324,5558,1046,1   999,763,12,5793,6447,433,3   1500,311,15,5500,6176,541,1   963,247,4,2560,2796,144,5   798,280,29,0,1877,1046,3   577,520,6,1594,1964,217,4   1797,503,9,857,1511,325,2   677,431,16,3642,4742,577,4   824,704,7,3969,4451,253,2   459,457,24,3514,5168,866,5   1114,683,29,1876,3944,1046,5   619,594,18,1711,2821,650,2   1160,259,7,5107,5567,253,4   1047,255,26,2062,3856,938,4   343,365,6,5180,5436,217,1   441,433,9,4911,5565,325,4   473,433,12,2574,3312,433,3   407,687,26,331,1461,938,5   790,432,16,730,1690,577,1   1297,414,19,5967,6997,686,3   405,375,3,6399,6543,108,1   1439,389,25,4284,6766,902,3   594,417,9,2428,3066,325,3   341,609,23,2760,4440,830,4   775,660,11,4065,4773,397,3   352,634,22,468,2266,794,2   357,638,10,6474,7168,361,4   1159,427,3,1784,1988,108,3   281,607,27,2784,4398,974,3   1068,421,25,3618,5242,902,4   905,634,14,2756,3762,505,2   1419,319,20,4445,5751,722,2   1686,485,28,4929,6651,1010,1   944,857,27,4002,5952,974,1   1666,342,10,5013,5709,361,1   1434,829,9,5446,6042,325,5   1057,640,13,550,1234,469,1   364,687,25,2932,4656,902,4   409,496,20,5794,7102,722,2   1720,468,29,1307,3143,1046,1   1379,702,24,3704,5914,866,2   1772,212,16,5815,6827,577,5   1585,896,7,1030,1492,253,5
!----------------------------------------------------------------
!Recharge stations: x,y
300,0   202,728   890,151   513,786   1784,582   448,468   986,218

g inverse recharge rate 0.67
