!----------------------------------------------------------------
!Stores: (first: depot x,y; then: satellites x,y,maxCap)
300,0   1653,568,1000   1871,320,1000   1234,686,1000   279,699,1000
!----------------------------------------------------------------
!Trucks: (total#, cap, cost/dist, fixcost)
2,181,1,128   2,250,1,150   2,331,1,172
!----------------------------------------------------------------
!CityFreighters: (max cf/sat, total#, cap, cost/dist, fixcost, maxCharge, energyConsumption)
3,3,90,1,68,722,1   4,4,125,1,80,1000,1   3,3,165,1,92,1322,1
!----------------------------------------------------------------
!Customers: (x, y, demand, readyTime, dueDate, serviceTime, penalizationCost)
1227,755,3,4894,5092,111,1   1781,476,27,5099,7457,996,1   1051,385,9,2255,2993,332,4   366,540,25,2418,3880,922,1   801,289,7,3765,4113,258,2   1193,317,10,1796,2538,369,4   1060,468,29,2225,4597,1070,1   982,744,6,4111,4565,221,1   590,349,21,281,1871,775,3   679,272,25,897,3001,922,1   810,399,7,1912,2486,258,5   977,713,16,1479,2615,590,4   934,265,11,4474,5220,406,1   458,492,21,2074,3752,775,4   1554,663,27,2003,3895,996,2   460,405,13,5797,7193,480,5   1375,264,19,920,2638,701,2   784,295,7,5922,6326,258,1   1185,262,17,2015,3665,627,3   852,774,19,802,1952,701,5   205,510,9,3864,4496,332,3   917,244,5,3748,3948,184,4   1339,726,18,2685,4009,664,2   1557,371,24,4875,6123,885,4   1252,738,16,1254,2104,590,1   1173,621,29,2186,4438,1070,2   1636,352,28,3305,5687,1033,5   1435,523,26,1898,3788,959,1   441,334,8,2700,3296,295,4   237,572,3,2900,3194,111,1   321,577,12,6114,6946,443,3   1428,570,29,244,2264,1070,4   1536,287,20,1062,2724,738,3   794,332,27,4294,6248,996,2   1623,523,29,4009,6025,1070,5   203,497,12,916,1622,443,3   461,697,25,1828,3952,922,5   439,477,10,3815,4447,369,1   1354,714,20,4086,5384,738,5   1710,494,14,3804,5002,516,5   638,433,11,475,1309,406,5   1594,622,25,3286,5022,922,2   1350,165,5,3112,3448,184,2   1664,507,10,4291,5085,369,1   695,739,14,816,1932,516,4   1215,830,24,713,1765,885,5   1584,213,27,2231,3977,996,4   318,339,20,3691,5243,738,3   1588,508,22,3853,4855,812,2   138,336,19,4473,5371,701,4
!----------------------------------------------------------------
!Recharge stations: x,y
300,0   1653,568   1871,320   1234,686   279,699   661,466   1714,350   994,513   564,385   1804,498   949,186   1456,213   1683,691   740,798   1284,621

g inverse recharge rate 0.7
