!----------------------------------------------------------------
!Stores: (first: depot x,y; then: satellites x,y,maxCap)
300,0   1314,650,1000   548,85,1000   70,356,1000   844,731,1000
!----------------------------------------------------------------
!Trucks: (total#, cap, cost/dist, fixcost)
2,181,1,128   2,250,1,150   2,331,1,172
!----------------------------------------------------------------
!CityFreighters: (max cf/sat, total#, cap, cost/dist, fixcost, maxCharge, energyConsumption)
3,3,90,1,68,722,1   4,4,125,1,80,1000,1   3,3,165,1,92,1322,1
!----------------------------------------------------------------
!Customers: (x, y, demand, readyTime, dueDate, serviceTime, penalizationCost)
1140,489,22,2888,4102,844,3   1210,344,10,6565,7237,384,5   283,552,7,2073,2619,269,2   1743,579,11,3226,3774,422,5   660,253,15,2936,4246,575,2   808,679,4,7159,7491,153,3   288,610,3,3021,3303,115,4   1320,570,10,6385,7059,384,2   984,331,29,2908,4290,1112,3   1198,680,17,1481,2949,652,4   1390,344,18,2131,3679,691,3   1427,604,7,2879,3627,269,3   1264,777,19,1269,2667,729,1   1192,450,16,3815,4921,614,4   1350,439,21,295,2277,806,5   890,676,22,3130,4394,844,3   1265,750,17,118,1500,652,1   1488,311,23,3596,4974,882,5   1676,533,17,4280,5674,652,5   232,547,26,72,1466,997,1   1548,424,16,3711,4697,614,5   1087,469,19,3347,4583,729,4   577,324,11,5501,6221,422,2   200,500,25,3793,6089,959,3   1621,484,11,5764,6530,422,5   1585,514,27,0,2274,1036,4   457,347,10,3762,4692,384,3   1507,592,12,2357,3211,460,4   316,368,13,4766,5404,499,3   512,602,9,6584,7156,345,5   1445,645,28,5024,6352,1074,1   805,561,5,6618,7076,192,5   342,511,23,2110,3926,882,4   1639,556,18,1280,2394,691,3   825,343,7,5324,5850,269,2   1751,499,18,738,1856,691,3   1684,637,18,4811,6449,691,3   1472,666,8,4585,5355,307,3   1094,424,11,2793,3539,422,1   1701,426,18,2670,4714,691,3   1345,660,19,5694,6926,729,2   878,16,28,203,2129,1074,4   216,792,7,6578,7084,269,4   961,798,21,1312,3168,806,3   1184,801,12,4395,5645,460,2   1274,186,22,165,2079,844,3   928,905,19,1372,2090,729,2   1061,989,25,1837,4033,959,1   474,471,11,2606,3284,422,3   248,292,11,1882,2702,422,4
!----------------------------------------------------------------
!Recharge stations: x,y
300,0   1314,650   548,85   70,356   844,731   273,357   372,710   1529,261   1270,389   655,302

g inverse recharge rate 0.67
