!----------------------------------------------------------------
!Stores: (first: depot x,y; then: satellites x,y,maxCap)
300,0   1314,650,1000   548,85,1000   70,356,1000   844,731,1000
!----------------------------------------------------------------
!Trucks: (total#, cap, cost/dist, fixcost)
2,181,1,128   2,250,1,150   2,331,1,172
!----------------------------------------------------------------
!CityFreighters: (max cf/sat, total#, cap, cost/dist, fixcost, maxCharge, energyConsumption)
3,3,90,1,68,722,1   4,4,125,1,80,1000,1   3,3,165,1,92,1322,1
!----------------------------------------------------------------
!Customers: (x, y, demand, readyTime, dueDate, serviceTime, penalizationCost)
1140,489,22,862,2654,844,5   1210,344,10,4545,5243,384,5   283,552,7,5847,6363,269,3   1743,579,11,2815,3459,422,2   660,253,15,6206,7252,575,1   808,679,4,4476,4752,153,4   288,610,3,6456,6642,115,5   1320,570,10,336,1280,384,3   984,331,29,2762,5240,1112,5   1198,680,17,5272,6796,652,5   1390,344,18,4716,6588,691,1   1427,604,7,3180,3812,269,2   1264,777,19,5118,6966,729,1   1192,450,16,2540,3768,614,3   1350,439,21,734,2862,806,2   890,676,22,5616,7262,844,5   1265,750,17,1410,2268,652,2   1488,311,23,371,2151,882,2   1676,533,17,4330,5630,652,5   232,547,26,406,1408,997,3   1548,424,16,1033,2379,614,1   1087,469,19,4964,5980,729,5   577,324,11,6510,7158,422,2   200,500,25,4031,6085,959,5   1621,484,11,2417,2899,422,2   1585,514,27,1529,3571,1036,2   457,347,10,6786,7662,384,2   1507,592,12,1356,2466,460,5   316,368,13,1656,3026,499,3   512,602,9,6472,7260,345,5   1445,645,28,1710,4440,1074,2   805,561,5,5937,6381,192,2   342,511,23,4980,6568,882,4   1639,556,18,905,2395,691,5   825,343,7,6636,7210,269,2   1751,499,18,2716,4378,691,2   1684,637,18,717,2145,691,3   1472,666,8,1342,1878,307,3   1094,424,11,6274,7140,422,4   1701,426,18,3331,4567,691,1   1345,660,19,5865,7407,729,1   878,16,28,642,1602,1074,5   216,792,7,4019,4631,269,3   961,798,21,2898,4562,806,4   1184,801,12,2604,3600,460,5   1274,186,22,3392,5716,844,3   928,905,19,470,1934,729,4   1061,989,25,0,1864,959,5   474,471,11,2044,2722,422,5   248,292,11,6264,7452,422,5
!----------------------------------------------------------------
!Recharge stations: x,y
300,0   1314,650   548,85   70,356   844,731   273,357   372,710   1529,261

g inverse recharge rate 0.67
