!----------------------------------------------------------------
!Stores: (first: depot x,y; then: satellites x,y,maxCap)
300,0   1258,707,1000   742,378,1000   174,458,1000   1537,247,1000
!----------------------------------------------------------------
!Trucks: (total#, cap, cost/dist, fixcost)
2,181,1,128   2,250,1,150   2,331,1,172
!----------------------------------------------------------------
!CityFreighters: (max cf/sat, total#, cap, cost/dist, fixcost, maxCharge, energyConsumption)
3,3,90,1,68,722,1   4,4,125,1,80,1000,1   3,3,165,1,92,1322,1
!----------------------------------------------------------------
!Customers: (x, y, demand, readyTime, dueDate, serviceTime, penalizationCost)
1078,257,15,1708,2788,480,4   918,628,27,4223,5811,865,3   381,345,29,4228,5592,929,2   816,329,22,1388,2960,705,5   799,696,8,5044,5618,256,1   423,464,10,4006,4504,320,2   1346,338,25,4427,6067,801,5   844,755,4,2333,2515,128,2   1010,342,6,4826,5242,192,5   825,749,29,3288,5606,929,1   873,553,22,4601,6133,705,2   1364,513,29,1207,3313,929,4   582,247,10,2907,3603,320,4   202,518,18,4793,5969,576,3   919,267,22,285,1589,705,5   1686,510,4,1700,2002,128,1   1105,394,23,2225,4053,737,3   569,729,20,2566,3782,641,5   660,568,20,4298,5820,641,1   1089,463,7,1891,2477,224,1   489,348,24,636,2112,769,3   644,327,9,2849,3319,288,1   517,331,4,3496,3788,128,4   420,358,16,5038,5852,512,4   1669,384,22,2333,3781,705,2   394,671,10,5139,5763,320,1   1266,371,26,1575,4027,833,3   1260,399,28,1518,2916,897,1   1148,529,24,2757,3845,769,5   1161,311,13,762,1640,416,5   1216,736,4,2715,3001,128,2   1065,715,5,2224,2488,160,3   1540,609,23,931,2507,737,2   543,522,6,2704,3136,192,2   567,444,13,3921,4947,416,2   904,516,22,831,1881,705,2   1716,406,6,5352,5788,192,1   460,677,18,794,2234,576,2   1277,456,22,2843,4375,705,1   921,466,12,3719,4213,384,1   1801,385,27,1576,3290,865,4   197,438,21,440,1220,673,4   1520,513,12,1872,2738,384,2   866,783,25,3751,5079,801,3   939,892,22,901,2151,705,2   1033,424,29,1357,3691,929,1   535,761,10,3691,4525,320,2   1986,442,10,1173,1851,320,3   664,627,3,5371,5569,96,5   1583,153,25,3848,5448,801,1
!----------------------------------------------------------------
!Recharge stations: x,y
300,0   1258,707   742,378   174,458   1537,247   934,581   1805,572   524,736   1767,528   1779,612   1046,238   1769,517   1339,698   824,700   762,402   1424,448   996,706   1842,529   555,586   1101,584   787,361   1107,409   1572,359   889,355   1722,382   481,247   336,465   1639,394   1521,468   644,700   1004,198   472,414   642,404   1440,388   699,758

g inverse recharge rate 0.59
