!----------------------------------------------------------------
!Stores: (first: depot x,y; then: satellites x,y,maxCap)
300,0   1301,770,1000   254,805,1000   1042,125,1000   1949,604,1000
!----------------------------------------------------------------
!Trucks: (total#, cap, cost/dist, fixcost)
2,181,1,128   2,250,1,150   2,331,1,172
!----------------------------------------------------------------
!CityFreighters: (max cf/sat, total#, cap, cost/dist, fixcost, maxCharge, energyConsumption)
3,3,90,1,68,722,1   4,4,125,1,80,1000,1   3,3,165,1,92,1322,1
!----------------------------------------------------------------
!Customers: (x, y, demand, readyTime, dueDate, serviceTime, penalizationCost)
629,336,12,6076,6986,496,2   460,387,11,477,1441,455,3   1688,429,16,1573,2729,662,3   1449,542,25,3247,5335,1034,2   1029,651,18,2686,3986,745,5   747,647,19,1790,3252,786,2   944,670,19,2931,4773,786,3   459,321,9,4592,5150,372,3   748,672,13,2565,3835,538,5   1734,562,20,3550,4460,827,4   1006,523,10,2312,3124,414,2   1115,344,26,837,2849,1075,2   525,572,20,664,2218,827,2   1099,637,15,3853,5091,620,3   1733,426,29,2011,3913,1200,1   1239,422,13,5427,6723,538,1   1582,312,21,162,1974,869,3   1221,729,21,49,1663,869,5   649,668,28,2480,4892,1158,4   1435,250,6,1327,1851,248,3   371,320,9,851,1643,372,4   610,490,11,3183,4363,455,1   752,225,18,724,2284,745,4   1763,453,14,2987,4513,579,4   865,652,6,3433,3877,248,1   749,601,9,4186,5168,372,2   397,456,7,6059,6577,290,5   716,621,10,6438,7120,414,5   1500,608,12,5633,6967,496,1   851,771,22,4630,6452,910,4   1686,622,13,4030,4980,538,5   1555,455,11,6121,7023,455,2   680,485,6,3377,3735,248,5   1377,463,6,2427,2995,248,1   1630,501,6,3216,3740,248,2   1619,511,20,3573,4727,827,5   1578,620,11,5617,6511,455,5   387,409,15,364,1816,620,4   859,326,16,4203,5411,662,4   586,446,8,1782,2350,331,5   1582,357,9,5956,6882,372,5   814,501,29,0,2748,1200,5   1113,156,28,2013,3711,1158,3   1276,752,24,5651,7381,993,1   1706,620,19,715,2327,786,2   1741,645,14,641,2197,579,5   1451,629,15,4565,5769,620,4   1925,391,14,2480,3750,579,3   1433,513,6,1021,1491,248,3   1047,330,18,1428,2870,745,1
!----------------------------------------------------------------
!Recharge stations: x,y
300,0   1301,770   254,805   1042,125   1949,604   786,558   961,757   592,546   1796,454   1828,482   282,366   306,487   1226,891   1253,280   420,427   1251,482   1168,320   1721,411   990,186   1576,561   495,385   1383,371   615,242   587,320   238,365   1256,600   795,756   405,268   1698,530   818,694   1712,422   975,657   790,667   303,336   1826,343

g inverse recharge rate 0.69
