!----------------------------------------------------------------
!Stores: (first: depot x,y; then: satellites x,y,maxCap)
300,0   1659,775,1000   808,901,1000   1591,509,1000   392,464,1000
!----------------------------------------------------------------
!Trucks: (total#, cap, cost/dist, fixcost)
2,181,1,128   2,250,1,150   2,331,1,172
!----------------------------------------------------------------
!CityFreighters: (max cf/sat, total#, cap, cost/dist, fixcost, maxCharge, energyConsumption)
3,3,90,1,68,722,1   4,4,125,1,80,1000,1   3,3,165,1,92,1322,1
!----------------------------------------------------------------
!Customers: (x, y, demand, readyTime, dueDate, serviceTime, penalizationCost)
792,282,11,4838,5676,383,1   1380,598,3,1565,1767,104,4   618,441,29,1011,3011,1009,3   1553,584,13,940,1780,452,4   998,533,4,4067,4401,139,3   1244,774,6,2725,3171,209,2   884,770,19,5671,6687,661,3   1080,404,6,5413,5775,209,1   481,409,16,1415,2605,557,5   664,358,29,3358,5236,1009,3   1498,576,26,1109,2437,905,5   1652,651,22,2667,4137,765,5   622,687,23,1932,3122,800,4   900,495,19,4289,5657,661,1   719,221,10,3638,4352,348,2   579,264,11,2301,2951,383,2   1361,307,10,5584,6200,348,5   365,366,21,4618,6174,731,1   1258,562,20,1100,2570,696,4   1600,540,13,4928,6100,452,5   560,562,15,3746,4730,522,3   382,682,14,3630,4592,487,4   1757,481,28,0,2269,974,3   1129,555,13,4840,6022,452,5   1358,384,14,6184,7206,487,1   1222,388,22,2278,3748,765,4   447,529,25,2640,4844,870,1   986,327,10,3293,4015,348,2   1488,332,16,4910,6312,557,5   303,614,7,4113,4653,244,3   322,547,6,1379,1769,209,1   1167,396,19,942,2348,661,1   1210,425,22,1846,3270,765,5   1031,395,23,0,1463,800,2   829,439,14,2055,2723,487,3   1062,223,29,3913,6137,1009,4   1714,373,20,5231,7105,696,4   1083,289,6,1557,1875,209,5   675,307,9,3807,4495,313,2   985,532,12,4062,4770,418,3   1507,186,27,5207,6923,939,1   1645,498,21,2336,3994,731,4   560,830,29,3355,4789,1009,4   46,552,28,873,3063,974,1   98,507,12,4850,5436,418,3   1372,399,23,4795,6245,800,1   202,283,18,555,1667,626,2   1186,634,22,3562,5110,765,2   764,580,6,3269,3595,209,2   1628,760,25,2756,4394,870,1
!----------------------------------------------------------------
!Recharge stations: x,y
300,0   1659,775   808,901   1591,509   392,464   1757,423   1107,6

g inverse recharge rate 0.65
