!----------------------------------------------------------------
!Stores: (first: depot x,y; then: satellites x,y,maxCap)
300,0   341,811,1000   468,469,1000   1903,681,1000   1739,317,1000
!----------------------------------------------------------------
!Trucks: (total#, cap, cost/dist, fixcost)
2,181,1,128   2,250,1,150   2,331,1,172
!----------------------------------------------------------------
!CityFreighters: (max cf/sat, total#, cap, cost/dist, fixcost, maxCharge, energyConsumption)
3,3,90,1,68,722,1   4,4,125,1,80,1000,1   3,3,165,1,92,1322,1
!----------------------------------------------------------------
!Customers: (x, y, demand, readyTime, dueDate, serviceTime, penalizationCost)
1457,621,29,4031,6403,1354,4   1369,514,15,4793,6533,701,3   450,294,18,5264,7482,841,5   1201,625,4,4256,4708,187,4   303,393,10,6198,7294,467,5   626,373,9,4382,5194,420,5   986,751,21,6059,7863,981,2   1687,572,6,1047,1655,280,2   807,535,17,3665,5183,794,2   957,602,7,4157,4889,327,5   1341,466,14,5641,7379,654,1   868,335,19,2719,4445,887,5   1477,427,3,5887,6205,140,1   1710,513,7,5669,6311,327,3   297,516,18,1667,3739,841,4   1566,595,15,5572,6704,701,4   982,373,19,1050,2272,887,1   602,560,12,3261,4617,560,1   1018,575,17,2556,4574,794,5   681,511,19,5418,7348,887,5   390,389,12,4801,6119,560,3   1717,407,3,6243,6525,140,3   812,728,4,1750,2022,187,1   1482,411,11,4151,5167,514,4   1121,230,9,5087,6039,420,4   724,609,5,4487,4993,234,5   732,543,7,6655,7119,327,1   1701,427,5,2431,3035,234,3   1429,411,26,3296,6232,1214,1   1580,334,6,1684,2184,280,3   1542,363,4,6229,6635,187,5   446,356,26,599,3123,1214,2   1325,511,28,2820,6118,1308,1   1040,543,14,2165,3629,654,2   839,762,10,5100,6108,467,2   826,427,25,3674,5716,1168,2   1622,535,18,1123,2577,841,1   1205,493,22,6022,8048,1027,1   1756,487,13,5287,6553,607,2   1757,458,13,4762,6332,607,3   1205,634,26,492,2274,1214,5   968,82,17,596,2300,794,3   552,907,29,2973,6239,1354,4   933,725,11,1098,1868,514,1   1702,535,16,1403,2541,747,4   1374,356,9,7012,7836,420,4   1225,149,10,4347,5241,467,4   1029,837,20,3564,4876,934,4   894,84,23,3162,5004,1074,5   210,630,15,4269,5467,701,4
!----------------------------------------------------------------
!Recharge stations: x,y
300,0   341,811   468,469   1903,681   1739,317   848,592   1099,507   911,413   213,615   548,783   383,254   565,713   1717,496   1501,750   472,394   835,532   1065,724   1063,755   378,567   1418,245   1695,575   395,552   357,294   1675,329   1330,785

g inverse recharge rate 0.73
