!----------------------------------------------------------------
!Stores: (first: depot x,y; then: satellites x,y,maxCap)
300,0   1314,650,1000   548,85,1000   70,356,1000   844,731,1000
!----------------------------------------------------------------
!Trucks: (total#, cap, cost/dist, fixcost)
2,181,1,128   2,250,1,150   2,331,1,172
!----------------------------------------------------------------
!CityFreighters: (max cf/sat, total#, cap, cost/dist, fixcost, maxCharge, energyConsumption)
3,3,90,1,68,722,1   4,4,125,1,80,1000,1   3,3,165,1,92,1322,1
!----------------------------------------------------------------
!Customers: (x, y, demand, readyTime, dueDate, serviceTime, penalizationCost)
1140,489,22,203,2055,844,4   1210,344,10,5109,5583,384,1   283,552,7,6783,7391,269,4   1743,579,11,5393,6147,422,1   660,253,15,1434,2482,575,1   808,679,4,2789,3071,153,3   288,610,3,1224,1374,115,3   1320,570,10,3498,4486,384,1   984,331,29,0,2100,1112,5   1198,680,17,4450,5504,652,1   1390,344,18,1481,2687,691,4   1427,604,7,1666,2122,269,1   1264,777,19,868,2178,729,4   1192,450,16,6214,7354,614,4   1350,439,21,379,2115,806,3   890,676,22,281,2277,844,1   1265,750,17,1227,2257,652,1   1488,311,23,4731,6377,882,1   1676,533,17,2323,3695,652,2   232,547,26,517,2361,997,3   1548,424,16,5139,6383,614,4   1087,469,19,3350,5094,729,4   577,324,11,1547,2597,422,3   200,500,25,2181,3723,959,4   1621,484,11,733,1657,422,5   1585,514,27,4218,6084,1036,1   457,347,10,6107,6845,384,4   1507,592,12,4617,5739,460,1   316,368,13,6149,7349,499,1   512,602,9,6516,7034,345,4   1445,645,28,1087,3371,1074,2   805,561,5,5389,5877,192,1   342,511,23,2542,4650,882,2   1639,556,18,5467,6543,691,2   825,343,7,3935,4355,269,4   1751,499,18,2336,3674,691,4   1684,637,18,1384,2664,691,5   1472,666,8,988,1848,307,5   1094,424,11,1323,2259,422,2   1701,426,18,5499,6709,691,3   1345,660,19,5331,6823,729,4   878,16,28,3579,5699,1074,4   216,792,7,6762,7212,269,4   961,798,21,510,1822,806,1   1184,801,12,5001,6209,460,4   1274,186,22,2825,4211,844,1   928,905,19,1446,2582,729,2   1061,989,25,686,2320,959,5   474,471,11,4262,5028,422,4   248,292,11,4207,5087,422,5
!----------------------------------------------------------------
!Recharge stations: x,y
300,0   1314,650   548,85   70,356   844,731   273,357   372,710   1529,261   1270,389   655,302   1674,380   1396,767   244,452   1523,709   426,287   921,702   861,575   1356,580   529,269   122,368   690,624   750,182   364,612   1301,231   417,330   281,308   1132,181   439,657   734,413   1224,385

g inverse recharge rate 0.67
