!----------------------------------------------------------------
!Stores: (first: depot x,y; then: satellites x,y,maxCap)
300,0   54,456,1000   164,276,1000   1745,570,1000   1076,323,1000
!----------------------------------------------------------------
!Trucks: (total#, cap, cost/dist, fixcost)
2,181,1,128   2,250,1,150   2,331,1,172
!----------------------------------------------------------------
!CityFreighters: (max cf/sat, total#, cap, cost/dist, fixcost, maxCharge, energyConsumption)
3,3,90,1,68,722,1   4,4,125,1,80,1000,1   3,3,165,1,92,1322,1
!----------------------------------------------------------------
!Customers: (x, y, demand, readyTime, dueDate, serviceTime, penalizationCost)
1267,379,15,5609,7317,656,1   588,332,25,3226,5900,1093,2   359,385,20,6073,7885,875,5   1711,446,21,3744,5872,918,1   1748,553,14,5549,6655,612,5   501,610,4,3618,3886,175,2   743,356,4,6867,7247,175,5   1253,700,20,4846,6110,875,3   212,516,11,4118,5018,481,1   817,431,25,5266,6878,1093,4   473,323,12,6493,7573,525,2   884,530,20,3108,4140,875,5   319,527,29,4885,7181,1268,3   1013,202,12,3143,4249,525,4   666,690,7,7357,7967,306,2   1380,521,10,1411,2261,437,5   1542,585,17,2450,4018,743,5   218,469,18,6225,7293,787,4   1642,509,17,2769,4473,743,1   1370,431,25,5321,8179,1093,4   1398,390,15,1083,2141,656,2   1556,315,11,5430,6500,481,2   294,594,4,2573,3013,175,4   350,659,5,3844,4296,219,2   446,593,14,5560,6818,612,2   1467,397,23,0,2357,1006,1   205,524,8,2194,2820,350,2   790,276,27,4085,6295,1181,5   364,353,18,6040,7144,787,4   1157,436,21,2411,3863,918,5   254,501,28,2984,4854,1224,3   1672,607,20,2955,4969,875,2   1391,587,26,5399,7399,1137,5   1096,593,4,1653,2005,175,1   1335,471,6,5369,5961,262,5   1178,614,23,4024,5692,1006,5   662,563,13,4270,5386,568,5   956,365,21,4391,6261,918,1   1175,619,22,1099,2949,962,3   1492,323,24,909,2301,1049,3   1622,680,5,3029,3475,219,2   254,287,26,1358,4162,1137,2   1860,336,17,3991,5465,743,1   1588,369,10,4974,6192,437,4   1199,247,5,702,1164,219,5   885,670,11,6857,8059,481,4   108,629,6,5832,6450,262,5   1456,199,9,2799,3557,394,2   599,646,12,751,2073,525,5   384,157,5,7723,7963,219,1
!----------------------------------------------------------------
!Recharge stations: x,y
300,0   54,456   164,276   1745,570   1076,323   895,312   1052,600   1666,701   1481,567   588,510   226,568   243,479   1265,205   1665,402   160,494   955,546   269,603   1421,693   639,189   1800,542   949,499   336,352   768,838   1590,129   266,356   191,517   330,504   1159,802   531,93   1419,558   1659,493   1616,593   935,638   303,405   1580,332   1086,682   671,685   569,338   1810,439   1023,499   1179,278   594,205   1479,245   1501,457   1583,275   1401,412   628,265   1555,111   1298,552   582,210   1204,256   333,416   1394,565   182,510   184,446

g inverse recharge rate 0.73
