!----------------------------------------------------------------
!Stores: (first: depot x,y; then: satellites x,y,maxCap)
300,0   941,202,1000   764,856,1000   989,385,1000   706,294,1000
!----------------------------------------------------------------
!Trucks: (total#, cap, cost/dist, fixcost)
2,181,1,128   2,250,1,150   2,331,1,172
!----------------------------------------------------------------
!CityFreighters: (max cf/sat, total#, cap, cost/dist, fixcost, maxCharge, energyConsumption)
3,3,90,1,68,722,1   4,4,125,1,80,1000,1   3,3,165,1,92,1322,1
!----------------------------------------------------------------
!Customers: (x, y, demand, readyTime, dueDate, serviceTime, penalizationCost)
395,389,21,3643,4477,568,2   1351,406,17,3519,4223,459,1   811,620,26,283,1817,703,2   1558,318,7,1127,1425,189,4   1093,597,25,2691,3921,676,2   1670,525,9,3279,3765,243,4   1364,741,27,3157,4539,730,4   1108,353,6,413,797,162,3   811,277,23,322,1938,622,2   570,613,13,4389,5117,351,2   695,289,23,3464,5112,622,4   617,241,8,902,1354,216,3   1471,373,12,2300,2964,324,1   846,746,4,364,628,108,5   486,281,19,1077,1881,513,3   1423,306,24,2817,3705,649,1   1317,658,22,0,1299,595,2   1613,640,25,1574,2526,676,4   1043,609,14,1721,2379,378,3   482,401,15,980,1830,405,2   1375,313,14,1474,2492,378,5   1698,587,27,2250,3618,730,4   1425,250,7,994,1542,189,4   1435,294,7,4638,4914,189,3   910,429,16,2636,3344,432,1   726,695,9,449,895,243,2   467,338,3,3340,3520,81,2   277,487,18,2410,3310,486,2   1079,513,15,989,2077,405,2   341,514,12,3047,3953,324,1   875,338,16,923,1575,432,4   331,498,15,1749,2365,405,5   314,395,15,3802,4668,405,1   616,561,23,2321,3499,622,5   907,722,27,3389,4939,730,2   855,247,21,3861,5173,568,4   1116,540,27,1319,2693,730,1   1531,429,10,2897,3349,270,1   582,522,10,1284,1812,270,3   628,409,11,1743,2107,297,3   1717,715,8,1271,1829,216,4   336,142,27,711,1875,730,3   1495,602,12,1034,1864,324,2   1059,62,13,612,1324,351,4   1114,692,21,1827,3237,568,3   673,414,26,3582,4756,703,4   527,885,11,2107,2659,297,1   1841,629,20,2361,3375,540,5   1315,472,23,2660,3684,622,4   465,222,19,3543,4239,513,1
!----------------------------------------------------------------
!Recharge stations: x,y
300,0   941,202   764,856   989,385   706,294   1527,333   1472,253   261,554

g inverse recharge rate 0.49
