!----------------------------------------------------------------
!Stores: (first: depot x,y; then: satellites x,y,maxCap)
300,0   1680,198,1000   1105,702,1000   1469,679,1000   967,345,1000
!----------------------------------------------------------------
!Trucks: (total#, cap, cost/dist, fixcost)
2,181,1,128   2,250,1,150   2,331,1,172
!----------------------------------------------------------------
!CityFreighters: (max cf/sat, total#, cap, cost/dist, fixcost, maxCharge, energyConsumption)
3,3,90,1,68,722,1   4,4,125,1,80,1000,1   3,3,165,1,92,1322,1
!----------------------------------------------------------------
!Customers: (x, y, demand, readyTime, dueDate, serviceTime, penalizationCost)
802,540,20,2109,3745,591,5   1641,343,5,1890,2126,148,4   1184,667,26,1142,3070,769,2   942,312,28,2726,3952,828,5   1136,426,11,2259,2743,325,5   1212,394,11,1890,2778,325,1   962,605,16,4061,5209,473,2   463,582,13,3200,3762,384,4   491,462,25,3354,4760,739,1   675,621,26,2838,4160,769,2   1505,436,12,2955,3603,355,1   1719,382,10,1380,1980,296,3   378,359,25,2803,4081,739,1   843,452,14,3951,5159,414,1   625,721,19,4629,5259,562,4   1634,400,25,2983,4527,739,2   1057,607,29,2612,5082,857,4   768,507,10,734,1196,296,1   1543,611,14,4295,5183,414,4   685,382,10,4452,5172,296,4   1027,322,17,3104,4312,503,4   816,578,7,658,1034,207,5   727,698,8,4487,5005,237,1   1301,421,18,4547,5459,532,4   358,485,13,2571,3391,384,3   1767,538,18,2871,3733,532,2   310,555,15,3941,4743,443,1   693,574,18,1294,2620,532,4   878,305,18,2472,3320,532,5   976,524,23,3596,5220,680,5   920,554,13,3792,4468,384,2   1291,546,23,4035,5485,680,5   799,506,10,4707,5427,296,1   890,602,24,4399,5941,710,4   1746,558,19,4514,5804,562,3   1331,642,25,3905,5039,739,3   1567,456,27,3984,5204,798,3   1295,261,18,2509,3107,532,3   1304,310,5,4781,5085,148,5   681,714,14,3007,3781,414,5   809,607,16,1393,2161,473,5   725,388,8,1085,1691,237,5   103,632,4,3376,3622,118,3   1090,56,29,3666,5984,857,2   1906,663,25,639,2383,739,5   408,559,23,4134,5380,680,4   387,541,25,1812,3630,739,2   138,358,12,2525,3479,355,5   1414,489,25,252,2400,739,2   1645,614,3,5246,5424,89,3
!----------------------------------------------------------------
!Recharge stations: x,y
300,0   1680,198   1105,702   1469,679   967,345   326,462   761,296   1152,234   351,436   675,802

g inverse recharge rate 0.55
