!----------------------------------------------------------------
!Stores: (first: depot x,y; then: satellites x,y,maxCap)
300,0   341,811,1000   468,469,1000   1903,681,1000   1739,317,1000
!----------------------------------------------------------------
!Trucks: (total#, cap, cost/dist, fixcost)
2,181,1,128   2,250,1,150   2,331,1,172
!----------------------------------------------------------------
!CityFreighters: (max cf/sat, total#, cap, cost/dist, fixcost, maxCharge, energyConsumption)
3,3,90,1,68,722,1   4,4,125,1,80,1000,1   3,3,165,1,92,1322,1
!----------------------------------------------------------------
!Customers: (x, y, demand, readyTime, dueDate, serviceTime, penalizationCost)
1457,621,29,4687,7127,1354,1   1369,514,15,4581,5861,701,5   450,294,18,1216,3086,841,1   1201,625,4,2225,2457,187,4   303,393,10,3375,4257,467,4   626,373,9,1559,2561,420,2   986,751,21,3885,6301,981,3   1687,572,6,1918,2332,280,3   807,535,17,1895,4095,794,4   957,602,7,746,1448,327,3   1341,466,14,1920,3390,654,1   868,335,19,4963,6797,887,3   1477,427,3,7588,7902,140,5   1710,513,7,3477,4007,327,4   297,516,18,1732,3054,841,4   1566,595,15,5407,7235,701,1   982,373,19,3409,5093,887,2   602,560,12,2496,3660,560,3   1018,575,17,2680,4286,794,3   681,511,19,4895,6777,887,4   390,389,12,4445,5649,560,4   1717,407,3,4775,5049,140,2   812,728,4,4965,5199,187,1   1482,411,11,3900,4844,514,5   1121,230,9,6053,6745,420,1   724,609,5,7478,7956,234,1   732,543,7,2478,3160,327,4   1701,427,5,7267,7683,234,5   1429,411,26,769,3269,1214,4   1580,334,6,6955,7353,280,4   1542,363,4,2597,2989,187,5   446,356,26,661,3503,1214,1   1325,511,28,2504,6062,1308,1   1040,543,14,6386,7578,654,1   839,762,10,3916,5090,467,5   826,427,25,5893,7983,1168,1   1622,535,18,385,2549,841,5   1205,493,22,4168,5880,1027,5   1756,487,13,1463,2843,607,2   1757,458,13,4616,5948,607,3   1205,634,26,2538,5162,1214,2   968,82,17,3202,4860,794,3   552,907,29,3908,7816,1354,5   933,725,11,5699,6417,514,5   1702,535,16,1460,3392,747,4   1374,356,9,3430,4362,420,2   1225,149,10,2996,4144,467,2   1029,837,20,3607,5663,934,2   894,84,23,299,2499,1074,3   210,630,15,4257,6203,701,5
!----------------------------------------------------------------
!Recharge stations: x,y
300,0   341,811   468,469   1903,681   1739,317   848,592   1099,507   911,413   213,615   548,783   383,254   565,713   1717,496   1501,750   472,394   835,532   1065,724   1063,755   378,567   1418,245

g inverse recharge rate 0.73
