!----------------------------------------------------------------
!Stores: (first: depot x,y; then: satellites x,y,maxCap)
300,0   54,456,1000   164,276,1000   1745,570,1000   1076,323,1000
!----------------------------------------------------------------
!Trucks: (total#, cap, cost/dist, fixcost)
2,181,1,128   2,250,1,150   2,331,1,172
!----------------------------------------------------------------
!CityFreighters: (max cf/sat, total#, cap, cost/dist, fixcost, maxCharge, energyConsumption)
3,3,90,1,68,722,1   4,4,125,1,80,1000,1   3,3,165,1,92,1322,1
!----------------------------------------------------------------
!Customers: (x, y, demand, readyTime, dueDate, serviceTime, penalizationCost)
1267,379,15,4761,5989,656,4   588,332,25,5567,8185,1093,3   359,385,20,4753,6267,875,5   1711,446,21,1256,3330,918,5   1748,553,14,3671,4573,612,2   501,610,4,6482,6822,175,2   743,356,4,3320,3644,175,4   1253,700,20,1193,2825,875,4   212,516,11,5787,6941,481,3   817,431,25,3244,5924,1093,5   473,323,12,5382,6760,525,3   884,530,20,6132,7952,875,3   319,527,29,5623,7889,1268,5   1013,202,12,5484,6248,525,1   666,690,7,6505,7039,306,3   1380,521,10,4340,5130,437,4   1542,585,17,5194,6752,743,4   218,469,18,3341,4663,787,1   1642,509,17,3242,4482,743,4   1370,431,25,3903,5353,1093,4   1398,390,15,512,1644,656,2   1556,315,11,3833,4807,481,2   294,594,4,3748,3992,175,1   350,659,5,5080,5412,219,5   446,593,14,5597,6269,612,4   1467,397,23,5157,7491,1006,1   205,524,8,7005,7811,350,4   790,276,27,2916,5948,1181,3   364,353,18,3274,4628,787,2   1157,436,21,839,2595,918,2   254,501,28,365,3047,1224,1   1672,607,20,1614,3384,875,2   1391,587,26,0,2676,1137,5   1096,593,4,3578,4006,175,4   1335,471,6,2614,3206,262,3   1178,614,23,1196,3250,1006,4   662,563,13,1526,2692,568,2   956,365,21,2084,3448,918,5   1175,619,22,3694,6060,962,4   1492,323,24,777,3253,1049,1   1622,680,5,4162,4588,219,2   254,287,26,4044,5842,1137,1   1860,336,17,3066,4408,743,4   1588,369,10,5978,6620,437,1   1199,247,5,6782,7168,219,3   885,670,11,5587,6645,481,1   108,629,6,7314,7742,262,3   1456,199,9,5082,5588,394,2   599,646,12,773,1685,525,5   384,157,5,5136,5490,219,4
!----------------------------------------------------------------
!Recharge stations: x,y
300,0   54,456   164,276   1745,570   1076,323   895,312   1052,600   1666,701   1481,567   588,510   226,568   243,479   1265,205   1665,402   160,494   955,546   269,603   1421,693   639,189   1800,542

g inverse recharge rate 0.73
