!----------------------------------------------------------------
!Stores: (first: depot x,y; then: satellites x,y,maxCap)
300,0   1680,198,1000   1105,702,1000   1469,679,1000   967,345,1000
!----------------------------------------------------------------
!Trucks: (total#, cap, cost/dist, fixcost)
2,181,1,128   2,250,1,150   2,331,1,172
!----------------------------------------------------------------
!CityFreighters: (max cf/sat, total#, cap, cost/dist, fixcost, maxCharge, energyConsumption)
3,3,90,1,68,722,1   4,4,125,1,80,1000,1   3,3,165,1,92,1322,1
!----------------------------------------------------------------
!Customers: (x, y, demand, readyTime, dueDate, serviceTime, penalizationCost)
802,540,20,2858,4190,591,4   1641,343,5,4569,4785,148,1   1184,667,26,2564,4438,769,3   942,312,28,3362,5162,828,2   1136,426,11,5442,6228,325,1   1212,394,11,5665,6361,325,2   962,605,16,553,1349,473,1   463,582,13,1140,1744,384,1   491,462,25,4259,5599,739,5   675,621,26,3521,5075,769,1   1505,436,12,1330,1898,355,4   1719,382,10,5197,5793,296,4   378,359,25,3199,4197,739,2   843,452,14,2364,3418,414,5   625,721,19,3643,4777,562,2   1634,400,25,1644,2762,739,1   1057,607,29,3091,4503,857,4   768,507,10,4583,5219,296,3   1543,611,14,2244,2912,414,4   685,382,10,949,1543,296,1   1027,322,17,5030,6046,503,3   816,578,7,5196,5752,207,4   727,698,8,4444,4912,237,1   1301,421,18,4394,5490,532,4   358,485,13,4253,4809,384,5   1767,538,18,2735,3593,532,1   310,555,15,3332,4210,443,5   693,574,18,3058,4062,532,3   878,305,18,2117,3701,532,1   976,524,23,5015,6207,680,5   920,554,13,1289,1971,384,1   1291,546,23,3974,5676,680,3   799,506,10,4027,4677,296,5   890,602,24,1468,2674,710,3   1746,558,19,1976,2962,562,3   1331,642,25,1,1441,739,4   1567,456,27,2693,4485,798,4   1295,261,18,2796,3834,532,3   1304,310,5,5468,5920,148,2   681,714,14,3854,4594,414,4   809,607,16,3830,4760,473,1   725,388,8,2293,2935,237,5   103,632,4,4511,4645,118,3   1090,56,29,3294,5146,857,4   1906,663,25,4493,5659,739,4   408,559,23,2200,3668,680,5   387,541,25,2398,4294,739,5   138,358,12,1334,1872,355,2   1414,489,25,1810,3250,739,4   1645,614,3,408,634,89,3
!----------------------------------------------------------------
!Recharge stations: x,y
300,0   1680,198   1105,702   1469,679   967,345   326,462   761,296

g inverse recharge rate 0.55
