!----------------------------------------------------------------
!Stores: (first: depot x,y; then: satellites x,y,maxCap)
300,0   1913,443,1000   1219,926,1000   608,792,1000   1816,280,1000
!----------------------------------------------------------------
!Trucks: (total#, cap, cost/dist, fixcost)
2,181,1,128   2,250,1,150   2,331,1,172
!----------------------------------------------------------------
!CityFreighters: (max cf/sat, total#, cap, cost/dist, fixcost, maxCharge, energyConsumption)
3,3,90,1,68,722,1   4,4,125,1,80,1000,1   3,3,165,1,92,1322,1
!----------------------------------------------------------------
!Customers: (x, y, demand, readyTime, dueDate, serviceTime, penalizationCost)
623,450,10,4406,5150,415,4   281,390,29,3791,6567,1203,4   884,287,9,4370,5462,373,2   1629,573,29,3316,5372,1203,2   974,731,8,4336,5218,332,5   529,469,12,5585,6235,498,1   1551,495,8,3834,4528,332,2   1351,754,3,471,733,124,1   602,631,10,3650,4224,415,4   898,367,3,2728,2882,124,1   1699,559,21,4113,5963,871,2   378,609,17,1024,2584,705,5   370,498,3,1273,1399,124,2   469,445,17,5983,7703,705,1   1184,511,12,2254,3204,498,4   495,516,8,3842,4746,332,1   1495,720,6,7019,7537,249,3   530,438,28,1129,3377,1161,3   981,779,7,3898,4294,290,5   510,736,25,3177,5387,1037,5   361,612,10,1986,2682,415,4   1250,678,25,6185,8055,1037,4   756,555,10,5405,6405,415,3   800,283,3,4843,4983,124,1   490,577,16,5922,7266,664,1   461,372,20,942,2626,830,3   654,765,15,5849,6967,622,2   1709,537,25,4392,6394,1037,3   440,471,27,2905,5975,1120,5   571,333,21,2568,3862,871,5   1234,454,25,297,2591,1037,1   1631,401,20,2745,4443,830,2   598,321,13,4625,5513,539,5   1653,656,20,3593,4931,830,3   913,741,8,397,1191,332,3   1356,482,28,263,2679,1161,3   1699,452,29,5267,7781,1203,3   484,331,9,6263,6925,373,5   1148,231,7,5200,5816,290,1   1454,444,24,1121,3039,996,1   1784,634,11,6624,7568,456,5   1304,192,12,6414,7568,498,2   1100,315,12,5541,6371,498,1   1382,546,17,697,2599,705,4   1638,743,29,5470,7710,1203,1   633,80,29,0,3142,1203,4   1600,703,24,1318,3922,996,1   1675,196,3,5322,5696,124,3   1892,642,20,5405,6797,830,4   1161,242,23,2536,4270,954,3
!----------------------------------------------------------------
!Recharge stations: x,y
300,0   1913,443   1219,926   608,792   1816,280   1120,355   857,292   1951,593   934,802   1543,499   446,556   1631,279   618,418   876,562   1684,653   179,492   1561,414   220,579   881,173   364,870

g inverse recharge rate 0.73
