!----------------------------------------------------------------
!Stores: (first: depot x,y; then: satellites x,y,maxCap)
300,0   674,747,1000   1212,82,1000   1820,396,1000   146,610,1000
!----------------------------------------------------------------
!Trucks: (total#, cap, cost/dist, fixcost)
2,181,1,128   2,250,1,150   2,331,1,172
!----------------------------------------------------------------
!CityFreighters: (max cf/sat, total#, cap, cost/dist, fixcost, maxCharge, energyConsumption)
3,3,90,1,68,722,1   4,4,125,1,80,1000,1   3,3,165,1,92,1322,1
!----------------------------------------------------------------
!Customers: (x, y, demand, readyTime, dueDate, serviceTime, penalizationCost)
780,646,22,1060,2464,802,3   711,230,24,4571,6345,874,2   573,491,16,2951,3851,583,5   466,713,9,619,1375,328,5   580,515,15,6027,6999,547,5   785,684,29,0,2326,1057,2   1798,482,16,585,1549,583,5   1254,401,11,6903,7795,401,2   1267,503,24,1462,2894,874,4   1692,387,19,2179,3543,692,3   1346,517,24,2192,3894,874,4   1640,434,7,687,1199,255,3   952,712,29,2058,4162,1057,4   300,610,19,5136,6544,692,3   735,309,5,5789,6101,182,3   1201,417,19,5801,7391,692,4   912,561,22,1294,3262,802,2   682,725,16,174,1538,583,4   556,373,21,3611,5005,765,1   437,502,15,6690,7630,547,5   1244,258,8,7104,7848,291,1   346,373,24,5492,7518,874,1   1686,512,24,579,2319,874,1   1612,372,12,6486,7654,437,5   1369,252,28,4872,7428,1020,4   869,647,3,5523,5789,109,2   1517,668,12,6028,6918,437,4   875,666,6,5859,6243,219,5   421,332,19,4317,5927,692,5   1487,492,10,513,1095,364,2   734,421,8,2240,2872,291,3   555,624,25,173,1545,911,5   1791,481,20,157,1983,729,1   1089,427,3,2485,2645,109,2   1529,435,24,3042,4630,874,3   320,416,21,2235,3959,765,1   1670,625,8,2257,2831,291,5   512,609,22,2428,4060,802,5   1644,378,28,5781,7535,1020,3   1538,497,23,2851,4833,838,3   1697,615,20,5513,7075,729,1   106,330,22,3873,5581,802,1   1565,227,18,3070,5050,656,3   607,835,17,534,1724,619,2   1837,538,13,6301,7105,474,2   1511,654,22,1153,2381,802,3   988,57,7,4855,5307,255,5   1437,655,29,2399,4929,1057,5   833,230,18,5950,6918,656,5   741,20,25,831,2343,911,1
!----------------------------------------------------------------
!Recharge stations: x,y
300,0   674,747   1212,82   1820,396   146,610   594,208   900,186   1024,417   1145,426   1792,477   576,776   239,630   1713,323   1471,501   1667,668   355,687   236,202   588,459   1324,526   153,521   239,502   1273,594   965,466   350,401   1270,734   1344,753   1297,883   808,615   1762,287   1049,510

g inverse recharge rate 0.7
