!----------------------------------------------------------------
!Stores: (first: depot x,y; then: satellites x,y,maxCap)
300,0   1258,707,1000   742,378,1000   174,458,1000   1537,247,1000
!----------------------------------------------------------------
!Trucks: (total#, cap, cost/dist, fixcost)
2,181,1,128   2,250,1,150   2,331,1,172
!----------------------------------------------------------------
!CityFreighters: (max cf/sat, total#, cap, cost/dist, fixcost, maxCharge, energyConsumption)
3,3,90,1,68,722,1   4,4,125,1,80,1000,1   3,3,165,1,92,1322,1
!----------------------------------------------------------------
!Customers: (x, y, demand, readyTime, dueDate, serviceTime, penalizationCost)
1078,257,15,3608,4504,480,5   918,628,27,0,1307,865,1   381,345,29,2858,3952,929,3   816,329,22,1487,2857,705,3   799,696,8,3379,3745,256,2   423,464,10,1087,1701,320,4   1346,338,25,4305,5681,801,1   844,755,4,5870,6146,128,3   1010,342,6,3521,3961,192,3   825,749,29,4497,6745,929,2   873,553,22,0,1193,705,5   1364,513,29,2049,3959,929,4   582,247,10,4721,5441,320,3   202,518,18,3644,5114,576,2   919,267,22,343,1783,705,4   1686,510,4,2464,2706,128,5   1105,394,23,4324,5934,737,3   569,729,20,4485,6095,641,5   660,568,20,1691,3591,641,5   1089,463,7,2502,2878,224,1   489,348,24,4546,5726,769,5   644,327,9,3310,3796,288,4   517,331,4,686,924,128,3   420,358,16,3505,4703,512,3   1669,384,22,796,2040,705,2   394,671,10,2312,2808,320,4   1266,371,26,2938,4424,833,5   1260,399,28,4769,6595,897,3   1148,529,24,133,1643,769,1   1161,311,13,5520,6556,416,4   1216,736,4,4275,4459,128,4   1065,715,5,2898,3166,160,4   1540,609,23,2791,4629,737,5   543,522,6,5231,5733,192,5   567,444,13,3961,4535,416,1   904,516,22,58,1778,705,4   1716,406,6,1981,2345,192,1   460,677,18,303,1511,576,4   1277,456,22,2486,3560,705,2   921,466,12,3342,3812,384,2   1801,385,27,2052,3788,865,5   197,438,21,410,1740,673,1   1520,513,12,1448,2146,384,2   866,783,25,3222,4928,801,5   939,892,22,3556,4378,705,2   1033,424,29,1572,2616,929,3   535,761,10,1241,2041,320,3   1986,442,10,3238,3794,320,5   664,627,3,5601,5793,96,4   1583,153,25,1302,2728,801,4
!----------------------------------------------------------------
!Recharge stations: x,y
300,0   1258,707   742,378   174,458   1537,247   934,581   1805,572   524,736   1767,528   1779,612   1046,238   1769,517   1339,698   824,700   762,402   1424,448   996,706   1842,529   555,586   1101,584

g inverse recharge rate 0.59
