!----------------------------------------------------------------
!Stores: (first: depot x,y; then: satellites x,y,maxCap)
300,0   941,202,1000   764,856,1000   989,385,1000   706,294,1000
!----------------------------------------------------------------
!Trucks: (total#, cap, cost/dist, fixcost)
2,181,1,128   2,250,1,150   2,331,1,172
!----------------------------------------------------------------
!CityFreighters: (max cf/sat, total#, cap, cost/dist, fixcost, maxCharge, energyConsumption)
3,3,90,1,68,722,1   4,4,125,1,80,1000,1   3,3,165,1,92,1322,1
!----------------------------------------------------------------
!Customers: (x, y, demand, readyTime, dueDate, serviceTime, penalizationCost)
395,389,21,2602,3856,568,5   1351,406,17,4232,5142,459,1   811,620,26,328,1982,703,5   1558,318,7,3326,3692,189,4   1093,597,25,731,2247,676,2   1670,525,9,958,1466,243,4   1364,741,27,675,2069,730,3   1108,353,6,262,608,162,3   811,277,23,1578,2850,622,3   570,613,13,1501,2235,351,5   695,289,23,731,1919,622,5   617,241,8,1827,2157,216,5   1471,373,12,3783,4355,324,5   846,746,4,2589,2789,108,5   486,281,19,4166,5102,513,1   1423,306,24,493,2045,649,5   1317,658,22,1110,2574,595,4   1613,640,25,3272,4364,676,4   1043,609,14,1164,1726,378,4   482,401,15,621,1249,405,4   1375,313,14,3334,4224,378,3   1698,587,27,3367,4819,730,2   1425,250,7,889,1183,189,3   1435,294,7,1247,1637,189,2   910,429,16,90,956,432,2   726,695,9,2773,3167,243,2   467,338,3,2230,2420,81,2   277,487,18,2974,3750,486,4   1079,513,15,1690,2724,405,2   341,514,12,2751,3465,324,3   875,338,16,3255,4049,432,5   331,498,15,3640,4360,405,1   314,395,15,289,1027,405,1   616,561,23,2845,4001,622,3   907,722,27,2360,4142,730,4   855,247,21,1065,2153,568,4   1116,540,27,3843,5573,730,5   1531,429,10,4048,4582,270,3   582,522,10,715,1203,270,5   628,409,11,841,1385,297,5   1717,715,8,3670,4080,216,3   336,142,27,1704,3158,730,1   1495,602,12,522,1228,324,2   1059,62,13,4237,4935,351,2   1114,692,21,125,1239,568,1   673,414,26,1887,2819,703,4   527,885,11,1314,1876,297,4   1841,629,20,3418,4394,540,1   1315,472,23,3050,4608,622,5   465,222,19,364,1736,513,3
!----------------------------------------------------------------
!Recharge stations: x,y
300,0   941,202   764,856   989,385   706,294   1527,333   1472,253   261,554   532,279   384,280

g inverse recharge rate 0.49
