!----------------------------------------------------------------
!Stores: (first: depot x,y; then: satellites x,y,maxCap)
300,0   1002,917,1000   103,601,1000   426,696,1000   614,98,1000
!----------------------------------------------------------------
!Trucks: (total#, cap, cost/dist, fixcost)
2,181,1,128   2,250,1,150   2,331,1,172
!----------------------------------------------------------------
!CityFreighters: (max cf/sat, total#, cap, cost/dist, fixcost, maxCharge, energyConsumption)
3,3,90,1,68,722,1   4,4,125,1,80,1000,1   3,3,165,1,92,1322,1
!----------------------------------------------------------------
!Customers: (x, y, demand, readyTime, dueDate, serviceTime, penalizationCost)
1347,608,18,5594,7116,772,4   411,612,7,2811,3319,300,4   852,558,4,3180,3428,172,4   953,749,6,1635,2257,257,3   1328,600,27,566,3320,1159,4   1203,628,12,2136,2820,515,5   1401,354,21,3611,5071,901,4   1587,324,13,5201,6231,558,1   1522,633,5,4490,5006,215,5   1253,424,10,1328,2212,429,1   1024,672,8,7477,8039,343,5   1337,743,13,1915,3081,558,2   940,357,5,1080,1680,215,4   1311,642,16,3891,5171,687,2   1695,558,28,2846,5684,1202,3   585,586,19,4076,5176,815,5   1061,582,14,5720,6664,601,1   940,546,5,3213,3517,215,1   1386,509,26,2687,4605,1116,3   510,434,26,234,2076,1116,2   1343,701,4,5400,5688,172,3   1721,609,23,3402,5866,987,5   1493,580,10,4604,5970,429,3   918,642,29,1989,4059,1244,2   320,576,23,2507,4273,987,1   851,720,19,747,3249,815,2   437,347,18,3971,5949,772,4   1773,549,8,2005,2609,343,5   587,656,18,4579,6579,772,5   1318,469,25,1658,4274,1073,4   1086,232,6,6424,6972,257,4   959,214,19,5272,6508,815,4   359,442,5,6906,7432,215,4   702,558,21,3674,5210,901,1   1732,412,22,1720,3366,944,2   809,732,25,0,2368,1073,3   1590,695,8,3580,4140,343,3   649,476,11,4261,5205,472,4   1725,509,24,5158,7560,1030,5   552,397,18,5513,6761,772,1   1414,63,24,5702,7396,1030,3   1994,533,3,5432,5734,129,2   453,407,9,2342,3180,386,2   1327,714,27,385,2291,1159,4   1354,537,18,1990,3716,772,4   1919,563,3,2924,3232,129,5   416,212,17,5252,6526,729,4   1372,201,23,219,2925,987,2   1665,798,28,4993,7419,1202,3   1051,387,24,2337,4459,1030,4
!----------------------------------------------------------------
!Recharge stations: x,y
300,0   1002,917   103,601   426,696   614,98   1498,536   1333,640   1301,579   1751,599   1842,499   1007,805   1591,542   917,770   1495,365   101,677   925,760   1295,746   499,651   511,538   1266,703

g inverse recharge rate 0.75
