!----------------------------------------------------------------
!Stores: (first: depot x,y; then: satellites x,y,maxCap)
300,0   1301,770,1000   254,805,1000   1042,125,1000   1949,604,1000
!----------------------------------------------------------------
!Trucks: (total#, cap, cost/dist, fixcost)
2,181,1,128   2,250,1,150   2,331,1,172
!----------------------------------------------------------------
!CityFreighters: (max cf/sat, total#, cap, cost/dist, fixcost, maxCharge, energyConsumption)
3,3,90,1,68,722,1   4,4,125,1,80,1000,1   3,3,165,1,92,1322,1
!----------------------------------------------------------------
!Customers: (x, y, demand, readyTime, dueDate, serviceTime, penalizationCost)
629,336,12,3881,4865,496,1   460,387,11,1064,1980,455,5   1688,429,16,1449,2765,662,2   1449,542,25,2247,3947,1034,1   1029,651,18,3356,4912,745,4   747,647,19,2569,4319,786,4   944,670,19,4835,6099,786,2   459,321,9,2524,3098,372,4   748,672,13,3320,4054,538,1   1734,562,20,73,2055,827,5   1006,523,10,5849,6693,414,1   1115,344,26,856,2572,1075,3   525,572,20,1071,2673,827,3   1099,637,15,425,1257,620,1   1733,426,29,3758,5668,1200,1   1239,422,13,2167,3393,538,5   1582,312,21,4900,6726,869,1   1221,729,21,6002,7008,869,1   649,668,28,2811,4467,1158,3   1435,250,6,5147,5587,248,1   371,320,9,3274,3984,372,2   610,490,11,4685,5689,455,2   752,225,18,5798,7432,745,1   1763,453,14,4082,5152,579,2   865,652,6,1526,1880,248,5   749,601,9,3677,4317,372,4   397,456,7,5302,5792,290,1   716,621,10,5504,6478,414,1   1500,608,12,3816,4610,496,1   851,771,22,4253,6539,910,4   1686,622,13,4664,5502,538,1   1555,455,11,5954,7132,455,1   680,485,6,4584,5064,248,1   1377,463,6,4826,5426,248,4   1630,501,6,5917,6325,248,4   1619,511,20,5530,7404,827,4   1578,620,11,4564,5572,455,2   387,409,15,6006,7596,620,1   859,326,16,1932,3730,662,2   586,446,8,1203,1869,331,5   1582,357,9,3939,4819,372,5   814,501,29,5046,7534,1200,2   1113,156,28,3051,5785,1158,2   1276,752,24,4724,6576,993,5   1706,620,19,5433,7495,786,5   1741,645,14,4736,6120,579,2   1451,629,15,3069,4095,620,3   1925,391,14,3291,4877,579,1   1433,513,6,6173,6623,248,4   1047,330,18,2300,4048,745,2
!----------------------------------------------------------------
!Recharge stations: x,y
300,0   1301,770   254,805   1042,125   1949,604   786,558   961,757   592,546   1796,454   1828,482   282,366   306,487   1226,891   1253,280   420,427

g inverse recharge rate 0.69
