!----------------------------------------------------------------
!Stores: (first: depot x,y; then: satellites x,y,maxCap)
300,0   1982,476,1000   985,805,1000   1474,624,1000   1117,188,1000
!----------------------------------------------------------------
!Trucks: (total#, cap, cost/dist, fixcost)
2,181,1,128   2,250,1,150   2,331,1,172
!----------------------------------------------------------------
!CityFreighters: (max cf/sat, total#, cap, cost/dist, fixcost, maxCharge, energyConsumption)
3,3,90,1,68,722,1   4,4,125,1,80,1000,1   3,3,165,1,92,1322,1
!----------------------------------------------------------------
!Customers: (x, y, demand, readyTime, dueDate, serviceTime, penalizationCost)
615,600,27,4650,6542,1042,1   1511,329,23,1270,4252,888,5   1782,526,8,1692,2404,309,2   509,649,9,6220,6738,347,5   450,391,4,6441,6839,154,1   1103,297,6,1147,1589,232,1   1090,759,8,2323,3217,309,2   1777,471,16,4861,5995,617,4   503,585,9,2040,2604,347,1   991,253,27,3646,6394,1042,1   236,534,13,1333,2325,502,4   1027,793,24,1631,3631,926,3   1206,221,6,817,1433,232,1   1774,556,7,3414,4170,270,1   500,471,22,3862,5688,849,4   220,533,17,4164,5770,656,3   270,402,22,2598,3896,849,1   370,540,17,2363,3833,656,5   248,532,7,5832,6294,270,2   1473,452,19,2329,4071,733,3   1005,700,6,2488,2946,232,5   1218,251,4,2444,2732,154,4   1461,480,29,2405,4547,1119,4   729,658,4,3437,3809,154,2   1377,537,25,126,2382,965,1   1747,396,8,827,1379,309,3   524,662,7,1094,1874,270,3   490,273,19,3435,5595,733,1   217,544,6,4351,4887,232,3   445,318,24,4504,6770,926,2   1401,748,23,4959,6807,888,4   858,647,16,2370,3530,617,2   1700,356,25,4582,6292,965,5   1207,342,12,55,1281,463,3   924,339,5,385,931,193,4   1074,619,25,2285,3891,965,4   1391,295,26,4588,6420,1003,5   789,284,18,1133,2635,695,3   884,539,16,5003,6429,617,3   277,552,23,1874,3544,888,5   1234,712,29,2409,4685,1119,5   1048,910,5,755,1215,193,1   1718,576,27,4697,6643,1042,2   629,161,16,3451,4853,617,1   363,216,5,3777,4079,193,4   1205,170,29,4379,6425,1119,2   993,642,8,1138,1790,309,5   1381,476,7,5736,6218,270,3   1648,835,20,3529,4759,772,2   1243,138,19,22,1706,733,2
!----------------------------------------------------------------
!Recharge stations: x,y
300,0   1982,476   985,805   1474,624   1117,188   470,426   1269,663   687,469   521,365   1752,431

g inverse recharge rate 0.66
