!----------------------------------------------------------------
!Stores: (first: depot x,y; then: satellites x,y,maxCap)
300,0   19,412,1000   1569,459,1000   942,291,1000   915,886,1000
!----------------------------------------------------------------
!Trucks: (total#, cap, cost/dist, fixcost)
2,181,1,128   2,250,1,150   2,331,1,172
!----------------------------------------------------------------
!CityFreighters: (max cf/sat, total#, cap, cost/dist, fixcost, maxCharge, energyConsumption)
3,3,90,1,68,722,1   4,4,125,1,80,1000,1   3,3,165,1,92,1322,1
!----------------------------------------------------------------
!Customers: (x, y, demand, readyTime, dueDate, serviceTime, penalizationCost)
351,600,3,5824,5990,99,2   1478,561,13,2837,3767,429,3   343,526,13,5998,6576,429,3   1430,715,15,5734,6856,495,1   1180,363,24,1172,2886,793,1   1694,455,24,2217,3297,793,4   729,716,24,4484,6662,793,5   1431,751,7,1019,1459,231,1   1121,679,13,2115,3057,429,1   1730,487,7,3735,4279,231,5   1011,611,13,3448,4406,429,4   936,759,3,2588,2712,99,2   566,574,25,1252,2910,826,1   1375,345,29,0,1656,958,1   1404,295,8,5770,6412,264,3   1157,552,18,3834,4778,594,5   1088,740,15,6025,7287,495,3   1156,345,28,446,2206,925,1   297,560,11,648,1506,363,5   335,368,23,1470,3022,760,1   455,416,20,2310,4078,661,1   1569,399,25,2465,3897,826,5   1106,454,25,500,2020,826,1   1026,309,25,3345,4569,826,3   1712,607,26,732,2054,859,1   1667,468,18,4551,5727,594,4   1326,541,21,1607,2765,694,2   446,474,16,1550,2608,528,4   1027,276,15,3491,4491,495,4   601,343,28,4523,5799,925,4   1234,725,12,2272,3060,396,5   577,344,24,3490,5410,793,2   997,505,28,1172,3266,925,5   689,655,11,1682,2578,363,5   820,475,7,2224,2736,231,2   1386,363,12,1207,1915,396,1   1374,619,28,3047,5351,925,3   634,766,17,392,1218,561,2   1069,762,11,389,1023,363,4   1463,514,9,6069,6625,297,1   380,752,20,4634,5762,661,5   267,433,22,1624,3046,727,5   697,595,6,6428,6820,198,3   367,732,27,501,2391,892,2   757,20,16,5844,6984,528,4   289,398,16,2466,3246,528,2   1696,780,24,4729,5825,793,3   1568,507,9,5455,5773,297,4   728,52,28,3926,5958,925,5   708,701,21,3597,4765,694,3
!----------------------------------------------------------------
!Recharge stations: x,y
300,0   19,412   1569,459   942,291   915,886   472,502   1451,479   700,699   1437,418   1166,164   1531,323   568,226   1411,440   1451,451   320,860   1059,540   864,669   1521,408   1604,357   1541,246   1630,431   1036,722   761,47   868,333   249,687

g inverse recharge rate 0.64
