!----------------------------------------------------------------
!Stores: (first: depot x,y; then: satellites x,y,maxCap)
300,0   674,747,1000   1212,82,1000   1820,396,1000   146,610,1000
!----------------------------------------------------------------
!Trucks: (total#, cap, cost/dist, fixcost)
2,181,1,128   2,250,1,150   2,331,1,172
!----------------------------------------------------------------
!CityFreighters: (max cf/sat, total#, cap, cost/dist, fixcost, maxCharge, energyConsumption)
3,3,90,1,68,722,1   4,4,125,1,80,1000,1   3,3,165,1,92,1322,1
!----------------------------------------------------------------
!Customers: (x, y, demand, readyTime, dueDate, serviceTime, penalizationCost)
780,646,22,3135,4731,802,5   711,230,24,5216,7348,874,5   573,491,16,1869,3269,583,4   466,713,9,6955,7835,328,1   580,515,15,3031,3845,547,4   785,684,29,5508,7352,1057,2   1798,482,16,618,1810,583,3   1254,401,11,2438,3380,401,4   1267,503,24,3667,5235,874,1   1692,387,19,3021,4761,692,4   1346,517,24,4635,6663,874,1   1640,434,7,3738,4302,255,1   952,712,29,5126,7530,1057,3   300,610,19,2619,4071,692,1   735,309,5,4480,4812,182,3   1201,417,19,398,1968,692,2   912,561,22,2292,4010,802,5   682,725,16,297,1271,583,4   556,373,21,723,1361,765,3   437,502,15,5660,6796,547,1   1244,258,8,5273,5739,291,2   346,373,24,3881,5419,874,2   1686,512,24,4034,5906,874,2   1612,372,12,627,1395,437,3   1369,252,28,1918,4186,1020,4   869,647,3,1597,1759,109,1   1517,668,12,4951,5821,437,5   875,666,6,3639,4119,219,2   421,332,19,6247,7585,692,5   1487,492,10,2050,2612,364,5   734,421,8,1899,2533,291,1   555,624,25,939,2657,911,4   1791,481,20,3602,4870,729,2   1089,427,3,3360,3574,109,1   1529,435,24,4704,6806,874,4   320,416,21,5882,7140,765,1   1670,625,8,6647,7137,291,1   512,609,22,5786,7472,802,1   1644,378,28,1646,4206,1020,3   1538,497,23,1077,3021,838,5   1697,615,20,2483,3867,729,2   106,330,22,2820,4324,802,4   1565,227,18,4622,5910,656,1   607,835,17,3947,4975,619,5   1837,538,13,2342,3358,474,1   1511,654,22,2730,4266,802,3   988,57,7,3176,3554,255,3   1437,655,29,697,2413,1057,4   833,230,18,4216,5628,656,5   741,20,25,3852,5276,911,1
!----------------------------------------------------------------
!Recharge stations: x,y
300,0   674,747   1212,82   1820,396   146,610   594,208   900,186

g inverse recharge rate 0.7
