!----------------------------------------------------------------
!Stores: (first: depot x,y; then: satellites x,y,maxCap)
300,0   14,516,1000   900,857,1000   226,729,1000   1523,387,1000
!----------------------------------------------------------------
!Trucks: (total#, cap, cost/dist, fixcost)
2,181,1,128   2,250,1,150   2,331,1,172
!----------------------------------------------------------------
!CityFreighters: (max cf/sat, total#, cap, cost/dist, fixcost, maxCharge, energyConsumption)
3,3,90,1,68,722,1   4,4,125,1,80,1000,1   3,3,165,1,92,1322,1
!----------------------------------------------------------------
!Customers: (x, y, demand, readyTime, dueDate, serviceTime, penalizationCost)
1319,462,5,2279,2659,231,5   1081,616,7,4654,5264,324,2   450,560,7,6349,6995,324,4   744,686,25,3100,5488,1156,5   227,439,18,2746,5064,833,4   1544,529,20,4800,7054,925,1   1075,473,18,340,1538,833,2   1297,233,19,65,1723,879,2   904,687,29,4302,6408,1341,5   643,611,27,4064,6372,1249,1   1565,665,29,1585,5779,1341,5   1065,333,29,2956,5954,1341,4   1500,324,11,3461,4395,509,3   1432,354,22,2391,3799,1018,4   853,713,19,1271,3409,879,1   302,509,13,5409,6419,601,2   1286,463,28,4706,6980,1295,3   981,764,6,3647,4239,278,3   211,508,22,5465,6987,1018,2   1151,357,4,2931,3211,185,4   780,320,5,2490,3106,231,3   1193,762,21,4239,6211,971,2   1067,379,8,4137,4671,370,2   282,420,18,854,2508,833,4   469,601,3,7489,7725,139,5   1506,342,19,5391,8071,879,1   1686,616,7,6854,7668,324,5   1629,594,7,857,1881,324,5   1703,469,9,1771,2565,416,2   1456,503,7,1145,1859,324,5   1129,307,8,4451,5093,370,1   1160,338,15,785,1825,694,2   361,615,15,6249,7651,694,1   1119,208,16,5059,6615,740,3   412,308,11,1028,2258,509,3   1528,661,5,1494,1860,231,5   1697,511,18,3226,4892,833,4   1184,516,3,7703,8033,139,3   1284,408,22,5728,8034,1018,1   1645,510,27,4350,7566,1249,5   1502,365,9,3171,3983,416,5   200,285,12,4232,5202,555,5   1168,618,5,7167,7635,231,3   1228,143,27,976,3432,1249,3   887,54,19,6352,8096,879,3   934,389,18,4668,6324,833,1   118,716,4,1693,2015,185,5   1557,122,26,3999,6673,1203,2   1865,539,5,5942,6456,231,5   0,500,7,1919,2491,324,4
!----------------------------------------------------------------
!Recharge stations: x,y
300,0   14,516   900,857   226,729   1523,387   1473,232   516,325   1556,602   321,460   1133,641   162,451   212,453   1307,759   289,677   766,685   600,305   832,269   336,217   247,557   405,277   1381,107   1851,680   1374,251   806,514   199,418   1579,586   1087,211   1822,438   391,715   501,262

g inverse recharge rate 0.74
