!----------------------------------------------------------------
!Stores: (first: depot x,y; then: satellites x,y,maxCap)
300,0   1913,443,1000   1219,926,1000   608,792,1000   1816,280,1000
!----------------------------------------------------------------
!Trucks: (total#, cap, cost/dist, fixcost)
2,181,1,128   2,250,1,150   2,331,1,172
!----------------------------------------------------------------
!CityFreighters: (max cf/sat, total#, cap, cost/dist, fixcost, maxCharge, energyConsumption)
3,3,90,1,68,722,1   4,4,125,1,80,1000,1   3,3,165,1,92,1322,1
!----------------------------------------------------------------
!Customers: (x, y, demand, readyTime, dueDate, serviceTime, penalizationCost)
623,450,10,5145,6127,415,4   281,390,29,4649,7705,1203,2   884,287,9,4586,5430,373,4   1629,573,29,1605,3783,1203,4   974,731,8,614,1240,332,3   529,469,12,4412,5804,498,5   1551,495,8,514,1112,332,5   1351,754,3,3619,3877,124,5   602,631,10,3548,4182,415,1   898,367,3,6542,6734,124,3   1699,559,21,958,2120,871,4   378,609,17,4674,6428,705,4   370,498,3,7398,7630,124,5   469,445,17,2973,4587,705,5   1184,511,12,429,1347,498,1   495,516,8,5052,5420,332,3   1495,720,6,4862,5278,249,4   530,438,28,4834,6710,1161,5   981,779,7,2520,3088,290,2   510,736,25,1689,4265,1037,4   361,612,10,2549,3197,415,2   1250,678,25,3759,5583,1037,2   756,555,10,5362,5842,415,1   800,283,3,5452,5726,124,4   490,577,16,3085,4241,664,4   461,372,20,4596,6252,830,3   654,765,15,6213,7509,622,3   1709,537,25,1208,3512,1037,4   440,471,27,3882,6748,1120,5   571,333,21,1661,3309,871,1   1234,454,25,3949,6635,1037,3   1631,401,20,6233,7937,830,4   598,321,13,2306,3414,539,5   1653,656,20,4441,6787,830,4   913,741,8,4534,5234,332,4   1356,482,28,5286,7214,1161,3   1699,452,29,4492,6304,1203,1   484,331,9,1780,2408,373,4   1148,231,7,1267,1757,290,4   1454,444,24,220,1840,996,2   1784,634,11,4643,5615,456,1   1304,192,12,431,1013,498,2   1100,315,12,2460,3314,498,3   1382,546,17,3059,4979,705,4   1638,743,29,3851,6405,1203,2   633,80,29,5606,7152,1203,2   1600,703,24,1157,3205,996,4   1675,196,3,4402,4668,124,1   1892,642,20,4743,5993,830,4   1161,242,23,2338,4486,954,3
!----------------------------------------------------------------
!Recharge stations: x,y
300,0   1913,443   1219,926   608,792   1816,280   1120,355   857,292   1951,593

g inverse recharge rate 0.73
