!----------------------------------------------------------------
!Stores: (first: depot x,y; then: satellites x,y,maxCap)
300,0   1913,443,1000   1219,926,1000   608,792,1000   1816,280,1000
!----------------------------------------------------------------
!Trucks: (total#, cap, cost/dist, fixcost)
2,181,1,128   2,250,1,150   2,331,1,172
!----------------------------------------------------------------
!CityFreighters: (max cf/sat, total#, cap, cost/dist, fixcost, maxCharge, energyConsumption)
3,3,90,1,68,722,1   4,4,125,1,80,1000,1   3,3,165,1,92,1322,1
!----------------------------------------------------------------
!Customers: (x, y, demand, readyTime, dueDate, serviceTime, penalizationCost)
623,450,10,1379,2229,415,1   281,390,29,721,3069,1203,4   884,287,9,787,1663,373,4   1629,573,29,0,2289,1203,5   974,731,8,7107,7715,332,5   529,469,12,1656,2460,498,1   1551,495,8,3612,4312,332,2   1351,754,3,3538,3764,124,4   602,631,10,6998,7902,415,5   898,367,3,4584,4802,124,4   1699,559,21,2622,4054,871,5   378,609,17,4303,5973,705,3   370,498,3,2905,3083,124,1   469,445,17,1076,2298,705,3   1184,511,12,2487,3399,498,1   495,516,8,2522,3298,332,5   1495,720,6,399,821,249,2   530,438,28,3756,5184,1161,2   981,779,7,6147,6677,290,4   510,736,25,4335,6533,1037,1   361,612,10,3692,4458,415,4   1250,678,25,2473,5271,1037,1   756,555,10,701,1395,415,3   800,283,3,3324,3630,124,3   490,577,16,977,1925,664,4   461,372,20,4801,6601,830,3   654,765,15,5664,7010,622,5   1709,537,25,4505,6643,1037,1   440,471,27,1465,3741,1120,5   571,333,21,741,2015,871,3   1234,454,25,5134,7088,1037,2   1631,401,20,4730,5910,830,5   598,321,13,1208,2146,539,2   1653,656,20,5508,7066,830,3   913,741,8,5855,6691,332,1   1356,482,28,4232,5934,1161,4   1699,452,29,1231,4053,1203,5   484,331,9,6501,7129,373,1   1148,231,7,5755,6355,290,2   1454,444,24,3137,5369,996,5   1784,634,11,4843,5937,456,3   1304,192,12,4245,5131,498,2   1100,315,12,3746,4756,498,4   1382,546,17,5859,6981,705,5   1638,743,29,1419,3363,1203,1   633,80,29,3566,5646,1203,4   1600,703,24,2567,4945,996,2   1675,196,3,2964,3182,124,4   1892,642,20,3207,4607,830,1   1161,242,23,3493,5021,954,5
!----------------------------------------------------------------
!Recharge stations: x,y
300,0   1913,443   1219,926   608,792   1816,280   1120,355   857,292   1951,593   934,802   1543,499   446,556   1631,279   618,418   876,562   1684,653   179,492   1561,414   220,579   881,173   364,870   1589,151   1300,690   1699,338   1107,831   125,616

g inverse recharge rate 0.73
