!----------------------------------------------------------------
!Stores: (first: depot x,y; then: satellites x,y,maxCap)
300,0   732,403,1000   1811,773,1000   1333,923,1000   292,524,1000
!----------------------------------------------------------------
!Trucks: (total#, cap, cost/dist, fixcost)
2,181,1,128   2,250,1,150   2,331,1,172
!----------------------------------------------------------------
!CityFreighters: (max cf/sat, total#, cap, cost/dist, fixcost, maxCharge, energyConsumption)
3,3,90,1,68,722,1   4,4,125,1,80,1000,1   3,3,165,1,92,1322,1
!----------------------------------------------------------------
!Customers: (x, y, demand, readyTime, dueDate, serviceTime, penalizationCost)
272,537,9,4191,4863,351,2   717,464,19,289,1629,741,2   753,610,16,1970,3214,624,4   1518,502,16,3488,4786,624,1   1131,684,12,5864,6656,468,5   276,491,14,4915,5733,546,1   1242,541,20,926,1516,780,5   1422,645,20,4460,6194,780,1   1749,415,25,617,2671,974,4   841,499,16,4823,5679,624,4   557,543,10,6332,7006,390,5   522,388,24,3987,6333,936,5   1258,718,12,4592,5592,468,2   1072,451,15,724,1878,585,3   1490,350,18,2146,3890,702,3   1141,314,12,2389,3503,468,2   484,494,10,2216,3056,390,4   428,624,18,3500,4926,702,1   342,653,23,2851,4401,897,2   578,526,22,539,1957,858,2   1372,269,7,2745,3263,273,3   830,523,4,6006,6408,156,5   482,297,5,853,1261,195,1   1602,373,29,335,3271,1130,2   1486,588,10,6518,7264,390,1   649,414,25,2241,3571,974,1   1025,382,17,3272,3982,663,4   1065,439,14,4869,6173,546,2   660,685,6,1104,1636,234,3   656,350,16,2358,3372,624,2   989,787,23,3455,5019,897,2   905,667,8,520,1350,312,3   1641,625,25,4305,5253,974,4   438,562,7,3693,4199,273,2   769,310,22,2637,4263,858,5   1748,516,26,1780,3982,1013,5   487,628,16,174,1822,624,3   572,723,10,556,1562,390,1   216,479,6,660,1170,234,1   798,595,22,1307,3653,858,4   1297,866,28,465,2935,1091,1   1021,106,11,986,1782,429,5   1523,174,3,872,1090,117,2   31,431,20,5255,7187,780,3   1776,656,3,4921,5175,117,5   1660,243,24,3959,5735,936,3   1965,617,14,4741,5693,546,5   284,442,8,1455,2173,312,1   312,522,25,5362,6884,974,5   467,589,20,1172,2864,780,5
!----------------------------------------------------------------
!Recharge stations: x,y
300,0   732,403   1811,773   1333,923   292,524   532,607   1579,633   1365,729

g inverse recharge rate 0.67
