!----------------------------------------------------------------
!Stores: (first: depot x,y; then: satellites x,y,maxCap)
300,0   341,811,1000   468,469,1000   1903,681,1000   1739,317,1000
!----------------------------------------------------------------
!Trucks: (total#, cap, cost/dist, fixcost)
2,181,1,128   2,250,1,150   2,331,1,172
!----------------------------------------------------------------
!CityFreighters: (max cf/sat, total#, cap, cost/dist, fixcost, maxCharge, energyConsumption)
3,3,90,1,68,722,1   4,4,125,1,80,1000,1   3,3,165,1,92,1322,1
!----------------------------------------------------------------
!Customers: (x, y, demand, readyTime, dueDate, serviceTime, penalizationCost)
1457,621,29,3459,6259,1354,3   1369,514,15,3962,5348,701,3   450,294,18,131,1657,841,5   1201,625,4,5749,6107,187,5   303,393,10,1363,2147,467,1   626,373,9,3280,4228,420,5   986,751,21,4292,6288,981,1   1687,572,6,5501,6053,280,3   807,535,17,3050,4478,794,1   957,602,7,3416,4060,327,4   1341,466,14,1233,2249,654,3   868,335,19,5739,8231,887,5   1477,427,3,3709,4123,140,3   1710,513,7,4933,5645,327,4   297,516,18,5004,7058,841,4   1566,595,15,109,1533,701,3   982,373,19,5827,7917,887,1   602,560,12,2051,3237,560,3   1018,575,17,4078,5692,794,1   681,511,19,4733,6881,887,1   390,389,12,4897,6133,560,1   1717,407,3,5598,5822,140,1   812,728,4,4708,5094,187,4   1482,411,11,941,2037,514,1   1121,230,9,1285,2091,420,1   724,609,5,5707,6161,234,3   732,543,7,2990,3504,327,1   1701,427,5,7312,7614,234,1   1429,411,26,4631,7167,1214,5   1580,334,6,2913,3359,280,1   1542,363,4,3875,4201,187,5   446,356,26,3891,5737,1214,3   1325,511,28,2162,4750,1308,3   1040,543,14,3301,4483,654,2   839,762,10,2287,3453,467,4   826,427,25,2038,3872,1168,2   1622,535,18,6614,8008,841,3   1205,493,22,5686,7634,1027,2   1756,487,13,5145,6691,607,1   1757,458,13,776,1960,607,1   1205,634,26,4095,6513,1214,1   968,82,17,2627,3683,794,1   552,907,29,555,2391,1354,4   933,725,11,744,1400,514,3   1702,535,16,965,2445,747,2   1374,356,9,4171,5027,420,1   1225,149,10,6527,7375,467,2   1029,837,20,5350,7836,934,2   894,84,23,1335,4345,1074,1   210,630,15,3163,4933,701,2
!----------------------------------------------------------------
!Recharge stations: x,y
300,0   341,811   468,469   1903,681   1739,317   848,592   1099,507

g inverse recharge rate 0.73
