!----------------------------------------------------------------
!Stores: (first: depot x,y; then: satellites x,y,maxCap)
300,0   14,516,1000   900,857,1000   226,729,1000   1523,387,1000
!----------------------------------------------------------------
!Trucks: (total#, cap, cost/dist, fixcost)
2,181,1,128   2,250,1,150   2,331,1,172
!----------------------------------------------------------------
!CityFreighters: (max cf/sat, total#, cap, cost/dist, fixcost, maxCharge, energyConsumption)
3,3,90,1,68,722,1   4,4,125,1,80,1000,1   3,3,165,1,92,1322,1
!----------------------------------------------------------------
!Customers: (x, y, demand, readyTime, dueDate, serviceTime, penalizationCost)
1319,462,5,969,1417,231,1   1081,616,7,6803,7577,324,4   450,560,7,4280,4866,324,4   744,686,25,1353,2927,1156,1   227,439,18,1759,3509,833,1   1544,529,20,5431,7311,925,2   1075,473,18,3700,4904,833,5   1297,233,19,3466,5528,879,4   904,687,29,2115,4453,1341,5   643,611,27,2838,4718,1249,3   1565,665,29,2348,5754,1341,3   1065,333,29,2788,5840,1341,4   1500,324,11,3278,4340,509,3   1432,354,22,4886,7384,1018,2   853,713,19,5527,7267,879,3   302,509,13,6762,7886,601,3   1286,463,28,4219,6557,1295,4   981,764,6,6116,6688,278,5   211,508,22,2892,4998,1018,5   1151,357,4,6491,6873,185,4   780,320,5,4824,5384,231,1   1193,762,21,3196,4640,971,2   1067,379,8,5371,6019,370,5   282,420,18,1759,3413,833,4   469,601,3,2999,3369,139,3   1506,342,19,4082,6118,879,4   1686,616,7,2533,3343,324,1   1629,594,7,1506,2190,324,4   1703,469,9,6974,7910,416,2   1456,503,7,4837,5719,324,3   1129,307,8,2163,2781,370,3   1160,338,15,2449,4389,694,3   361,615,15,3721,4813,694,2   1119,208,16,1720,2876,740,3   412,308,11,983,1705,509,1   1528,661,5,1774,2116,231,2   1697,511,18,5737,7527,833,4   1184,516,3,3386,3766,139,3   1284,408,22,5147,6485,1018,2   1645,510,27,364,2204,1249,3   1502,365,9,6583,7457,416,3   200,285,12,5183,6087,555,4   1168,618,5,7215,7769,231,1   1228,143,27,1180,3712,1249,3   887,54,19,4424,6656,879,1   934,389,18,6015,7231,833,5   118,716,4,6525,6945,185,3   1557,122,26,850,2634,1203,4   1865,539,5,6243,6551,231,3   0,500,7,4406,5054,324,3
!----------------------------------------------------------------
!Recharge stations: x,y
300,0   14,516   900,857   226,729   1523,387   1473,232   516,325

g inverse recharge rate 0.74
