!----------------------------------------------------------------
!Stores: (first: depot x,y; then: satellites x,y,maxCap)
300,0   341,811,1000   468,469,1000   1903,681,1000   1739,317,1000
!----------------------------------------------------------------
!Trucks: (total#, cap, cost/dist, fixcost)
2,181,1,128   2,250,1,150   2,331,1,172
!----------------------------------------------------------------
!CityFreighters: (max cf/sat, total#, cap, cost/dist, fixcost, maxCharge, energyConsumption)
3,3,90,1,68,722,1   4,4,125,1,80,1000,1   3,3,165,1,92,1322,1
!----------------------------------------------------------------
!Customers: (x, y, demand, readyTime, dueDate, serviceTime, penalizationCost)
1457,621,29,2206,4724,1354,5   1369,514,15,1812,3242,701,4   450,294,18,3854,5264,841,5   1201,625,4,1236,1586,187,2   303,393,10,5231,5945,467,3   626,373,9,4756,5648,420,4   986,751,21,581,2245,981,5   1687,572,6,4115,4629,280,4   807,535,17,2300,4090,794,2   957,602,7,5020,5642,327,5   1341,466,14,988,2508,654,2   868,335,19,2915,4503,887,2   1477,427,3,1757,2025,140,4   1710,513,7,5325,6119,327,4   297,516,18,6355,7977,841,3   1566,595,15,179,1867,701,1   982,373,19,2830,4658,887,4   602,560,12,2239,3597,560,2   1018,575,17,2492,3456,794,3   681,511,19,234,1580,887,4   390,389,12,5167,6535,560,5   1717,407,3,2698,2948,140,1   812,728,4,2021,2469,187,2   1482,411,11,1571,2599,514,1   1121,230,9,7160,7992,420,4   724,609,5,5854,6394,234,1   732,543,7,4050,4704,327,1   1701,427,5,5788,6374,234,5   1429,411,26,4009,6263,1214,3   1580,334,6,4762,5492,280,5   1542,363,4,6906,7284,187,2   446,356,26,3453,4977,1214,3   1325,511,28,2475,5497,1308,1   1040,543,14,3241,4695,654,4   839,762,10,5101,6037,467,2   826,427,25,313,2471,1168,2   1622,535,18,3568,5432,841,1   1205,493,22,812,3216,1027,2   1756,487,13,852,2026,607,3   1757,458,13,364,1838,607,2   1205,634,26,2123,4643,1214,4   968,82,17,1342,2488,794,1   552,907,29,2640,5494,1354,3   933,725,11,6962,8142,514,2   1702,535,16,3900,5148,747,4   1374,356,9,984,1846,420,1   1225,149,10,7042,8186,467,3   1029,837,20,885,3039,934,4   894,84,23,1464,3800,1074,5   210,630,15,2963,3921,701,3
!----------------------------------------------------------------
!Recharge stations: x,y
300,0   341,811   468,469   1903,681   1739,317   848,592   1099,507   911,413   213,615   548,783

g inverse recharge rate 0.73
