!----------------------------------------------------------------
!Stores: (first: depot x,y; then: satellites x,y,maxCap)
300,0   1056,693,1000   103,661,1000   114,485,1000   1304,808,1000
!----------------------------------------------------------------
!Trucks: (total#, cap, cost/dist, fixcost)
2,181,1,128   2,250,1,150   2,331,1,172
!----------------------------------------------------------------
!CityFreighters: (max cf/sat, total#, cap, cost/dist, fixcost, maxCharge, energyConsumption)
3,3,90,1,68,722,1   4,4,125,1,80,1000,1   3,3,165,1,92,1322,1
!----------------------------------------------------------------
!Customers: (x, y, demand, readyTime, dueDate, serviceTime, penalizationCost)
1163,500,29,2462,4544,1042,4   1367,493,17,1918,2842,611,1   1485,607,26,4121,6221,934,1   1714,389,16,4045,4863,575,3   1141,670,10,1687,2323,359,2   342,564,29,2462,4802,1042,4   881,394,10,4875,5733,359,4   363,652,13,3047,4199,467,5   1144,739,20,1012,2396,719,1   262,395,5,1902,2212,180,3   1289,387,5,586,1098,180,4   1060,256,28,2136,5272,1006,5   1137,712,4,6686,7028,144,4   877,554,6,2076,2620,216,2   387,602,17,2930,4494,611,4   499,280,28,3042,4844,1006,3   735,489,9,768,1460,323,2   1138,223,5,2191,2445,180,5   1773,517,24,2463,4391,862,5   463,646,22,15,1593,791,4   225,513,28,4451,6255,1006,5   987,328,14,4768,5842,503,1   1718,618,10,4287,5157,359,5   527,297,15,2311,3567,539,2   1653,580,26,4628,6950,934,2   847,769,3,4576,4822,108,1   429,548,20,613,2429,719,3   745,448,19,2570,4216,683,4   1593,500,3,5909,6131,108,3   469,718,18,2927,3955,647,2   1343,759,21,4123,5709,755,3   1460,507,4,6022,6252,144,5   1261,735,24,5,1497,862,4   722,686,29,4512,7066,1042,5   1404,478,14,1059,2333,503,4   677,632,22,2495,4275,791,1   1007,383,4,6716,6954,144,3   461,675,26,395,2685,934,1   1362,527,13,1237,2007,467,4   980,486,3,1473,1689,108,5   644,679,20,3432,4738,719,3   406,154,21,3991,5501,755,1   1111,292,15,1843,3293,539,4   367,807,6,1560,2036,216,5   285,608,27,716,2176,970,2   849,557,29,2199,3587,1042,5   394,411,29,3883,5485,1042,3   637,836,17,324,1560,611,4   462,155,6,3230,3630,216,1   334,751,11,6029,6561,395,1
!----------------------------------------------------------------
!Recharge stations: x,y
300,0   1056,693   103,661   114,485   1304,808   1615,737   1344,598   1012,905

g inverse recharge rate 0.65
