!----------------------------------------------------------------
!Stores: (first: depot x,y; then: satellites x,y,maxCap)
300,0   1982,476,1000   985,805,1000   1474,624,1000   1117,188,1000
!----------------------------------------------------------------
!Trucks: (total#, cap, cost/dist, fixcost)
2,181,1,128   2,250,1,150   2,331,1,172
!----------------------------------------------------------------
!CityFreighters: (max cf/sat, total#, cap, cost/dist, fixcost, maxCharge, energyConsumption)
3,3,90,1,68,722,1   4,4,125,1,80,1000,1   3,3,165,1,92,1322,1
!----------------------------------------------------------------
!Customers: (x, y, demand, readyTime, dueDate, serviceTime, penalizationCost)
615,600,27,4308,6340,1042,2   1511,329,23,3702,5674,888,5   1782,526,8,1641,2077,309,2   509,649,9,4996,5692,347,4   450,391,4,5975,6289,154,5   1103,297,6,2129,2463,232,3   1090,759,8,3028,3718,309,3   1777,471,16,4765,5869,617,5   503,585,9,4429,5079,347,4   991,253,27,2338,4014,1042,2   236,534,13,2147,2909,502,4   1027,793,24,0,1986,926,2   1206,221,6,1903,2427,232,1   1774,556,7,2344,2622,270,2   500,471,22,3818,5206,849,4   220,533,17,3707,4665,656,5   270,402,22,2084,3870,849,1   370,540,17,2574,3538,656,1   248,532,7,5598,6280,270,5   1473,452,19,598,1914,733,2   1005,700,6,1122,1336,232,2   1218,251,4,6332,6546,154,5   1461,480,29,4611,6533,1119,1   729,658,4,1617,2045,154,1   1377,537,25,5305,7319,965,3   1747,396,8,710,1676,309,4   524,662,7,5740,6352,270,2   490,273,19,3693,5091,733,4   217,544,6,3694,4184,232,4   445,318,24,1509,3119,926,2   1401,748,23,3387,5445,888,2   858,647,16,1745,2441,617,2   1700,356,25,30,2526,965,4   1207,342,12,3238,3794,463,2   924,339,5,4907,5345,193,3   1074,619,25,1360,3620,965,4   1391,295,26,2573,4289,1003,3   789,284,18,3732,5134,695,5   884,539,16,1855,3005,617,5   277,552,23,2005,3811,888,3   1234,712,29,1146,3902,1119,4   1048,910,5,1588,2128,193,4   1718,576,27,2623,4791,1042,1   629,161,16,1805,2579,617,3   363,216,5,1029,1375,193,2   1205,170,29,0,2775,1119,1   993,642,8,5092,5634,309,1   1381,476,7,6335,6925,270,2   1648,835,20,2257,3161,772,4   1243,138,19,5035,6659,733,4
!----------------------------------------------------------------
!Recharge stations: x,y
300,0   1982,476   985,805   1474,624   1117,188   470,426   1269,663   687,469   521,365   1752,431   808,433   718,386   674,489   539,450   698,349   1401,422   1427,512   467,422   1207,579   91,480

g inverse recharge rate 0.66
