!----------------------------------------------------------------
!Stores: (first: depot x,y; then: satellites x,y,maxCap)
300,0   1982,476,1000   985,805,1000   1474,624,1000   1117,188,1000
!----------------------------------------------------------------
!Trucks: (total#, cap, cost/dist, fixcost)
2,181,1,128   2,250,1,150   2,331,1,172
!----------------------------------------------------------------
!CityFreighters: (max cf/sat, total#, cap, cost/dist, fixcost, maxCharge, energyConsumption)
3,3,90,1,68,722,1   4,4,125,1,80,1000,1   3,3,165,1,92,1322,1
!----------------------------------------------------------------
!Customers: (x, y, demand, readyTime, dueDate, serviceTime, penalizationCost)
615,600,27,2516,4796,1042,5   1511,329,23,2052,4084,888,4   1782,526,8,6084,6470,309,3   509,649,9,3864,4574,347,2   450,391,4,2871,3219,154,3   1103,297,6,2508,3088,232,3   1090,759,8,6724,7402,309,5   1777,471,16,5609,6841,617,2   503,585,9,5360,6236,347,2   991,253,27,3514,5276,1042,3   236,534,13,4078,5350,502,2   1027,793,24,829,2947,926,4   1206,221,6,6463,6955,232,4   1774,556,7,6090,6800,270,1   500,471,22,1489,2589,849,2   220,533,17,3808,4952,656,2   270,402,22,4469,6051,849,5   370,540,17,1402,2688,656,5   248,532,7,4010,4416,270,3   1473,452,19,6049,7137,733,1   1005,700,6,5103,5577,232,3   1218,251,4,1406,1696,154,5   1461,480,29,0,1610,1119,1   729,658,4,5774,6086,154,3   1377,537,25,3355,5263,965,1   1747,396,8,2226,2768,309,1   524,662,7,2920,3684,270,1   490,273,19,1475,3091,733,5   217,544,6,5840,6236,232,3   445,318,24,3004,4980,926,4   1401,748,23,1198,3144,888,3   858,647,16,6161,7185,617,5   1700,356,25,1041,3093,965,1   1207,342,12,5204,6260,463,3   924,339,5,1720,2164,193,5   1074,619,25,1374,3356,965,1   1391,295,26,4442,7366,1003,5   789,284,18,5812,7002,695,2   884,539,16,3155,4257,617,1   277,552,23,3128,4940,888,2   1234,712,29,1195,3595,1119,3   1048,910,5,3856,4212,193,3   1718,576,27,5083,7723,1042,1   629,161,16,3171,4171,617,3   363,216,5,1675,2129,193,4   1205,170,29,3900,6126,1119,4   993,642,8,5747,6443,309,5   1381,476,7,3080,3770,270,1   1648,835,20,1934,3376,772,1   1243,138,19,5274,6646,733,4
!----------------------------------------------------------------
!Recharge stations: x,y
300,0   1982,476   985,805   1474,624   1117,188   470,426   1269,663   687,469   521,365   1752,431   808,433   718,386   674,489   539,450   698,349

g inverse recharge rate 0.66
