!----------------------------------------------------------------
!Stores: (first: depot x,y; then: satellites x,y,maxCap)
300,0   1002,917,1000   103,601,1000   426,696,1000   614,98,1000
!----------------------------------------------------------------
!Trucks: (total#, cap, cost/dist, fixcost)
6,250,1,150
!----------------------------------------------------------------
!CityFreighters: (max cf/sat, total#, cap, cost/dist, fixcost, maxCharge, energyConsumption)
10,10,125,1,80,1000,1
!----------------------------------------------------------------
!Customers: (x, y, demand, readyTime, dueDate, serviceTime, penalizationCost)
1347,608,18,4029,5865,772,1   411,612,7,8012,8548,300,4   852,558,4,2200,2668,172,3   953,749,6,6159,6677,257,3   1328,600,27,361,2833,1159,3   1203,628,12,6118,7362,515,5   1401,354,21,6385,7989,901,3   1587,324,13,3215,3745,558,5   1522,633,5,2782,3140,215,5   1253,424,10,4074,4860,429,2   1024,672,8,1069,1847,343,1   1337,743,13,6650,7584,558,5   940,357,5,7676,8116,215,1   1311,642,16,6428,7296,687,1   1695,558,28,877,3075,1202,1   585,586,19,5941,6805,815,4   1061,582,14,2847,4103,601,3   940,546,5,7296,7730,215,1   1386,509,26,5397,7175,1116,3   510,434,26,324,1546,1116,1   1343,701,4,3348,3762,172,2   1721,609,23,1002,2936,987,1   1493,580,10,4623,5355,429,4   918,642,29,2028,4144,1244,2   320,576,23,5773,7775,987,2   851,720,19,6543,8055,815,4   437,347,18,5765,6913,772,3   1773,549,8,6497,7203,343,5   587,656,18,1976,4072,772,1   1318,469,25,388,1906,1073,4   1086,232,6,3171,3607,257,2   959,214,19,989,2423,815,1   359,442,5,6887,7317,215,3   702,558,21,4985,6929,901,3   1732,412,22,3696,5558,944,5   809,732,25,6201,8697,1073,2   1590,695,8,6343,7025,343,1   649,476,11,5666,6356,472,5   1725,509,24,3874,6262,1030,3   552,397,18,4735,5939,772,5   1414,63,24,5313,7257,1030,5   1994,533,3,7202,7454,129,4   453,407,9,1515,2171,386,4   1327,714,27,550,2174,1159,1   1354,537,18,826,2490,772,3   1919,563,3,3202,3514,129,4   416,212,17,4922,6146,729,4   1372,201,23,5144,7428,987,5   1665,798,28,0,2771,1202,3   1051,387,24,2067,4399,1030,5
!----------------------------------------------------------------
!Recharge stations: x,y
300,0   1002,917   103,601   426,696   614,98   1498,536   1333,640   1301,579   1751,599   1842,499

g inverse recharge rate 0.76
