!----------------------------------------------------------------
!Stores: (first: depot x,y; then: satellites x,y,maxCap)
300,0   674,747,1000   1212,82,1000   1820,396,1000   146,610,1000
!----------------------------------------------------------------
!Trucks: (total#, cap, cost/dist, fixcost)
6,250,1,150
!----------------------------------------------------------------
!CityFreighters: (max cf/sat, total#, cap, cost/dist, fixcost, maxCharge, energyConsumption)
10,10,125,1,80,1000,1
!----------------------------------------------------------------
!Customers: (x, y, demand, readyTime, dueDate, serviceTime, penalizationCost)
780,646,22,1026,2070,802,1   711,230,24,5048,6646,874,2   573,491,16,5333,6091,583,1   466,713,9,1626,2320,328,3   580,515,15,767,1621,547,2   785,684,29,4832,7246,1057,3   1798,482,16,5922,7276,583,4   1254,401,11,3047,3943,401,3   1267,503,24,2902,4656,874,1   1692,387,19,770,2772,692,5   1346,517,24,1001,2619,874,1   1640,434,7,2856,3504,255,5   952,712,29,4007,6385,1057,1   300,610,19,6190,7462,692,5   735,309,5,6080,6422,182,5   1201,417,19,6420,7454,692,1   912,561,22,984,2306,802,5   682,725,16,3719,4953,583,5   556,373,21,478,2394,765,5   437,502,15,4353,5391,547,2   1244,258,8,6023,6745,291,1   346,373,24,3209,4881,874,4   1686,512,24,1427,2979,874,4   1612,372,12,2207,2949,437,1   1369,252,28,2733,4565,1020,4   869,647,3,3143,3375,109,3   1517,668,12,6520,7666,437,4   875,666,6,6137,6471,219,1   421,332,19,5458,6720,692,1   1487,492,10,4889,5575,364,2   734,421,8,4228,4748,291,4   555,624,25,4933,6633,911,3   1791,481,20,3977,5149,729,5   1089,427,3,3861,4021,109,4   1529,435,24,4925,6443,874,5   320,416,21,3607,5207,765,3   1670,625,8,4544,5152,291,4   512,609,22,2820,4266,802,3   1644,378,28,5475,7405,1020,3   1538,497,23,2022,4330,838,5   1697,615,20,2997,4781,729,4   106,330,22,5687,7863,802,2   1565,227,18,1675,3039,656,2   607,835,17,473,1459,619,3   1837,538,13,814,1922,474,1   1511,654,22,4739,6311,802,5   988,57,7,1856,2186,255,4   1437,655,29,4797,6917,1057,5   833,230,18,5629,6963,656,5   741,20,25,4617,6293,911,5
!----------------------------------------------------------------
!Recharge stations: x,y
300,0   674,747   1212,82   1820,396   146,610   594,208   900,186   1024,417   1145,426   1792,477   576,776   239,630   1713,323   1471,501   1667,668   355,687   236,202   588,459   1324,526   153,521   239,502   1273,594   965,466   350,401   1270,734   1344,753   1297,883   808,615   1762,287   1049,510   897,814   1351,431   1505,599   1515,237   1661,328

g inverse recharge rate 0.71
