!----------------------------------------------------------------
!Stores: (first: depot x,y; then: satellites x,y,maxCap)
300,0   1659,775,1000   808,901,1000   1591,509,1000   392,464,1000
!----------------------------------------------------------------
!Trucks: (total#, cap, cost/dist, fixcost)
6,250,1,150
!----------------------------------------------------------------
!CityFreighters: (max cf/sat, total#, cap, cost/dist, fixcost, maxCharge, energyConsumption)
10,10,125,1,80,1000,1
!----------------------------------------------------------------
!Customers: (x, y, demand, readyTime, dueDate, serviceTime, penalizationCost)
792,282,11,982,1704,383,4   1380,598,3,4715,5039,104,1   618,441,29,2348,4556,1009,4   1553,584,13,1071,1937,452,5   998,533,4,1346,1588,139,5   1244,774,6,3086,3542,209,2   884,770,19,3060,4686,661,4   1080,404,6,1971,2369,209,3   481,409,16,4982,6750,557,5   664,358,29,2541,4725,1009,5   1498,576,26,4122,5558,905,1   1652,651,22,3611,5433,765,5   622,687,23,2427,4173,800,3   900,495,19,769,2209,661,2   719,221,10,4298,5068,348,5   579,264,11,1924,2652,383,5   1361,307,10,2767,3441,348,1   365,366,21,4564,6092,731,4   1258,562,20,5569,7113,696,1   1600,540,13,3355,4303,452,2   560,562,15,3400,4478,522,4   382,682,14,5133,6403,487,4   1757,481,28,1495,3885,974,5   1129,555,13,2024,3272,452,4   1358,384,14,2809,3737,487,1   1222,388,22,3464,5168,765,5   447,529,25,5096,7026,870,3   986,327,10,3193,3919,348,3   1488,332,16,253,1181,557,4   303,614,7,1363,1805,244,4   322,547,6,4872,5242,209,4   1167,396,19,2883,3883,661,2   1210,425,22,4295,6039,765,3   1031,395,23,4291,5619,800,1   829,439,14,4001,5049,487,4   1062,223,29,1618,3408,1009,4   1714,373,20,636,2046,696,2   1083,289,6,2195,2599,209,2   675,307,9,5420,6126,313,1   985,532,12,4968,6074,418,1   1507,186,27,1961,3731,939,2   1645,498,21,614,2102,731,4   560,830,29,3134,5188,1009,1   46,552,28,823,2449,974,2   98,507,12,2266,2936,418,3   1372,399,23,5323,6837,800,1   202,283,18,711,2247,626,3   1186,634,22,125,1817,765,1   764,580,6,3473,3937,209,1   1628,760,25,3330,5240,870,3
!----------------------------------------------------------------
!Recharge stations: x,y
300,0   1659,775   808,901   1591,509   392,464   1757,423   1107,6   1049,303

g inverse recharge rate 0.65
