!----------------------------------------------------------------
!Stores: (first: depot x,y; then: satellites x,y,maxCap)
300,0   14,516,1000   900,857,1000   226,729,1000   1523,387,1000
!----------------------------------------------------------------
!Trucks: (total#, cap, cost/dist, fixcost)
6,250,1,150
!----------------------------------------------------------------
!CityFreighters: (max cf/sat, total#, cap, cost/dist, fixcost, maxCharge, energyConsumption)
10,10,125,1,80,1000,1
!----------------------------------------------------------------
!Customers: (x, y, demand, readyTime, dueDate, serviceTime, penalizationCost)
1319,462,5,6023,6335,231,3   1081,616,7,2245,2773,324,3   450,560,7,3172,3846,324,5   744,686,25,6041,8491,1156,3   227,439,18,6273,7895,833,2   1544,529,20,3525,5845,925,4   1075,473,18,5847,7513,833,5   1297,233,19,588,2630,879,3   904,687,29,3206,5928,1341,3   643,611,27,2499,5201,1249,3   1565,665,29,4260,6498,1341,3   1065,333,29,592,3322,1341,5   1500,324,11,5238,6016,509,1   1432,354,22,3886,6060,1018,2   853,713,19,4897,6575,879,5   302,509,13,4286,5418,601,5   1286,463,28,4673,6989,1295,2   981,764,6,4552,4862,278,5   211,508,22,1002,2550,1018,2   1151,357,4,1611,2119,185,5   780,320,5,5437,5743,231,1   1193,762,21,1362,3798,971,4   1067,379,8,3003,3757,370,5   282,420,18,1554,3892,833,3   469,601,3,6116,6400,139,5   1506,342,19,6017,7469,879,4   1686,616,7,1924,2622,324,2   1629,594,7,2980,3708,324,5   1703,469,9,860,1666,416,3   1456,503,7,2761,3501,324,4   1129,307,8,1239,1921,370,3   1160,338,15,3660,5174,694,1   361,615,15,3339,4553,694,5   1119,208,16,4502,6424,740,3   412,308,11,2491,3697,509,2   1528,661,5,4796,5096,231,2   1697,511,18,439,2265,833,1   1184,516,3,6221,6463,139,5   1284,408,22,255,1701,1018,5   1645,510,27,2262,4432,1249,3   1502,365,9,6266,7356,416,2   200,285,12,5211,5997,555,3   1168,618,5,2855,3171,231,1   1228,143,27,4349,6031,1249,1   887,54,19,5750,7852,879,3   934,389,18,3079,4715,833,2   118,716,4,2137,2561,185,2   1557,122,26,627,3413,1203,4   1865,539,5,2317,2853,231,4   0,500,7,2766,3264,324,1
!----------------------------------------------------------------
!Recharge stations: x,y
300,0   14,516   900,857   226,729   1523,387   1473,232   516,325   1556,602   321,460   1133,641

g inverse recharge rate 0.75
