!----------------------------------------------------------------
!Stores: (first: depot x,y; then: satellites x,y,maxCap)
300,0   1659,775,1000   808,901,1000   1591,509,1000   392,464,1000
!----------------------------------------------------------------
!Trucks: (total#, cap, cost/dist, fixcost)
6,250,1,150
!----------------------------------------------------------------
!CityFreighters: (max cf/sat, total#, cap, cost/dist, fixcost, maxCharge, energyConsumption)
10,10,125,1,80,1000,1
!----------------------------------------------------------------
!Customers: (x, y, demand, readyTime, dueDate, serviceTime, penalizationCost)
792,282,11,3576,4522,383,1   1380,598,3,2675,2833,104,3   618,441,29,5032,6872,1009,1   1553,584,13,1065,2043,452,5   998,533,4,1621,1937,139,3   1244,774,6,5590,5928,209,2   884,770,19,3860,4912,661,3   1080,404,6,1226,1724,209,4   481,409,16,5603,7043,557,4   664,358,29,5248,6866,1009,2   1498,576,26,2764,4528,905,5   1652,651,22,0,1407,765,3   622,687,23,2362,3736,800,2   900,495,19,3973,5523,661,4   719,221,10,391,1297,348,4   579,264,11,5539,6345,383,3   1361,307,10,815,1637,348,2   365,366,21,1609,2829,731,1   1258,562,20,2849,4683,696,5   1600,540,13,4918,5608,452,4   560,562,15,4001,4917,522,3   382,682,14,4478,5776,487,4   1757,481,28,1640,4044,974,5   1129,555,13,1783,2837,452,4   1358,384,14,2675,3561,487,3   1222,388,22,2607,3611,765,4   447,529,25,3773,5025,870,2   986,327,10,2021,2747,348,3   1488,332,16,4876,6038,557,3   303,614,7,4420,4728,244,1   322,547,6,2131,2725,209,4   1167,396,19,5078,6698,661,3   1210,425,22,4464,6124,765,4   1031,395,23,3263,4901,800,4   829,439,14,2460,3598,487,3   1062,223,29,2587,5355,1009,4   1714,373,20,3232,4526,696,4   1083,289,6,1081,1537,209,2   675,307,9,2179,2877,313,3   985,532,12,5399,6485,418,1   1507,186,27,419,2141,939,2   1645,498,21,137,1891,731,1   560,830,29,991,1877,1009,3   46,552,28,3629,5811,974,4   98,507,12,5434,6124,418,5   1372,399,23,2086,3766,800,5   202,283,18,1704,2770,626,5   1186,634,22,1627,2607,765,4   764,580,6,1333,1777,209,5   1628,760,25,4675,6467,870,1
!----------------------------------------------------------------
!Recharge stations: x,y
300,0   1659,775   808,901   1591,509   392,464   1757,423   1107,6   1049,303   1705,574   1363,190   1397,760   456,754   119,636   897,432   1297,408   289,574   617,747   1580,499   1489,401   328,706   1562,584   1735,269   1433,279   1597,283   189,504

g inverse recharge rate 0.65
