!----------------------------------------------------------------
!Stores: (first: depot x,y; then: satellites x,y,maxCap)
300,0   1002,917,1000   103,601,1000   426,696,1000   614,98,1000
!----------------------------------------------------------------
!Trucks: (total#, cap, cost/dist, fixcost)
6,250,1,150
!----------------------------------------------------------------
!CityFreighters: (max cf/sat, total#, cap, cost/dist, fixcost, maxCharge, energyConsumption)
10,10,125,1,80,1000,1
!----------------------------------------------------------------
!Customers: (x, y, demand, readyTime, dueDate, serviceTime, penalizationCost)
1347,608,18,4183,6045,772,1   411,612,7,7938,8438,300,2   852,558,4,7629,7975,172,5   953,749,6,6378,6948,257,2   1328,600,27,3031,5219,1159,5   1203,628,12,5425,6391,515,5   1401,354,21,1663,3615,901,2   1587,324,13,4052,5260,558,3   1522,633,5,3485,4009,215,4   1253,424,10,3314,4288,429,5   1024,672,8,694,1426,343,2   1337,743,13,1507,2655,558,1   940,357,5,7515,7809,215,1   1311,642,16,5624,7102,687,1   1695,558,28,1619,4129,1202,4   585,586,19,2721,3673,815,3   1061,582,14,5247,6413,601,4   940,546,5,7026,7674,215,3   1386,509,26,4909,7599,1116,4   510,434,26,3952,5876,1116,1   1343,701,4,6245,6527,172,2   1721,609,23,5083,7173,987,2   1493,580,10,3733,4539,429,4   918,642,29,3028,5670,1244,2   320,576,23,6180,7920,987,3   851,720,19,1844,2932,815,2   437,347,18,3186,4788,772,2   1773,549,8,4912,5680,343,1   587,656,18,1301,2741,772,1   1318,469,25,3692,5766,1073,5   1086,232,6,4350,5006,257,1   959,214,19,2193,3727,815,1   359,442,5,2155,2619,215,5   702,558,21,6150,7716,901,5   1732,412,22,2603,5317,944,4   809,732,25,960,3424,1073,3   1590,695,8,4910,5830,343,3   649,476,11,642,1638,472,4   1725,509,24,4145,5699,1030,1   552,397,18,1229,2831,772,2   1414,63,24,2994,4938,1030,2   1994,533,3,2887,3145,129,5   453,407,9,7009,7693,386,4   1327,714,27,2383,4515,1159,4   1354,537,18,148,1748,772,1   1919,563,3,2813,2957,129,5   416,212,17,6016,7164,729,3   1372,201,23,2154,4380,987,2   1665,798,28,5179,7453,1202,4   1051,387,24,4438,5896,1030,1
!----------------------------------------------------------------
!Recharge stations: x,y
300,0   1002,917   103,601   426,696   614,98   1498,536   1333,640   1301,579

g inverse recharge rate 0.76
