!----------------------------------------------------------------
!Stores: (first: depot x,y; then: satellites x,y,maxCap)
300,0   1653,568,1000   1871,320,1000   1234,686,1000   279,699,1000
!----------------------------------------------------------------
!Trucks: (total#, cap, cost/dist, fixcost)
6,250,1,150
!----------------------------------------------------------------
!CityFreighters: (max cf/sat, total#, cap, cost/dist, fixcost, maxCharge, energyConsumption)
10,10,125,1,80,1000,1
!----------------------------------------------------------------
!Customers: (x, y, demand, readyTime, dueDate, serviceTime, penalizationCost)
1227,755,3,5039,5211,111,1   1781,476,27,4347,6167,996,3   1051,385,9,779,1219,332,1   366,540,25,4046,5800,922,1   801,289,7,3115,3517,258,3   1193,317,10,3210,3932,369,2   1060,468,29,1874,3804,1070,5   982,744,6,1968,2374,221,5   590,349,21,5397,6847,775,5   679,272,25,1574,3954,922,2   810,399,7,1590,2224,258,1   977,713,16,2995,4457,590,4   934,265,11,4374,5238,406,4   458,492,21,3080,4524,775,3   1554,663,27,0,1929,996,5   460,405,13,3049,4007,480,4   1375,264,19,2897,3629,701,4   784,295,7,4956,5422,258,3   1185,262,17,4405,5665,627,1   852,774,19,3045,4625,701,1   205,510,9,6227,6839,332,4   917,244,5,6595,7071,184,5   1339,726,18,5013,6167,664,5   1557,371,24,1775,3743,885,1   1252,738,16,1737,2623,590,3   1173,621,29,3459,5625,1070,1   1636,352,28,2894,4916,1033,3   1435,523,26,1351,3295,959,3   441,334,8,6120,6686,295,3   237,572,3,3294,3518,111,2   321,577,12,5088,5856,443,1   1428,570,29,4521,6833,1070,2   1536,287,20,1004,2264,738,5   794,332,27,5129,7187,996,1   1623,523,29,2028,4826,1070,1   203,497,12,6308,7474,443,2   461,697,25,3280,4636,922,5   439,477,10,6535,7323,369,3   1354,714,20,4878,6416,738,3   1710,494,14,5431,6339,516,1   638,433,11,6165,6919,406,3   1594,622,25,5817,6865,922,2   1350,165,5,7128,7442,184,2   1664,507,10,4634,5528,369,1   695,739,14,2418,3384,516,1   1215,830,24,1833,2967,885,2   1584,213,27,51,1279,996,4   318,339,20,3006,4906,738,3   1588,508,22,3734,5408,812,1   138,336,19,3457,4799,701,2
!----------------------------------------------------------------
!Recharge stations: x,y
300,0   1653,568   1871,320   1234,686   279,699   661,466   1714,350   994,513

g inverse recharge rate 0.7
