!----------------------------------------------------------------
!Stores: (first: depot x,y; then: satellites x,y,maxCap)
300,0   1659,775,1000   808,901,1000   1591,509,1000   392,464,1000
!----------------------------------------------------------------
!Trucks: (total#, cap, cost/dist, fixcost)
6,250,1,150
!----------------------------------------------------------------
!CityFreighters: (max cf/sat, total#, cap, cost/dist, fixcost, maxCharge, energyConsumption)
10,10,125,1,80,1000,1
!----------------------------------------------------------------
!Customers: (x, y, demand, readyTime, dueDate, serviceTime, penalizationCost)
792,282,11,4297,4963,383,4   1380,598,3,2063,2245,104,5   618,441,29,2376,5372,1009,1   1553,584,13,6008,7192,452,5   998,533,4,2212,2540,139,5   1244,774,6,6443,6873,209,4   884,770,19,248,1454,661,5   1080,404,6,1786,2212,209,5   481,409,16,5843,7041,557,5   664,358,29,986,3714,1009,1   1498,576,26,147,1809,905,4   1652,651,22,4506,6456,765,5   622,687,23,1759,3509,800,2   900,495,19,5666,6660,661,3   719,221,10,1525,2475,348,3   579,264,11,1926,2648,383,1   1361,307,10,3858,4610,348,1   365,366,21,2656,4294,731,2   1258,562,20,2960,4372,696,4   1600,540,13,2256,3174,452,3   560,562,15,1373,2825,522,2   382,682,14,3374,4548,487,4   1757,481,28,3450,5378,974,5   1129,555,13,2041,3073,452,4   1358,384,14,5928,6998,487,3   1222,388,22,3639,5043,765,1   447,529,25,1066,2192,870,2   986,327,10,5433,6129,348,2   1488,332,16,2938,4136,557,4   303,614,7,702,1208,244,2   322,547,6,1764,2066,209,3   1167,396,19,3537,4583,661,1   1210,425,22,229,1891,765,4   1031,395,23,1995,3347,800,2   829,439,14,5640,6838,487,5   1062,223,29,4411,6151,1009,2   1714,373,20,4457,5711,696,2   1083,289,6,5346,5734,209,3   675,307,9,4679,5275,313,5   985,532,12,1355,2397,418,3   1507,186,27,1247,3137,939,1   1645,498,21,5983,6825,731,4   560,830,29,2786,4954,1009,1   46,552,28,695,2195,974,4   98,507,12,3176,4150,418,4   1372,399,23,4877,6619,800,5   202,283,18,4130,5444,626,1   1186,634,22,800,2664,765,4   764,580,6,598,1116,209,4   1628,760,25,1830,3698,870,2
!----------------------------------------------------------------
!Recharge stations: x,y
300,0   1659,775   808,901   1591,509   392,464   1757,423   1107,6   1049,303   1705,574   1363,190   1397,760   456,754   119,636   897,432   1297,408   289,574   617,747   1580,499   1489,401   328,706   1562,584   1735,269   1433,279   1597,283   189,504   373,532   344,294   1839,550   376,556   528,487

g inverse recharge rate 0.65
