!----------------------------------------------------------------
!Stores: (first: depot x,y; then: satellites x,y,maxCap)
300,0   54,456,1000   164,276,1000   1745,570,1000   1076,323,1000
!----------------------------------------------------------------
!Trucks: (total#, cap, cost/dist, fixcost)
6,250,1,150
!----------------------------------------------------------------
!CityFreighters: (max cf/sat, total#, cap, cost/dist, fixcost, maxCharge, energyConsumption)
10,10,125,1,80,1000,1
!----------------------------------------------------------------
!Customers: (x, y, demand, readyTime, dueDate, serviceTime, penalizationCost)
1267,379,15,5649,7333,656,4   588,332,25,3068,5076,1093,1   359,385,20,106,1546,875,4   1711,446,21,4203,6209,918,4   1748,553,14,904,1510,612,3   501,610,4,3492,3904,175,3   743,356,4,5609,6045,175,5   1253,700,20,1367,2911,875,5   212,516,11,4839,5583,481,2   817,431,25,5592,7476,1093,2   473,323,12,1554,2506,525,4   884,530,20,5888,7772,875,3   319,527,29,419,1379,1268,2   1013,202,12,4081,5259,525,4   666,690,7,3869,4521,306,1   1380,521,10,847,1663,437,3   1542,585,17,1788,3258,743,4   218,469,18,259,1807,787,1   1642,509,17,2256,3546,743,5   1370,431,25,3870,5526,1093,4   1398,390,15,508,2136,656,1   1556,315,11,2012,2908,481,4   294,594,4,3216,3578,175,5   350,659,5,3713,4359,219,2   446,593,14,4059,5227,612,3   1467,397,23,2616,5064,1006,1   205,524,8,4800,5450,350,4   790,276,27,4786,6654,1181,4   364,353,18,4757,6061,787,1   1157,436,21,5089,6721,918,3   254,501,28,1588,4082,1224,1   1672,607,20,5745,7631,875,4   1391,587,26,1906,4824,1137,2   1096,593,4,4363,4757,175,2   1335,471,6,3858,4326,262,3   1178,614,23,3380,5640,1006,3   662,563,13,3467,4909,568,5   956,365,21,584,2520,918,3   1175,619,22,6000,7932,962,5   1492,323,24,0,2598,1049,2   1622,680,5,5578,6030,219,5   254,287,26,440,2866,1137,2   1860,336,17,1088,2698,743,5   1588,369,10,4817,5573,437,2   1199,247,5,7199,7649,219,4   885,670,11,916,1762,481,4   108,629,6,6680,7066,262,5   1456,199,9,6347,7189,394,5   599,646,12,309,1631,525,1   384,157,5,3061,3453,219,2
!----------------------------------------------------------------
!Recharge stations: x,y
300,0   54,456   164,276   1745,570   1076,323   895,312   1052,600   1666,701   1481,567   588,510   226,568   243,479   1265,205   1665,402   160,494   955,546   269,603   1421,693   639,189   1800,542   949,499   336,352   768,838   1590,129   266,356   191,517   330,504   1159,802   531,93   1419,558

g inverse recharge rate 0.74
