!----------------------------------------------------------------
!Stores: (first: depot x,y; then: satellites x,y,maxCap)
300,0   1056,693,1000   103,661,1000   114,485,1000   1304,808,1000
!----------------------------------------------------------------
!Trucks: (total#, cap, cost/dist, fixcost)
6,250,1,150
!----------------------------------------------------------------
!CityFreighters: (max cf/sat, total#, cap, cost/dist, fixcost, maxCharge, energyConsumption)
10,10,125,1,80,1000,1
!----------------------------------------------------------------
!Customers: (x, y, demand, readyTime, dueDate, serviceTime, penalizationCost)
1163,500,29,4279,5739,1042,5   1367,493,17,3608,4844,611,3   1485,607,26,3047,4775,934,1   1714,389,16,847,1815,575,3   1141,670,10,3663,4293,359,5   342,564,29,2811,4569,1042,5   881,394,10,3446,4014,359,1   363,652,13,250,1468,467,1   1144,739,20,1136,2596,719,2   262,395,5,3046,3370,180,1   1289,387,5,6276,6632,180,4   1060,256,28,3757,6223,1006,3   1137,712,4,2724,2986,144,4   877,554,6,4781,5187,216,1   387,602,17,3218,4568,611,3   499,280,28,5029,6551,1006,3   735,489,9,2373,3137,323,1   1138,223,5,6536,6962,180,4   1773,517,24,3367,5311,862,4   463,646,22,4776,6054,791,1   225,513,28,3067,5863,1006,5   987,328,14,3092,4176,503,5   1718,618,10,5556,6258,359,1   527,297,15,3092,3886,539,3   1653,580,26,2827,4601,934,2   847,769,3,3864,4086,108,2   429,548,20,5647,6913,719,4   745,448,19,3198,5088,683,2   1593,500,3,4202,4362,108,2   469,718,18,3613,4807,647,3   1343,759,21,1385,3169,755,5   1460,507,4,1703,2037,144,5   1261,735,24,4268,5902,862,1   722,686,29,3820,5844,1042,5   1404,478,14,3226,4530,503,1   677,632,22,5139,6799,791,1   1007,383,4,1152,1358,144,2   461,675,26,1604,3540,934,3   1362,527,13,2882,4032,467,3   980,486,3,3711,3921,108,4   644,679,20,3715,5221,719,2   406,154,21,1018,2554,755,2   1111,292,15,4616,5722,539,2   367,807,6,5997,6463,216,2   285,608,27,5067,7067,970,2   849,557,29,3046,5406,1042,3   394,411,29,3505,5109,1042,2   637,836,17,2916,4344,611,2   462,155,6,2829,3199,216,2   334,751,11,1630,2268,395,1
!----------------------------------------------------------------
!Recharge stations: x,y
300,0   1056,693   103,661   114,485   1304,808   1615,737   1344,598   1012,905   103,417   1523,354   1299,814   158,541   567,722   1701,635   976,253   845,391   1608,700   459,496   1691,557   973,187   558,529   701,686   1708,812   514,389   271,327   1836,555   1778,569   1028,203   1546,492   21,499

g inverse recharge rate 0.65
