!----------------------------------------------------------------
!Stores: (first: depot x,y; then: satellites x,y,maxCap)
300,0   19,412,1000   1569,459,1000   942,291,1000   915,886,1000
!----------------------------------------------------------------
!Trucks: (total#, cap, cost/dist, fixcost)
6,250,1,150
!----------------------------------------------------------------
!CityFreighters: (max cf/sat, total#, cap, cost/dist, fixcost, maxCharge, energyConsumption)
10,10,125,1,80,1000,1
!----------------------------------------------------------------
!Customers: (x, y, demand, readyTime, dueDate, serviceTime, penalizationCost)
351,600,3,1185,1443,99,1   1478,561,13,3989,4729,429,2   343,526,13,5641,6151,429,2   1430,715,15,4775,5523,495,3   1180,363,24,2630,4420,793,3   1694,455,24,0,1950,793,1   729,716,24,3525,4963,793,5   1431,751,7,3287,3691,231,1   1121,679,13,4631,5613,429,5   1730,487,7,5928,6286,231,5   1011,611,13,5414,6070,429,5   936,759,3,6304,6494,99,5   566,574,25,2846,3968,826,4   1375,345,29,3667,6111,958,5   1404,295,8,6116,6606,264,2   1157,552,18,3944,5200,594,4   1088,740,15,3174,4396,495,5   1156,345,28,3764,5728,925,3   297,560,11,5820,6486,363,3   335,368,23,5298,6934,760,5   455,416,20,4230,5886,661,4   1569,399,25,5170,6644,826,5   1106,454,25,2591,4159,826,4   1026,309,25,3271,4891,826,1   1712,607,26,5121,6597,859,4   1667,468,18,2041,3337,594,2   1326,541,21,441,1853,694,4   446,474,16,1647,2511,528,3   1027,276,15,3266,4342,495,1   601,343,28,1897,4089,925,1   1234,725,12,4236,4994,396,4   577,344,24,4921,6437,793,2   997,505,28,2860,4442,925,3   689,655,11,2490,3330,363,1   820,475,7,4438,4798,231,3   1386,363,12,1709,2547,396,3   1374,619,28,3657,5771,925,4   634,766,17,3624,5072,561,5   1069,762,11,3074,3878,363,5   1463,514,9,462,1058,297,2   380,752,20,5229,6653,661,2   267,433,22,2557,4097,727,1   697,595,6,6293,6639,198,3   367,732,27,289,1931,892,4   757,20,16,5789,6555,528,1   289,398,16,437,1425,528,5   1696,780,24,3216,4624,793,4   1568,507,9,3206,3586,297,2   728,52,28,4509,6125,925,2   708,701,21,438,1830,694,1
!----------------------------------------------------------------
!Recharge stations: x,y
300,0   19,412   1569,459   942,291   915,886   472,502   1451,479   700,699   1437,418   1166,164   1531,323   568,226   1411,440   1451,451   320,860   1059,540   864,669   1521,408   1604,357   1541,246   1630,431   1036,722   761,47   868,333   249,687

g inverse recharge rate 0.65
