!----------------------------------------------------------------
!Stores: (first: depot x,y; then: satellites x,y,maxCap)
300,0   674,747,1000   1212,82,1000   1820,396,1000   146,610,1000
!----------------------------------------------------------------
!Trucks: (total#, cap, cost/dist, fixcost)
6,250,1,150
!----------------------------------------------------------------
!CityFreighters: (max cf/sat, total#, cap, cost/dist, fixcost, maxCharge, energyConsumption)
10,10,125,1,80,1000,1
!----------------------------------------------------------------
!Customers: (x, y, demand, readyTime, dueDate, serviceTime, penalizationCost)
780,646,22,30,2126,802,3   711,230,24,1344,2958,874,1   573,491,16,3444,4500,583,5   466,713,9,6575,7163,328,2   580,515,15,3875,5299,547,5   785,684,29,2831,4709,1057,4   1798,482,16,4471,5795,583,4   1254,401,11,3817,4619,401,4   1267,503,24,2537,4745,874,2   1692,387,19,2830,4226,692,1   1346,517,24,2603,4409,874,3   1640,434,7,4361,4659,255,5   952,712,29,4111,5775,1057,4   300,610,19,5885,7265,692,1   735,309,5,3419,3715,182,3   1201,417,19,4459,5677,692,4   912,561,22,2617,4627,802,2   682,725,16,1014,2206,583,1   556,373,21,5940,6906,765,2   437,502,15,5308,6592,547,2   1244,258,8,1846,2468,291,4   346,373,24,5430,7634,874,3   1686,512,24,4469,6279,874,4   1612,372,12,5345,6167,437,3   1369,252,28,5457,7971,1020,5   869,647,3,988,1234,109,3   1517,668,12,5363,6339,437,2   875,666,6,928,1324,219,5   421,332,19,4599,6273,692,5   1487,492,10,3355,4133,364,4   734,421,8,5515,6195,291,4   555,624,25,1494,3816,911,2   1791,481,20,1556,3152,729,1   1089,427,3,5364,5568,109,2   1529,435,24,1319,3581,874,1   320,416,21,4366,6004,765,2   1670,625,8,6115,6549,291,4   512,609,22,5843,7577,802,2   1644,378,28,4615,6949,1020,1   1538,497,23,574,1888,838,1   1697,615,20,4144,5408,729,2   106,330,22,1393,3141,802,5   1565,227,18,678,2066,656,5   607,835,17,5234,6226,619,3   1837,538,13,3856,4892,474,2   1511,654,22,3539,5059,802,1   988,57,7,836,1364,255,4   1437,655,29,2675,4973,1057,5   833,230,18,1485,2899,656,4   741,20,25,439,2777,911,1
!----------------------------------------------------------------
!Recharge stations: x,y
300,0   674,747   1212,82   1820,396   146,610   594,208   900,186   1024,417   1145,426   1792,477   576,776   239,630   1713,323   1471,501   1667,668

g inverse recharge rate 0.71
