!----------------------------------------------------------------
!Stores: (first: depot x,y; then: satellites x,y,maxCap)
300,0   1314,650,1000   548,85,1000   70,356,1000   844,731,1000
!----------------------------------------------------------------
!Trucks: (total#, cap, cost/dist, fixcost)
6,250,1,150
!----------------------------------------------------------------
!CityFreighters: (max cf/sat, total#, cap, cost/dist, fixcost, maxCharge, energyConsumption)
10,10,125,1,80,1000,1
!----------------------------------------------------------------
!Customers: (x, y, demand, readyTime, dueDate, serviceTime, penalizationCost)
1140,489,22,3218,4486,844,2   1210,344,10,2183,2771,384,5   283,552,7,5361,5829,269,3   1743,579,11,2236,3416,422,2   660,253,15,1319,2227,575,4   808,679,4,4627,5013,153,3   288,610,3,2979,3229,115,4   1320,570,10,4736,5562,384,5   984,331,29,275,2317,1112,5   1198,680,17,3200,4506,652,1   1390,344,18,2326,3548,691,1   1427,604,7,4344,4986,269,4   1264,777,19,1297,2935,729,1   1192,450,16,1507,2509,614,2   1350,439,21,2359,3917,806,1   890,676,22,4734,6570,844,5   1265,750,17,1782,3274,652,3   1488,311,23,2237,3663,882,3   1676,533,17,475,1883,652,3   232,547,26,5584,7250,997,1   1548,424,16,3084,3832,614,3   1087,469,19,3640,5102,729,4   577,324,11,5351,6093,422,3   200,500,25,2472,4144,959,5   1621,484,11,5651,6713,422,2   1585,514,27,1743,3087,1036,2   457,347,10,1685,2183,384,4   1507,592,12,4180,4976,460,5   316,368,13,3850,4764,499,1   512,602,9,4965,5707,345,1   1445,645,28,3772,6058,1074,1   805,561,5,1679,2119,192,2   342,511,23,3865,5481,882,3   1639,556,18,1436,2698,691,2   825,343,7,2170,2708,269,5   1751,499,18,5605,7109,691,3   1684,637,18,4290,6006,691,4   1472,666,8,2120,2796,307,4   1094,424,11,1627,2681,422,5   1701,426,18,296,2594,691,5   1345,660,19,2584,3932,729,4   878,16,28,1841,4947,1074,4   216,792,7,3929,4387,269,1   961,798,21,4918,6726,806,5   1184,801,12,3646,4550,460,5   1274,186,22,1271,3215,844,4   928,905,19,2986,4792,729,1   1061,989,25,484,2188,959,3   474,471,11,1742,2560,422,2   248,292,11,2324,3282,422,3
!----------------------------------------------------------------
!Recharge stations: x,y
300,0   1314,650   548,85   70,356   844,731   273,357   372,710

g inverse recharge rate 0.68
