!----------------------------------------------------------------
!Stores: (first: depot x,y; then: satellites x,y,maxCap)
300,0   941,202,1000   764,856,1000   989,385,1000   706,294,1000
!----------------------------------------------------------------
!Trucks: (total#, cap, cost/dist, fixcost)
6,250,1,150
!----------------------------------------------------------------
!CityFreighters: (max cf/sat, total#, cap, cost/dist, fixcost, maxCharge, energyConsumption)
10,10,125,1,80,1000,1
!----------------------------------------------------------------
!Customers: (x, y, demand, readyTime, dueDate, serviceTime, penalizationCost)
395,389,21,2878,4090,568,5   1351,406,17,1207,2333,459,5   811,620,26,0,1440,703,5   1558,318,7,4792,5124,189,3   1093,597,25,3526,4882,676,1   1670,525,9,2457,2911,243,1   1364,741,27,515,2023,730,3   1108,353,6,3379,3803,162,2   811,277,23,624,2002,622,4   570,613,13,3996,4806,351,5   695,289,23,3900,4812,622,4   617,241,8,3367,3905,216,5   1471,373,12,3015,3543,324,4   846,746,4,3949,4107,108,4   486,281,19,1579,3009,513,1   1423,306,24,2557,4135,649,2   1317,658,22,1968,3030,595,4   1613,640,25,3774,4698,676,3   1043,609,14,1043,1671,378,2   482,401,15,3762,4420,405,4   1375,313,14,2461,3279,378,5   1698,587,27,2698,4300,730,3   1425,250,7,3635,4019,189,3   1435,294,7,3960,4432,189,3   910,429,16,1388,2182,432,3   726,695,9,690,1268,243,1   467,338,3,4263,4397,81,3   277,487,18,3913,4703,486,5   1079,513,15,2807,3869,405,5   341,514,12,4654,5314,324,5   875,338,16,2389,3143,432,2   331,498,15,3307,4129,405,2   314,395,15,3842,4918,405,1   616,561,23,994,2366,622,2   907,722,27,2071,3151,730,1   855,247,21,1940,3302,568,5   1116,540,27,2487,3397,730,3   1531,429,10,3274,3856,270,4   582,522,10,1487,2005,270,1   628,409,11,3492,4092,297,2   1717,715,8,1653,2121,216,4   336,142,27,2575,4183,730,1   1495,602,12,1566,2130,324,3   1059,62,13,956,1612,351,2   1114,692,21,3320,4508,568,4   673,414,26,0,1197,703,2   527,885,11,2999,3371,297,4   1841,629,20,1882,2824,540,2   1315,472,23,1137,2229,622,5   465,222,19,515,1597,513,5
!----------------------------------------------------------------
!Recharge stations: x,y
300,0   941,202   764,856   989,385   706,294   1527,333   1472,253   261,554   532,279   384,280   947,742   1506,457   263,387   511,644   238,352   662,615   188,567   1827,519   1644,482   905,333   725,649   566,473   1323,721   725,650   116,684   1389,789   478,646   112,524   378,547   110,542   1169,456   755,384   331,296   1537,295   196,591

g inverse recharge rate 0.49
