!----------------------------------------------------------------
!Stores: (first: depot x,y; then: satellites x,y,maxCap)
300,0   1258,707,1000   742,378,1000   174,458,1000   1537,247,1000
!----------------------------------------------------------------
!Trucks: (total#, cap, cost/dist, fixcost)
6,250,1,150
!----------------------------------------------------------------
!CityFreighters: (max cf/sat, total#, cap, cost/dist, fixcost, maxCharge, energyConsumption)
10,10,125,1,80,1000,1
!----------------------------------------------------------------
!Customers: (x, y, demand, readyTime, dueDate, serviceTime, penalizationCost)
1078,257,15,1253,2263,480,1   918,628,27,2067,3811,865,3   381,345,29,3178,5174,929,4   816,329,22,188,1482,705,3   799,696,8,5234,5862,256,3   423,464,10,1615,2139,320,1   1346,338,25,754,2370,801,4   844,755,4,778,1068,128,2   1010,342,6,4032,4358,192,5   825,749,29,2097,3433,929,2   873,553,22,1102,2900,705,1   1364,513,29,4475,6099,929,2   582,247,10,2391,3197,320,3   202,518,18,2125,3013,576,5   919,267,22,2198,3870,705,4   1686,510,4,2905,3181,128,4   1105,394,23,0,1805,737,5   569,729,20,779,2061,641,5   660,568,20,2875,4137,641,3   1089,463,7,3725,4211,224,4   489,348,24,3149,5061,769,4   644,327,9,5440,5872,288,3   517,331,4,3360,3582,128,3   420,358,16,1730,2904,512,5   1669,384,22,4180,5604,705,4   394,671,10,3914,4546,320,1   1266,371,26,0,1637,833,5   1260,399,28,670,1582,897,1   1148,529,24,4514,6004,769,1   1161,311,13,4660,5428,416,2   1216,736,4,3733,3997,128,4   1065,715,5,5423,5673,160,1   1540,609,23,3048,4476,737,5   543,522,6,2798,3082,192,1   567,444,13,2124,2910,416,2   904,516,22,1562,2810,705,2   1716,406,6,1161,1525,192,1   460,677,18,3860,5160,576,4   1277,456,22,4827,6233,705,3   921,466,12,4164,4960,384,1   1801,385,27,3225,4335,865,2   197,438,21,2488,4096,673,4   1520,513,12,4865,5677,384,4   866,783,25,1420,2880,801,2   939,892,22,821,2175,705,2   1033,424,29,1349,2969,929,2   535,761,10,1040,1632,320,5   1986,442,10,5389,6077,320,2   664,627,3,4637,4849,96,1   1583,153,25,4156,6126,801,3
!----------------------------------------------------------------
!Recharge stations: x,y
300,0   1258,707   742,378   174,458   1537,247   934,581   1805,572

g inverse recharge rate 0.6
