!----------------------------------------------------------------
!Stores: (first: depot x,y; then: satellites x,y,maxCap)
300,0   941,202,1000   764,856,1000   989,385,1000   706,294,1000
!----------------------------------------------------------------
!Trucks: (total#, cap, cost/dist, fixcost)
6,250,1,150
!----------------------------------------------------------------
!CityFreighters: (max cf/sat, total#, cap, cost/dist, fixcost, maxCharge, energyConsumption)
10,10,125,1,80,1000,1
!----------------------------------------------------------------
!Customers: (x, y, demand, readyTime, dueDate, serviceTime, penalizationCost)
395,389,21,181,1097,568,1   1351,406,17,303,1051,459,3   811,620,26,2525,3617,703,2   1558,318,7,4149,4567,189,1   1093,597,25,1176,2616,676,5   1670,525,9,1616,2124,243,4   1364,741,27,2793,4017,730,5   1108,353,6,2178,2410,162,5   811,277,23,3984,5032,622,4   570,613,13,641,1333,351,2   695,289,23,724,2070,622,2   617,241,8,2768,3110,216,1   1471,373,12,1030,1666,324,2   846,746,4,4572,4836,108,2   486,281,19,2807,3963,513,5   1423,306,24,721,1843,649,2   1317,658,22,2846,3382,595,1   1613,640,25,1581,3003,676,3   1043,609,14,2730,3502,378,1   482,401,15,204,1100,405,2   1375,313,14,2253,2947,378,1   1698,587,27,813,2103,730,5   1425,250,7,2923,3221,189,2   1435,294,7,1843,2237,189,1   910,429,16,4657,5279,432,2   726,695,9,1663,2095,243,3   467,338,3,3570,3772,81,1   277,487,18,263,1177,486,5   1079,513,15,1456,2162,405,5   341,514,12,2145,2675,324,3   875,338,16,4206,5376,432,1   331,498,15,3485,4227,405,2   314,395,15,2059,2537,405,2   616,561,23,405,1957,622,4   907,722,27,3748,5596,730,3   855,247,21,3290,4738,568,1   1116,540,27,89,1783,730,1   1531,429,10,1251,1831,270,3   582,522,10,3350,4000,270,3   628,409,11,364,816,297,2   1717,715,8,885,1327,216,1   336,142,27,2663,3805,730,3   1495,602,12,4342,4908,324,4   1059,62,13,2520,3536,351,2   1114,692,21,53,1135,568,4   673,414,26,377,1609,703,1   527,885,11,844,1480,297,2   1841,629,20,1490,2572,540,5   1315,472,23,3058,4334,622,5   465,222,19,3283,4413,513,2
!----------------------------------------------------------------
!Recharge stations: x,y
300,0   941,202   764,856   989,385   706,294   1527,333   1472,253   261,554   532,279   384,280   947,742   1506,457   263,387   511,644   238,352

g inverse recharge rate 0.49
