!----------------------------------------------------------------
!Stores: (first: depot x,y; then: satellites x,y,maxCap)
300,0   737,750,1000   1403,735,1000   1207,746,1000   214,536,1000
!----------------------------------------------------------------
!Trucks: (total#, cap, cost/dist, fixcost)
6,250,1,150
!----------------------------------------------------------------
!CityFreighters: (max cf/sat, total#, cap, cost/dist, fixcost, maxCharge, energyConsumption)
10,10,125,1,80,1000,1
!----------------------------------------------------------------
!Customers: (x, y, demand, readyTime, dueDate, serviceTime, penalizationCost)
381,672,25,4720,6678,848,1   235,448,15,2383,3453,509,4   1527,689,11,3102,4192,373,1   991,692,10,3963,4659,339,1   1381,463,24,616,2646,815,3   1331,325,10,967,1745,339,2   280,463,3,857,1049,102,5   1649,482,20,207,1841,679,2   1251,279,18,2621,4167,611,1   772,424,19,3534,4590,645,2   601,399,5,2402,2946,170,3   826,529,15,243,1367,509,1   530,700,4,4714,4994,136,2   1347,369,20,1675,2561,679,1   358,653,26,4809,6377,882,4   1456,310,20,1791,3369,679,4   432,545,11,3557,4027,373,3   308,637,10,4927,5561,339,5   715,262,27,4900,6270,916,3   870,441,5,2268,2580,170,2   1624,425,17,1565,2929,577,1   253,551,5,2020,2522,170,1   630,527,19,5275,5847,645,4   1106,459,12,5122,5930,407,2   968,772,26,3527,4953,882,5   993,689,13,1984,3102,441,2   242,444,28,1650,3994,950,3   1479,590,20,3669,5351,679,3   1436,406,20,1571,3131,679,4   516,737,26,1437,3457,882,2   1581,667,26,251,2789,882,5   1019,358,16,3422,4528,543,1   1616,672,13,2037,2721,441,2   557,378,18,2565,3567,611,3   1394,537,22,3011,4717,747,2   1601,345,21,3034,3774,713,1   769,350,14,3235,4229,475,4   1790,485,17,1826,2998,577,4   814,743,26,1282,2964,882,2   399,364,29,1181,3301,984,5   835,490,8,5956,6604,272,2   533,911,20,1912,3396,679,3   630,548,10,5666,6210,339,1   1296,446,14,1265,2087,475,5   1428,556,6,6132,6512,204,3   278,269,6,3680,4100,204,3   646,530,3,1914,2102,102,2   1658,532,14,2977,4243,475,5   470,622,19,5071,6661,645,2   1838,751,9,5091,5533,305,3
!----------------------------------------------------------------
!Recharge stations: x,y
300,0   737,750   1403,735   1207,746   214,536   1130,505   1578,314   1186,382   970,162   665,917

g inverse recharge rate 0.6
