!----------------------------------------------------------------
!Stores: (first: depot x,y; then: satellites x,y,maxCap)
300,0   1258,707,1000   742,378,1000   174,458,1000   1537,247,1000
!----------------------------------------------------------------
!Trucks: (total#, cap, cost/dist, fixcost)
6,250,1,150
!----------------------------------------------------------------
!CityFreighters: (max cf/sat, total#, cap, cost/dist, fixcost, maxCharge, energyConsumption)
10,10,125,1,80,1000,1
!----------------------------------------------------------------
!Customers: (x, y, demand, readyTime, dueDate, serviceTime, penalizationCost)
1078,257,15,5660,6594,480,3   918,628,27,4841,6597,865,3   381,345,29,2412,3496,929,1   816,329,22,521,1821,705,4   799,696,8,3777,4311,256,2   423,464,10,3997,4467,320,2   1346,338,25,1208,2932,801,5   844,755,4,4435,4741,128,5   1010,342,6,3802,4278,192,5   825,749,29,3692,5292,929,1   873,553,22,5001,6253,705,5   1364,513,29,4205,5809,929,5   582,247,10,2697,3183,320,1   202,518,18,1805,3173,576,1   919,267,22,3262,4892,705,2   1686,510,4,2487,2787,128,5   1105,394,23,420,1668,737,4   569,729,20,2675,3779,641,4   660,568,20,3614,5042,641,3   1089,463,7,5076,5674,224,1   489,348,24,4461,6519,769,5   644,327,9,2439,3099,288,3   517,331,4,1539,1779,128,2   420,358,16,771,1625,512,5   1669,384,22,2930,4460,705,1   394,671,10,4846,5260,320,3   1266,371,26,4095,5721,833,1   1260,399,28,326,2144,897,2   1148,529,24,2886,4306,769,1   1161,311,13,3091,3841,416,3   1216,736,4,4591,4741,128,2   1065,715,5,5204,5472,160,5   1540,609,23,3280,4382,737,4   543,522,6,4515,4893,192,4   567,444,13,2474,3320,416,2   904,516,22,580,2288,705,5   1716,406,6,2083,2431,192,4   460,677,18,664,1926,576,3   1277,456,22,2805,4193,705,2   921,466,12,4361,5199,384,2   1801,385,27,377,1637,865,4   197,438,21,3340,4440,673,5   1520,513,12,418,1132,384,4   866,783,25,1105,2369,801,2   939,892,22,4992,6372,705,5   1033,424,29,2998,4804,929,1   535,761,10,2735,3593,320,4   1986,442,10,3096,3684,320,5   664,627,3,2080,2220,96,5   1583,153,25,1968,3428,801,3
!----------------------------------------------------------------
!Recharge stations: x,y
300,0   1258,707   742,378   174,458   1537,247   934,581   1805,572   524,736   1767,528   1779,612   1046,238   1769,517   1339,698   824,700   762,402   1424,448   996,706   1842,529   555,586   1101,584   787,361   1107,409   1572,359   889,355   1722,382   481,247   336,465   1639,394   1521,468   644,700

g inverse recharge rate 0.6
