!----------------------------------------------------------------
!Stores: (first: depot x,y; then: satellites x,y,maxCap)
300,0   1653,568,1000   1871,320,1000   1234,686,1000   279,699,1000
!----------------------------------------------------------------
!Trucks: (total#, cap, cost/dist, fixcost)
6,250,1,150
!----------------------------------------------------------------
!CityFreighters: (max cf/sat, total#, cap, cost/dist, fixcost, maxCharge, energyConsumption)
10,10,125,1,80,1000,1
!----------------------------------------------------------------
!Customers: (x, y, demand, readyTime, dueDate, serviceTime, penalizationCost)
1227,755,3,2319,2669,111,4   1781,476,27,5727,7351,996,4   1051,385,9,4639,5375,332,4   366,540,25,4217,6247,922,1   801,289,7,2919,3375,258,5   1193,317,10,5887,6813,369,2   1060,468,29,335,1627,1070,1   982,744,6,3263,3793,221,3   590,349,21,5973,7421,775,1   679,272,25,5153,6931,922,1   810,399,7,5560,6094,258,3   977,713,16,4159,5043,590,2   934,265,11,2823,3621,406,1   458,492,21,212,1830,775,1   1554,663,27,3218,4874,996,2   460,405,13,1815,2337,480,1   1375,264,19,3135,4197,701,1   784,295,7,4932,5484,258,5   1185,262,17,732,2262,627,4   852,774,19,5127,6249,701,3   205,510,9,2800,3226,332,1   917,244,5,7090,7418,184,3   1339,726,18,4455,5365,664,1   1557,371,24,4133,5799,885,5   1252,738,16,1284,2386,590,4   1173,621,29,3632,5788,1070,4   1636,352,28,1115,2445,1033,3   1435,523,26,0,1822,959,5   441,334,8,6152,6722,295,2   237,572,3,6608,6768,111,5   321,577,12,2172,2876,443,3   1428,570,29,2035,3779,1070,2   1536,287,20,2702,4192,738,3   794,332,27,4366,6222,996,4   1623,523,29,4300,6274,1070,1   203,497,12,4677,5529,443,2   461,697,25,72,1860,922,4   439,477,10,4045,5051,369,5   1354,714,20,6355,7243,738,2   1710,494,14,909,1871,516,5   638,433,11,3018,3838,406,5   1594,622,25,1308,3522,922,2   1350,165,5,771,1037,184,4   1664,507,10,2940,3764,369,1   695,739,14,3099,4109,516,1   1215,830,24,0,1621,885,5   1584,213,27,1601,3769,996,5   318,339,20,1487,2961,738,4   1588,508,22,531,1993,812,5   138,336,19,4180,4950,701,1
!----------------------------------------------------------------
!Recharge stations: x,y
300,0   1653,568   1871,320   1234,686   279,699   661,466   1714,350   994,513   564,385   1804,498   949,186   1456,213   1683,691   740,798   1284,621

g inverse recharge rate 0.7
