!----------------------------------------------------------------
!Stores: (first: depot x,y; then: satellites x,y,maxCap)
300,0   1104,923,1000   265,570,1000   1281,290,1000   997,241,1000
!----------------------------------------------------------------
!Trucks: (total#, cap, cost/dist, fixcost)
6,250,1,150
!----------------------------------------------------------------
!CityFreighters: (max cf/sat, total#, cap, cost/dist, fixcost, maxCharge, energyConsumption)
10,10,125,1,80,1000,1
!----------------------------------------------------------------
!Customers: (x, y, demand, readyTime, dueDate, serviceTime, penalizationCost)
1080,593,8,3879,4345,272,5   1753,528,17,4703,5879,578,3   445,400,22,4683,6085,748,4   812,373,17,1089,2505,578,4   1472,533,8,802,1088,272,4   533,449,11,2065,3053,374,3   1500,396,28,2847,4817,951,3   783,520,8,5401,5931,272,2   447,670,25,473,2167,849,1   1673,643,11,884,1410,374,5   295,397,24,1389,3691,815,5   674,443,18,2595,4027,612,4   293,545,25,3732,5378,849,1   941,487,4,2524,2918,136,1   1501,317,16,2741,4109,544,5   1263,474,8,3403,3855,272,1   1796,478,13,4867,5949,442,1   219,495,6,4767,5149,204,3   352,509,19,4046,5086,646,2   1628,651,7,1242,1748,238,2   1419,708,29,3264,4962,985,1   1547,410,3,4792,5028,102,4   688,719,13,1393,2273,442,1   244,550,27,2716,4218,917,1   1548,575,8,5252,5632,272,1   1494,578,22,3067,4813,748,3   1582,371,13,1370,2212,442,4   1183,560,28,0,1955,951,3   1142,241,24,3572,5264,815,4   1203,670,19,3439,4873,646,1   1177,440,12,3046,3792,408,1   549,720,22,1145,2503,748,1   1499,389,22,3761,4887,748,1   1019,209,10,4233,4799,340,2   1299,607,28,2849,4779,951,3   1198,224,16,868,2220,544,1   1770,470,19,3314,4426,646,1   1127,515,22,241,1633,748,5   603,584,8,4559,5205,272,5   1027,603,15,4706,6110,510,2   1772,355,3,5572,5760,102,1   744,204,11,4457,5139,374,1   1723,488,5,4286,4698,170,3   933,674,23,3974,5636,781,3   1154,645,17,5349,6481,578,2   1093,727,27,2567,4459,917,5   1683,195,24,4472,6130,815,1   220,563,6,5432,5842,204,5   1524,784,22,102,1664,748,1   1407,661,7,4754,5164,238,4
!----------------------------------------------------------------
!Recharge stations: x,y
300,0   1104,923   265,570   1281,290   997,241   1508,355   1486,550

g inverse recharge rate 0.6
