!----------------------------------------------------------------
!Stores: (first: depot x,y; then: satellites x,y,maxCap)
300,0   941,202,1000   764,856,1000   989,385,1000   706,294,1000
!----------------------------------------------------------------
!Trucks: (total#, cap, cost/dist, fixcost)
6,250,1,150
!----------------------------------------------------------------
!CityFreighters: (max cf/sat, total#, cap, cost/dist, fixcost, maxCharge, energyConsumption)
10,10,125,1,80,1000,1
!----------------------------------------------------------------
!Customers: (x, y, demand, readyTime, dueDate, serviceTime, penalizationCost)
395,389,21,111,1107,568,5   1351,406,17,269,1069,459,2   811,620,26,3583,5721,703,4   1558,318,7,2261,2687,189,1   1093,597,25,2599,3821,676,1   1670,525,9,1271,1645,243,2   1364,741,27,1334,3224,730,1   1108,353,6,2981,3281,162,3   811,277,23,2457,3673,622,2   570,613,13,2393,3037,351,1   695,289,23,0,1458,622,2   617,241,8,619,955,216,1   1471,373,12,374,1028,324,1   846,746,4,3737,3969,108,2   486,281,19,2682,3678,513,3   1423,306,24,3141,4225,649,3   1317,658,22,500,1642,595,2   1613,640,25,2500,4142,676,1   1043,609,14,4587,5171,378,1   482,401,15,920,1574,405,4   1375,313,14,1235,2141,378,3   1698,587,27,911,2375,730,4   1425,250,7,429,891,189,5   1435,294,7,3539,3941,189,2   910,429,16,3411,4597,432,2   726,695,9,901,1555,243,5   467,338,3,5237,5435,81,2   277,487,18,1785,2781,486,5   1079,513,15,57,801,405,5   341,514,12,1094,1802,324,1   875,338,16,4479,5253,432,5   331,498,15,1411,2143,405,5   314,395,15,2757,3823,405,5   616,561,23,960,1566,622,1   907,722,27,1958,3078,730,3   855,247,21,3802,5114,568,3   1116,540,27,2848,4242,730,3   1531,429,10,4360,5120,270,2   582,522,10,1596,2356,270,3   628,409,11,1214,1896,297,2   1717,715,8,2008,2356,216,1   336,142,27,3580,5194,730,2   1495,602,12,643,1265,324,4   1059,62,13,3840,4366,351,1   1114,692,21,1690,2754,568,3   673,414,26,1750,3126,703,2   527,885,11,4309,4733,297,5   1841,629,20,3705,4877,540,4   1315,472,23,0,1298,622,1   465,222,19,2482,3414,513,3
!----------------------------------------------------------------
!Recharge stations: x,y
300,0   941,202   764,856   989,385   706,294   1527,333   1472,253   261,554   532,279   384,280   947,742   1506,457   263,387   511,644   238,352   662,615   188,567   1827,519   1644,482   905,333   725,649   566,473   1323,721   725,650   116,684   1389,789   478,646   112,524   378,547   110,542   1169,456   755,384   331,296   1537,295   196,591   546,219   891,218   1519,231   1740,608   1819,592   1787,478   865,670   682,767   1343,969   1085,371   324,630   707,403   1409,523   594,600   1100,653   1007,455   676,522   1201,457   296,524   109,361

g inverse recharge rate 0.49
