!----------------------------------------------------------------
!Stores: (first: depot x,y; then: satellites x,y,maxCap)
300,0   1056,693,1000   103,661,1000   114,485,1000   1304,808,1000
!----------------------------------------------------------------
!Trucks: (total#, cap, cost/dist, fixcost)
6,250,1,150
!----------------------------------------------------------------
!CityFreighters: (max cf/sat, total#, cap, cost/dist, fixcost, maxCharge, energyConsumption)
10,10,125,1,80,1000,1
!----------------------------------------------------------------
!Customers: (x, y, demand, readyTime, dueDate, serviceTime, penalizationCost)
1163,500,29,5157,7085,1042,1   1367,493,17,1446,2580,611,5   1485,607,26,2632,4282,934,4   1714,389,16,1102,2262,575,5   1141,670,10,1243,2151,359,4   342,564,29,4163,6455,1042,4   881,394,10,2397,3043,359,4   363,652,13,6248,6878,467,2   1144,739,20,2728,4016,719,3   262,395,5,2247,2673,180,1   1289,387,5,620,1066,180,2   1060,256,28,0,2425,1006,1   1137,712,4,703,971,144,3   877,554,6,3512,3964,216,4   387,602,17,177,1437,611,5   499,280,28,1588,3912,1006,3   735,489,9,1699,2327,323,4   1138,223,5,1582,2020,180,1   1773,517,24,1639,4001,862,3   463,646,22,4269,6147,791,5   225,513,28,4875,6989,1006,1   987,328,14,4688,5998,503,3   1718,618,10,3967,4561,359,4   527,297,15,1178,2062,539,1   1653,580,26,627,2411,934,5   847,769,3,6535,6745,108,5   429,548,20,485,1887,719,2   745,448,19,2255,4019,683,1   1593,500,3,3955,4193,108,4   469,718,18,4495,5675,647,3   1343,759,21,3265,4401,755,4   1460,507,4,2738,3066,144,1   1261,735,24,3918,5170,862,1   722,686,29,2574,5972,1042,5   1404,478,14,686,1440,503,1   677,632,22,422,2088,791,5   1007,383,4,3915,4207,144,4   461,675,26,1275,3753,934,3   1362,527,13,1658,2868,467,2   980,486,3,2154,2360,108,5   644,679,20,1387,3011,719,1   406,154,21,143,1773,755,2   1111,292,15,519,1535,539,2   367,807,6,972,1510,216,4   285,608,27,1185,3571,970,3   849,557,29,4667,6719,1042,5   394,411,29,2127,4211,1042,4   637,836,17,3957,5703,611,1   462,155,6,1449,1839,216,1   334,751,11,5427,6499,395,4
!----------------------------------------------------------------
!Recharge stations: x,y
300,0   1056,693   103,661   114,485   1304,808   1615,737   1344,598   1012,905   103,417   1523,354   1299,814   158,541   567,722   1701,635   976,253   845,391   1608,700   459,496   1691,557   973,187

g inverse recharge rate 0.65
