!----------------------------------------------------------------
!Stores: (first: depot x,y; then: satellites x,y,maxCap)
300,0   1301,770,1000   254,805,1000   1042,125,1000   1949,604,1000
!----------------------------------------------------------------
!Trucks: (total#, cap, cost/dist, fixcost)
6,250,1,150
!----------------------------------------------------------------
!CityFreighters: (max cf/sat, total#, cap, cost/dist, fixcost, maxCharge, energyConsumption)
10,10,125,1,80,1000,1
!----------------------------------------------------------------
!Customers: (x, y, demand, readyTime, dueDate, serviceTime, penalizationCost)
629,336,12,2937,4251,496,2   460,387,11,3253,4171,455,2   1688,429,16,1715,2985,662,4   1449,542,25,4698,6816,1034,1   1029,651,18,3390,5592,745,5   747,647,19,4557,6063,786,2   944,670,19,4505,6151,786,4   459,321,9,604,1446,372,3   748,672,13,592,1660,538,5   1734,562,20,5732,7400,827,3   1006,523,10,3749,4723,414,3   1115,344,26,4058,6134,1075,5   525,572,20,3882,5576,827,3   1099,637,15,1386,2528,620,5   1733,426,29,440,3210,1200,3   1239,422,13,6494,7856,538,1   1582,312,21,779,1843,869,2   1221,729,21,362,1614,869,3   649,668,28,897,3127,1158,2   1435,250,6,6325,6945,248,4   371,320,9,858,1592,372,4   610,490,11,5668,6788,455,3   752,225,18,3105,4513,745,2   1763,453,14,925,1999,579,3   865,652,6,1296,1712,248,3   749,601,9,6256,7170,372,3   397,456,7,6439,6945,290,3   716,621,10,6033,6637,414,3   1500,608,12,5061,6425,496,3   851,771,22,5485,7049,910,3   1686,622,13,4236,5414,538,3   1555,455,11,3469,4295,455,2   680,485,6,4343,4929,248,5   1377,463,6,7132,7702,248,5   1630,501,6,5229,5535,248,3   1619,511,20,5094,7162,827,2   1578,620,11,5213,6177,455,3   387,409,15,1778,3596,620,5   859,326,16,3325,5167,662,2   586,446,8,1915,2621,331,3   1582,357,9,4496,5418,372,3   814,501,29,3496,6104,1200,1   1113,156,28,100,2432,1158,1   1276,752,24,5824,6828,993,3   1706,620,19,1722,3600,786,4   1741,645,14,4755,6093,579,3   1451,629,15,1941,2739,620,5   1925,391,14,2300,3798,579,4   1433,513,6,5391,5929,248,2   1047,330,18,1911,3911,745,1
!----------------------------------------------------------------
!Recharge stations: x,y
300,0   1301,770   254,805   1042,125   1949,604   786,558   961,757   592,546   1796,454   1828,482   282,366   306,487   1226,891   1253,280   420,427   1251,482   1168,320   1721,411   990,186   1576,561   495,385   1383,371   615,242   587,320   238,365   1256,600   795,756   405,268   1698,530   818,694

g inverse recharge rate 0.7
