!----------------------------------------------------------------
!Stores: (first: depot x,y; then: satellites x,y,maxCap)
300,0   674,747,1000   1212,82,1000   1820,396,1000   146,610,1000
!----------------------------------------------------------------
!Trucks: (total#, cap, cost/dist, fixcost)
6,250,1,150
!----------------------------------------------------------------
!CityFreighters: (max cf/sat, total#, cap, cost/dist, fixcost, maxCharge, energyConsumption)
10,10,125,1,80,1000,1
!----------------------------------------------------------------
!Customers: (x, y, demand, readyTime, dueDate, serviceTime, penalizationCost)
780,646,22,5286,6162,802,2   711,230,24,4928,6862,874,2   573,491,16,3338,4408,583,4   466,713,9,7140,7712,328,4   580,515,15,4304,5306,547,3   785,684,29,5125,7385,1057,1   1798,482,16,2091,3397,583,1   1254,401,11,1032,1944,401,5   1267,503,24,4393,6113,874,4   1692,387,19,5708,7136,692,2   1346,517,24,3994,6152,874,2   1640,434,7,4489,5177,255,5   952,712,29,5241,7145,1057,1   300,610,19,4816,6380,692,1   735,309,5,1961,2285,182,1   1201,417,19,4311,5273,692,1   912,561,22,27,1511,802,5   682,725,16,597,1617,583,2   556,373,21,1317,3301,765,2   437,502,15,2322,3214,547,4   1244,258,8,3270,3992,291,1   346,373,24,1115,3111,874,3   1686,512,24,5747,7819,874,2   1612,372,12,5229,6297,437,3   1369,252,28,3402,5354,1020,4   869,647,3,3215,3403,109,5   1517,668,12,4610,5402,437,1   875,666,6,6238,6710,219,2   421,332,19,4278,5190,692,3   1487,492,10,5846,6630,364,2   734,421,8,2714,3452,291,3   555,624,25,1178,3148,911,5   1791,481,20,1182,2406,729,5   1089,427,3,927,1159,109,4   1529,435,24,2980,4146,874,4   320,416,21,885,2571,765,5   1670,625,8,3730,4452,291,4   512,609,22,4550,6002,802,5   1644,378,28,2383,4811,1020,1   1538,497,23,540,2556,838,5   1697,615,20,3523,4457,729,1   106,330,22,626,2148,802,5   1565,227,18,6013,6911,656,3   607,835,17,5666,6808,619,3   1837,538,13,6261,6887,474,4   1511,654,22,5968,7594,802,5   988,57,7,4896,5396,255,2   1437,655,29,752,2270,1057,1   833,230,18,6496,7522,656,3   741,20,25,0,1982,911,4
!----------------------------------------------------------------
!Recharge stations: x,y
300,0   674,747   1212,82   1820,396   146,610   594,208   900,186   1024,417   1145,426   1792,477   576,776   239,630   1713,323   1471,501   1667,668   355,687   236,202   588,459   1324,526   153,521

g inverse recharge rate 0.71
