!----------------------------------------------------------------
!Stores: (first: depot x,y; then: satellites x,y,maxCap)
300,0   1982,476,1000   985,805,1000   1474,624,1000   1117,188,1000
!----------------------------------------------------------------
!Trucks: (total#, cap, cost/dist, fixcost)
6,250,1,150
!----------------------------------------------------------------
!CityFreighters: (max cf/sat, total#, cap, cost/dist, fixcost, maxCharge, energyConsumption)
10,10,125,1,80,1000,1
!----------------------------------------------------------------
!Customers: (x, y, demand, readyTime, dueDate, serviceTime, penalizationCost)
615,600,27,4403,6831,1042,1   1511,329,23,4725,6333,888,1   1782,526,8,2738,3176,309,1   509,649,9,4082,4840,347,2   450,391,4,3225,3555,154,1   1103,297,6,5649,6021,232,3   1090,759,8,4666,5172,309,4   1777,471,16,1210,2394,617,3   503,585,9,3235,3779,347,5   991,253,27,5237,7101,1042,4   236,534,13,4940,5576,502,1   1027,793,24,0,2343,926,5   1206,221,6,6631,7137,232,2   1774,556,7,2209,2729,270,3   500,471,22,0,2033,849,3   220,533,17,492,2276,656,3   270,402,22,3310,4666,849,2   370,540,17,2887,4485,656,5   248,532,7,2478,3136,270,4   1473,452,19,1330,2666,733,4   1005,700,6,5383,5843,232,5   1218,251,4,2274,2556,154,4   1461,480,29,4586,6990,1119,1   729,658,4,6163,6507,154,3   1377,537,25,2708,4038,965,5   1747,396,8,586,1180,309,5   524,662,7,836,1324,270,3   490,273,19,5334,6830,733,1   217,544,6,6081,6471,232,1   445,318,24,2035,4111,926,5   1401,748,23,0,2405,888,5   858,647,16,744,2208,617,5   1700,356,25,4087,6293,965,1   1207,342,12,582,1714,463,2   924,339,5,1195,1669,193,5   1074,619,25,5566,7092,965,5   1391,295,26,2116,4642,1003,2   789,284,18,3640,4882,695,3   884,539,16,845,2127,617,3   277,552,23,4263,5587,888,3   1234,712,29,4431,7297,1119,5   1048,910,5,733,1143,193,5   1718,576,27,2402,3958,1042,2   629,161,16,5476,6722,617,4   363,216,5,5211,5639,193,3   1205,170,29,4668,6946,1119,2   993,642,8,2196,2804,309,1   1381,476,7,3959,4671,270,5   1648,835,20,310,1950,772,2   1243,138,19,5448,7378,733,5
!----------------------------------------------------------------
!Recharge stations: x,y
300,0   1982,476   985,805   1474,624   1117,188   470,426   1269,663

g inverse recharge rate 0.67
