!----------------------------------------------------------------
!Stores: (first: depot x,y; then: satellites x,y,maxCap)
300,0   14,516,1000   900,857,1000   226,729,1000   1523,387,1000
!----------------------------------------------------------------
!Trucks: (total#, cap, cost/dist, fixcost)
6,250,1,150
!----------------------------------------------------------------
!CityFreighters: (max cf/sat, total#, cap, cost/dist, fixcost, maxCharge, energyConsumption)
10,10,125,1,80,1000,1
!----------------------------------------------------------------
!Customers: (x, y, demand, readyTime, dueDate, serviceTime, penalizationCost)
1319,462,5,6142,6622,231,1   1081,616,7,6734,7454,324,4   450,560,7,2996,3714,324,5   744,686,25,1688,4028,1156,3   227,439,18,934,2140,833,1   1544,529,20,1865,3107,925,3   1075,473,18,4744,6640,833,3   1297,233,19,2620,4530,879,2   904,687,29,0,2763,1341,2   643,611,27,1575,3421,1249,5   1565,665,29,3541,5727,1341,3   1065,333,29,0,2716,1341,3   1500,324,11,3131,3867,509,1   1432,354,22,5788,7422,1018,3   853,713,19,224,1964,879,3   302,509,13,5345,6921,601,4   1286,463,28,5622,7488,1295,1   981,764,6,7576,8226,278,3   211,508,22,5706,7112,1018,2   1151,357,4,5355,5761,185,5   780,320,5,2466,2960,231,2   1193,762,21,367,2029,971,5   1067,379,8,1967,2713,370,5   282,420,18,1951,3805,833,5   469,601,3,2256,2600,139,4   1506,342,19,2428,4450,879,5   1686,616,7,1220,2018,324,4   1629,594,7,5627,6325,324,4   1703,469,9,2884,3748,416,4   1456,503,7,2228,2938,324,5   1129,307,8,4172,5076,370,1   1160,338,15,6145,7809,694,4   361,615,15,1036,2206,694,1   1119,208,16,2308,3422,740,5   412,308,11,4455,5557,509,3   1528,661,5,6969,7337,231,5   1697,511,18,2737,4187,833,2   1184,516,3,4024,4332,139,1   1284,408,22,6455,7867,1018,1   1645,510,27,4373,7913,1249,3   1502,365,9,1572,2278,416,2   200,285,12,6730,7868,555,5   1168,618,5,4971,5563,231,5   1228,143,27,4976,8616,1249,1   887,54,19,2383,3957,879,1   934,389,18,2788,4472,833,4   118,716,4,4937,5195,185,5   1557,122,26,974,2978,1203,2   1865,539,5,2923,3469,231,5   0,500,7,4230,4866,324,2
!----------------------------------------------------------------
!Recharge stations: x,y
300,0   14,516   900,857   226,729   1523,387   1473,232   516,325   1556,602   321,460   1133,641   162,451   212,453   1307,759   289,677   766,685   600,305   832,269   336,217   247,557   405,277

g inverse recharge rate 0.75
