!----------------------------------------------------------------
!Stores: (first: depot x,y; then: satellites x,y,maxCap)
300,0   19,412,1000   1569,459,1000   942,291,1000   915,886,1000
!----------------------------------------------------------------
!Trucks: (total#, cap, cost/dist, fixcost)
6,250,1,150
!----------------------------------------------------------------
!CityFreighters: (max cf/sat, total#, cap, cost/dist, fixcost, maxCharge, energyConsumption)
10,10,125,1,80,1000,1
!----------------------------------------------------------------
!Customers: (x, y, demand, readyTime, dueDate, serviceTime, penalizationCost)
351,600,3,5945,6123,99,5   1478,561,13,1188,2188,429,3   343,526,13,5953,6931,429,5   1430,715,15,1838,2756,495,4   1180,363,24,2380,4110,793,5   1694,455,24,2940,4302,793,2   729,716,24,4729,5911,793,3   1431,751,7,3913,4297,231,2   1121,679,13,884,1612,429,3   1730,487,7,2683,3037,231,4   1011,611,13,3706,4686,429,2   936,759,3,1843,1933,99,1   566,574,25,3302,4808,826,4   1375,345,29,1815,3293,958,5   1404,295,8,5332,5848,264,4   1157,552,18,6145,6929,594,2   1088,740,15,433,1259,495,4   1156,345,28,0,1654,925,4   297,560,11,3720,4466,363,3   335,368,23,81,1991,760,1   455,416,20,879,2057,661,5   1569,399,25,585,1985,826,4   1106,454,25,3425,5399,826,3   1026,309,25,457,2647,826,2   1712,607,26,327,2621,859,4   1667,468,18,2614,3950,594,3   1326,541,21,614,2374,694,3   446,474,16,3595,4573,528,1   1027,276,15,3898,4854,495,1   601,343,28,3135,4229,925,3   1234,725,12,4336,5148,396,3   577,344,24,2699,4609,793,4   997,505,28,450,2314,925,3   689,655,11,5076,5926,363,1   820,475,7,4000,4508,231,5   1386,363,12,5924,6678,396,3   1374,619,28,3953,5669,925,4   634,766,17,4921,6227,561,1   1069,762,11,2330,3084,363,4   1463,514,9,1824,2422,297,1   380,752,20,2183,3617,661,2   267,433,22,4220,5724,727,5   697,595,6,3153,3807,198,1   367,732,27,4260,5590,892,2   757,20,16,3722,4484,528,2   289,398,16,3019,4261,528,2   1696,780,24,628,1782,793,3   1568,507,9,3831,4479,297,5   728,52,28,4476,6080,925,4   708,701,21,817,2545,694,3
!----------------------------------------------------------------
!Recharge stations: x,y
300,0   19,412   1569,459   942,291   915,886   472,502   1451,479

g inverse recharge rate 0.65
