!----------------------------------------------------------------
!Stores: (first: depot x,y; then: satellites x,y,maxCap)
300,0   202,728,1000   890,151,1000   513,786,1000   1784,582,1000
!----------------------------------------------------------------
!Trucks: (total#, cap, cost/dist, fixcost)
6,250,1,150
!----------------------------------------------------------------
!CityFreighters: (max cf/sat, total#, cap, cost/dist, fixcost, maxCharge, energyConsumption)
10,10,125,1,80,1000,1
!----------------------------------------------------------------
!Customers: (x, y, demand, readyTime, dueDate, serviceTime, penalizationCost)
1750,415,9,6600,7016,325,2   841,486,16,4026,4924,577,5   899,411,18,3977,5167,650,4   388,556,12,403,1021,433,1   393,583,29,1067,3267,1046,1   839,230,24,4894,6690,866,3   643,498,20,3371,4727,722,3   337,493,29,2269,4377,1046,5   999,763,12,1055,2051,433,1   1500,311,15,4548,5564,541,2   963,247,4,5722,6004,144,2   798,280,29,2092,3920,1046,5   577,520,6,664,1154,217,2   1797,503,9,5582,6182,325,5   677,431,16,1856,2988,577,2   824,704,7,3199,3591,253,5   459,457,24,2713,4941,866,1   1114,683,29,3474,5276,1046,1   619,594,18,2247,4027,650,3   1160,259,7,6747,7241,253,1   1047,255,26,196,1360,938,1   343,365,6,6002,6438,217,5   441,433,9,5509,5989,325,1   473,433,12,4114,5308,433,2   407,687,26,293,2391,938,3   790,432,16,5765,7039,577,5   1297,414,19,1689,3197,686,5   405,375,3,4607,4783,108,2   1439,389,25,3612,5584,902,1   594,417,9,2125,2851,325,2   341,609,23,5415,6871,830,5   775,660,11,5263,6027,397,1   352,634,22,2801,5201,794,4   357,638,10,1437,2305,361,1   1159,427,3,4125,4363,108,2   281,607,27,911,2923,974,4   1068,421,25,3597,4621,902,5   905,634,14,4275,5451,505,2   1419,319,20,843,2557,722,2   1686,485,28,4860,6920,1010,5   944,857,27,2118,4470,974,4   1666,342,10,1187,1995,361,5   1434,829,9,5235,5923,325,2   1057,640,13,3080,4062,469,1   364,687,25,0,1543,902,5   409,496,20,5062,6858,722,4   1720,468,29,266,2240,1046,5   1379,702,24,1552,3286,866,3   1772,212,16,2494,3494,577,2   1585,896,7,4279,4703,253,2
!----------------------------------------------------------------
!Recharge stations: x,y
300,0   202,728   890,151   513,786   1784,582   448,468   986,218   351,644   341,622   717,273   826,244   365,552   746,715   636,773   1015,235

g inverse recharge rate 0.68
