!----------------------------------------------------------------
!Stores: (first: depot x,y; then: satellites x,y,maxCap)
300,0   1680,198,1000   1105,702,1000   1469,679,1000   967,345,1000
!----------------------------------------------------------------
!Trucks: (total#, cap, cost/dist, fixcost)
6,250,1,150
!----------------------------------------------------------------
!CityFreighters: (max cf/sat, total#, cap, cost/dist, fixcost, maxCharge, energyConsumption)
10,10,125,1,80,1000,1
!----------------------------------------------------------------
!Customers: (x, y, demand, readyTime, dueDate, serviceTime, penalizationCost)
802,540,20,2938,4000,591,2   1641,343,5,2247,2631,148,5   1184,667,26,3894,5440,769,2   942,312,28,4507,6209,828,3   1136,426,11,4715,5189,325,3   1212,394,11,4615,5525,325,2   962,605,16,2557,3671,473,4   463,582,13,1027,1747,384,3   491,462,25,2038,3610,739,3   675,621,26,2172,3892,769,2   1505,436,12,4887,5855,355,4   1719,382,10,164,908,296,3   378,359,25,3838,5414,739,3   843,452,14,3403,4425,414,5   625,721,19,4161,5209,562,5   1634,400,25,1907,3535,739,4   1057,607,29,7,1683,857,5   768,507,10,2637,3229,296,1   1543,611,14,1442,2452,414,1   685,382,10,3021,3611,296,2   1027,322,17,5100,5822,503,1   816,578,7,4117,4467,207,5   727,698,8,4307,4787,237,2   1301,421,18,2642,3610,532,5   358,485,13,2789,3493,384,5   1767,538,18,3940,4924,532,1   310,555,15,2776,4152,443,3   693,574,18,3664,4834,532,4   878,305,18,2616,3888,532,5   976,524,23,3940,5754,680,1   920,554,13,5035,6153,384,4   1291,546,23,3351,5271,680,4   799,506,10,2092,2660,296,1   890,602,24,1514,2868,710,3   1746,558,19,1303,2117,562,2   1331,642,25,3781,5053,739,4   1567,456,27,3950,5268,798,5   1295,261,18,2703,3599,532,3   1304,310,5,5529,5813,148,3   681,714,14,4558,5404,414,2   809,607,16,740,1750,473,2   725,388,8,1940,2404,237,4   103,632,4,3057,3297,118,1   1090,56,29,4046,5666,857,4   1906,663,25,192,1670,739,5   408,559,23,2676,3880,680,4   387,541,25,2497,3505,739,1   138,358,12,3107,3773,355,5   1414,489,25,0,1395,739,1   1645,614,3,4810,4988,89,1
!----------------------------------------------------------------
!Recharge stations: x,y
300,0   1680,198   1105,702   1469,679   967,345   326,462   761,296   1152,234   351,436   675,802   1276,477   613,572   1479,418   544,246   1956,463

g inverse recharge rate 0.56
