!----------------------------------------------------------------
!Stores: (first: depot x,y; then: satellites x,y,maxCap)
300,0   1314,650,1000   548,85,1000   70,356,1000   844,731,1000
!----------------------------------------------------------------
!Trucks: (total#, cap, cost/dist, fixcost)
6,250,1,150
!----------------------------------------------------------------
!CityFreighters: (max cf/sat, total#, cap, cost/dist, fixcost, maxCharge, energyConsumption)
10,10,125,1,80,1000,1
!----------------------------------------------------------------
!Customers: (x, y, demand, readyTime, dueDate, serviceTime, penalizationCost)
1140,489,22,3573,5365,844,3   1210,344,10,4417,5233,384,1   283,552,7,2008,2510,269,5   1743,579,11,1963,2893,422,4   660,253,15,6057,7105,575,5   808,679,4,6533,6867,153,4   288,610,3,3564,3874,115,4   1320,570,10,414,1498,384,5   984,331,29,5213,7059,1112,5   1198,680,17,1868,3184,652,4   1390,344,18,927,2505,691,3   1427,604,7,6490,6984,269,2   1264,777,19,2501,4081,729,4   1192,450,16,471,1923,614,3   1350,439,21,3604,5016,806,3   890,676,22,336,1904,844,1   1265,750,17,1972,2828,652,5   1488,311,23,390,2304,882,1   1676,533,17,521,1807,652,4   232,547,26,966,3382,997,1   1548,424,16,1001,2627,614,1   1087,469,19,2312,3448,729,5   577,324,11,3108,4268,422,3   200,500,25,1534,4026,959,5   1621,484,11,2177,3153,422,1   1585,514,27,1698,4130,1036,5   457,347,10,5694,6806,384,5   1507,592,12,2137,3063,460,3   316,368,13,3793,4697,499,3   512,602,9,6512,7334,345,4   1445,645,28,1695,4793,1074,4   805,561,5,3666,3962,192,3   342,511,23,1305,3309,882,3   1639,556,18,492,2058,691,5   825,343,7,278,802,269,4   1751,499,18,4050,5440,691,1   1684,637,18,5173,6877,691,2   1472,666,8,3616,4376,307,3   1094,424,11,5136,6096,422,4   1701,426,18,566,1788,691,4   1345,660,19,5712,6800,729,5   878,16,28,1681,3363,1074,2   216,792,7,4744,5238,269,3   961,798,21,4498,6700,806,5   1184,801,12,2160,3010,460,2   1274,186,22,952,2456,844,3   928,905,19,1806,2970,729,3   1061,989,25,2141,4239,959,2   474,471,11,4514,5566,422,1   248,292,11,4067,4933,422,1
!----------------------------------------------------------------
!Recharge stations: x,y
300,0   1314,650   548,85   70,356   844,731   273,357   372,710   1529,261   1270,389   655,302   1674,380   1396,767   244,452   1523,709   426,287   921,702   861,575   1356,580   529,269   122,368

g inverse recharge rate 0.68
