!----------------------------------------------------------------
!Stores: (first: depot x,y; then: satellites x,y,maxCap)
300,0   1301,770,1000   254,805,1000   1042,125,1000   1949,604,1000
!----------------------------------------------------------------
!Trucks: (total#, cap, cost/dist, fixcost)
6,250,1,150
!----------------------------------------------------------------
!CityFreighters: (max cf/sat, total#, cap, cost/dist, fixcost, maxCharge, energyConsumption)
10,10,125,1,80,1000,1
!----------------------------------------------------------------
!Customers: (x, y, demand, readyTime, dueDate, serviceTime, penalizationCost)
629,336,12,1784,2738,496,5   460,387,11,3452,4072,455,3   1688,429,16,952,2308,662,4   1449,542,25,5031,7411,1034,5   1029,651,18,204,1710,745,1   747,647,19,568,2274,786,4   944,670,19,5853,7447,786,2   459,321,9,5311,5943,372,4   748,672,13,1351,2129,538,2   1734,562,20,3148,4700,827,3   1006,523,10,6604,7450,414,5   1115,344,26,988,2828,1075,3   525,572,20,5500,6888,827,3   1099,637,15,1864,3056,620,2   1733,426,29,2630,5472,1200,3   1239,422,13,5674,6700,538,1   1582,312,21,2090,3968,869,2   1221,729,21,4878,6210,869,3   649,668,28,1901,4557,1158,3   1435,250,6,840,1102,248,3   371,320,9,6008,6688,372,4   610,490,11,2214,2974,455,4   752,225,18,2860,4354,745,1   1763,453,14,2737,3559,579,3   865,652,6,6953,7457,248,4   749,601,9,2843,3443,372,3   397,456,7,4537,5165,290,3   716,621,10,3301,3871,414,1   1500,608,12,2249,2861,496,5   851,771,22,280,1864,910,1   1686,622,13,3236,4636,538,2   1555,455,11,1376,2242,455,4   680,485,6,5998,6454,248,2   1377,463,6,3227,3859,248,4   1630,501,6,5474,5936,248,5   1619,511,20,5579,7339,827,4   1578,620,11,6443,7133,455,2   387,409,15,2884,3928,620,4   859,326,16,5650,6866,662,5   586,446,8,4457,5165,331,3   1582,357,9,2291,3069,372,3   814,501,29,4473,7167,1200,1   1113,156,28,0,1751,1158,5   1276,752,24,5422,7566,993,4   1706,620,19,2562,4084,786,4   1741,645,14,5999,6979,579,2   1451,629,15,5288,6566,620,2   1925,391,14,4598,5966,579,1   1433,513,6,2306,2688,248,1   1047,330,18,2519,4107,745,5
!----------------------------------------------------------------
!Recharge stations: x,y
300,0   1301,770   254,805   1042,125   1949,604   786,558   961,757   592,546   1796,454   1828,482   282,366   306,487   1226,891   1253,280   420,427

g inverse recharge rate 0.7
