!----------------------------------------------------------------
!Stores: (first: depot x,y; then: satellites x,y,maxCap)
300,0   732,403,1000   1811,773,1000   1333,923,1000   292,524,1000
!----------------------------------------------------------------
!Trucks: (total#, cap, cost/dist, fixcost)
6,250,1,150
!----------------------------------------------------------------
!CityFreighters: (max cf/sat, total#, cap, cost/dist, fixcost, maxCharge, energyConsumption)
10,10,125,1,80,1000,1
!----------------------------------------------------------------
!Customers: (x, y, demand, readyTime, dueDate, serviceTime, penalizationCost)
272,537,9,2802,3426,351,5   717,464,19,1611,3247,741,4   753,610,16,2816,4224,624,3   1518,502,16,2861,3915,624,4   1131,684,12,1624,2624,468,5   276,491,14,4087,5075,546,3   1242,541,20,3806,5352,780,3   1422,645,20,5280,6722,780,1   1749,415,25,4164,6038,974,3   841,499,16,1431,2369,624,4   557,543,10,4090,5170,390,5   522,388,24,2907,5055,936,3   1258,718,12,5958,6864,468,4   1072,451,15,2137,3237,585,2   1490,350,18,167,1727,702,5   1141,314,12,3603,4697,468,3   484,494,10,4283,5203,390,3   428,624,18,3059,4673,702,5   342,653,23,4507,6083,897,5   578,526,22,3317,4621,858,4   1372,269,7,3025,3665,273,4   830,523,4,6872,7156,156,1   482,297,5,6655,7087,195,1   1602,373,29,0,1950,1130,1   1486,588,10,4622,5208,390,3   649,414,25,5190,7268,974,3   1025,382,17,2205,3403,663,3   1065,439,14,4815,5789,546,5   660,685,6,716,1126,234,3   656,350,16,2653,3929,624,3   989,787,23,3811,5733,897,1   905,667,8,6731,7335,312,5   1641,625,25,1055,3457,974,1   438,562,7,5092,5670,273,4   769,310,22,3029,4563,858,2   1748,516,26,1086,3198,1013,4   487,628,16,3300,4750,624,4   572,723,10,2064,2878,390,2   216,479,6,2379,2967,234,5   798,595,22,1256,2936,858,4   1297,866,28,1412,3206,1091,5   1021,106,11,2629,3613,429,4   1523,174,3,3060,3390,117,5   31,431,20,4701,6465,780,4   1776,656,3,2494,2706,117,1   1660,243,24,3223,5327,936,1   1965,617,14,1820,2856,546,1   284,442,8,686,1396,312,5   312,522,25,4328,6328,974,4   467,589,20,69,1941,780,2
!----------------------------------------------------------------
!Recharge stations: x,y
300,0   732,403   1811,773   1333,923   292,524   532,607   1579,633   1365,729   1029,248   1581,368

g inverse recharge rate 0.68
