!----------------------------------------------------------------
!Stores: (first: depot x,y; then: satellites x,y,maxCap)
300,0   1982,476,1000   985,805,1000   1474,624,1000   1117,188,1000
!----------------------------------------------------------------
!Trucks: (total#, cap, cost/dist, fixcost)
6,250,1,150
!----------------------------------------------------------------
!CityFreighters: (max cf/sat, total#, cap, cost/dist, fixcost, maxCharge, energyConsumption)
10,10,125,1,80,1000,1
!----------------------------------------------------------------
!Customers: (x, y, demand, readyTime, dueDate, serviceTime, penalizationCost)
615,600,27,3829,6425,1042,1   1511,329,23,0,1787,888,2   1782,526,8,1439,2007,309,2   509,649,9,4731,5243,347,1   450,391,4,2284,2534,154,1   1103,297,6,1218,1662,232,4   1090,759,8,3433,4067,309,4   1777,471,16,5972,6918,617,4   503,585,9,5632,6368,347,5   991,253,27,3993,6381,1042,5   236,534,13,942,1950,502,1   1027,793,24,1467,2729,926,2   1206,221,6,6713,7195,232,2   1774,556,7,3269,3821,270,5   500,471,22,4414,6428,849,3   220,533,17,1400,2690,656,3   270,402,22,3095,5031,849,3   370,540,17,673,1551,656,4   248,532,7,5432,5986,270,4   1473,452,19,3694,5734,733,4   1005,700,6,4987,5567,232,2   1218,251,4,1086,1346,154,3   1461,480,29,3589,6209,1119,5   729,658,4,692,1030,154,3   1377,537,25,2646,4242,965,1   1747,396,8,3410,4260,309,2   524,662,7,5803,6237,270,2   490,273,19,4903,6355,733,2   217,544,6,5090,5506,232,2   445,318,24,5406,6578,926,4   1401,748,23,2341,3741,888,4   858,647,16,1089,2515,617,1   1700,356,25,3089,4921,965,5   1207,342,12,2291,3267,463,5   924,339,5,2413,2715,193,3   1074,619,25,2171,3963,965,5   1391,295,26,1160,3338,1003,5   789,284,18,2550,3910,695,3   884,539,16,3168,4620,617,3   277,552,23,4482,6272,888,5   1234,712,29,0,1872,1119,5   1048,910,5,4454,4922,193,5   1718,576,27,3817,6393,1042,3   629,161,16,2188,3554,617,1   363,216,5,1131,1435,193,3   1205,170,29,1990,3896,1119,1   993,642,8,1931,2493,309,1   1381,476,7,5054,5638,270,1   1648,835,20,3769,5213,772,3   1243,138,19,3129,4675,733,3
!----------------------------------------------------------------
!Recharge stations: x,y
300,0   1982,476   985,805   1474,624   1117,188   470,426   1269,663   687,469   521,365   1752,431   808,433   718,386   674,489   539,450   698,349   1401,422   1427,512   467,422   1207,579   91,480

g inverse recharge rate 0.67
