!----------------------------------------------------------------
!Stores: (first: depot x,y; then: satellites x,y,maxCap)
300,0   674,747,1000   1212,82,1000   1820,396,1000   146,610,1000
!----------------------------------------------------------------
!Trucks: (total#, cap, cost/dist, fixcost)
6,250,1,150
!----------------------------------------------------------------
!CityFreighters: (max cf/sat, total#, cap, cost/dist, fixcost, maxCharge, energyConsumption)
10,10,125,1,80,1000,1
!----------------------------------------------------------------
!Customers: (x, y, demand, readyTime, dueDate, serviceTime, penalizationCost)
780,646,22,1610,3354,802,5   711,230,24,3482,4982,874,1   573,491,16,5615,6869,583,4   466,713,9,4895,5865,328,1   580,515,15,1981,2677,547,5   785,684,29,727,2127,1057,3   1798,482,16,2585,4097,583,4   1254,401,11,1850,2784,401,2   1267,503,24,3832,5658,874,3   1692,387,19,3181,4083,692,3   1346,517,24,681,2873,874,1   1640,434,7,2399,3095,255,1   952,712,29,4795,7009,1057,1   300,610,19,5016,6150,692,3   735,309,5,6939,7407,182,2   1201,417,19,1443,2599,692,1   912,561,22,1215,2643,802,2   682,725,16,6235,7075,583,3   556,373,21,3215,4383,765,5   437,502,15,1269,2605,547,4   1244,258,8,7146,7758,291,4   346,373,24,5693,7419,874,5   1686,512,24,3763,5955,874,5   1612,372,12,6418,7294,437,2   1369,252,28,1940,3734,1020,5   869,647,3,2758,2902,109,3   1517,668,12,4007,5029,437,4   875,666,6,1506,2018,219,3   421,332,19,910,2356,692,2   1487,492,10,6843,7281,364,5   734,421,8,3240,3762,291,3   555,624,25,1754,3380,911,2   1791,481,20,5837,7349,729,1   1089,427,3,6377,6553,109,4   1529,435,24,2584,4504,874,3   320,416,21,3662,4956,765,4   1670,625,8,7091,7629,291,5   512,609,22,6173,7435,802,4   1644,378,28,696,2862,1020,2   1538,497,23,2362,4232,838,3   1697,615,20,3684,5010,729,4   106,330,22,4806,6594,802,5   1565,227,18,4996,5848,656,3   607,835,17,804,1882,619,1   1837,538,13,4809,5893,474,5   1511,654,22,773,2321,802,4   988,57,7,5180,5900,255,5   1437,655,29,3503,5629,1057,1   833,230,18,3937,5881,656,2   741,20,25,837,2227,911,3
!----------------------------------------------------------------
!Recharge stations: x,y
300,0   674,747   1212,82   1820,396   146,610   594,208   900,186   1024,417   1145,426   1792,477   576,776   239,630   1713,323   1471,501   1667,668   355,687   236,202   588,459   1324,526   153,521   239,502   1273,594   965,466   350,401   1270,734   1344,753   1297,883   808,615   1762,287   1049,510

g inverse recharge rate 0.71
