!----------------------------------------------------------------
!Stores: (first: depot x,y; then: satellites x,y,maxCap)
300,0   1913,443,1000   1219,926,1000   608,792,1000   1816,280,1000
!----------------------------------------------------------------
!Trucks: (total#, cap, cost/dist, fixcost)
6,250,1,150
!----------------------------------------------------------------
!CityFreighters: (max cf/sat, total#, cap, cost/dist, fixcost, maxCharge, energyConsumption)
10,10,125,1,80,1000,1
!----------------------------------------------------------------
!Customers: (x, y, demand, readyTime, dueDate, serviceTime, penalizationCost)
623,450,10,5575,6389,415,2   281,390,29,2492,5220,1203,2   884,287,9,6099,7077,373,5   1629,573,29,3069,5917,1203,5   974,731,8,2701,3583,332,1   529,469,12,3167,3803,498,4   1551,495,8,510,1184,332,2   1351,754,3,1392,1578,124,3   602,631,10,571,1579,415,5   898,367,3,7707,8053,124,3   1699,559,21,1949,2993,871,4   378,609,17,4604,6238,705,3   370,498,3,6596,6782,124,1   469,445,17,4506,5886,705,2   1184,511,12,4646,5758,498,3   495,516,8,1670,2286,332,2   1495,720,6,523,997,249,3   530,438,28,2567,5033,1161,3   981,779,7,4237,4865,290,5   510,736,25,5587,8099,1037,3   361,612,10,2333,2991,415,3   1250,678,25,0,2197,1037,3   756,555,10,3720,4540,415,3   800,283,3,2004,2308,124,5   490,577,16,3662,4726,664,5   461,372,20,4992,6536,830,5   654,765,15,6693,8001,622,4   1709,537,25,2086,4066,1037,2   440,471,27,3471,5637,1120,1   571,333,21,2743,4295,871,1   1234,454,25,0,2368,1037,5   1631,401,20,6300,8032,830,3   598,321,13,2317,3771,539,5   1653,656,20,4530,5900,830,2   913,741,8,3214,3852,332,1   1356,482,28,698,2254,1161,5   1699,452,29,0,2995,1203,4   484,331,9,3659,4205,373,4   1148,231,7,6290,6774,290,1   1454,444,24,0,2505,996,1   1784,634,11,7192,8376,456,5   1304,192,12,3292,4574,498,4   1100,315,12,2819,3763,498,1   1382,546,17,4269,6037,705,1   1638,743,29,4390,6892,1203,1   633,80,29,3272,5740,1203,4   1600,703,24,6047,8481,996,1   1675,196,3,6381,6623,124,5   1892,642,20,530,3040,830,4   1161,242,23,2745,4745,954,1
!----------------------------------------------------------------
!Recharge stations: x,y
300,0   1913,443   1219,926   608,792   1816,280   1120,355   857,292   1951,593   934,802   1543,499   446,556   1631,279   618,418   876,562   1684,653   179,492   1561,414   220,579   881,173   364,870   1589,151   1300,690   1699,338   1107,831   125,616   1222,262   536,286   1214,623   381,712   1673,507   1849,448   1643,445   1427,733   1654,364   1818,492   1271,756   164,335   246,245   1988,453   336,508   1471,691   300,502   445,534   267,574   805,531   1711,655   1500,886   1345,618   1205,268   640,491   1388,324   1189,677   1751,382   1074,350   601,686

g inverse recharge rate 0.74
