!----------------------------------------------------------------
!Stores: (first: depot x,y; then: satellites x,y,maxCap)
300,0   1056,693,1000   103,661,1000   114,485,1000   1304,808,1000
!----------------------------------------------------------------
!Trucks: (total#, cap, cost/dist, fixcost)
6,250,1,150
!----------------------------------------------------------------
!CityFreighters: (max cf/sat, total#, cap, cost/dist, fixcost, maxCharge, energyConsumption)
10,10,125,1,80,1000,1
!----------------------------------------------------------------
!Customers: (x, y, demand, readyTime, dueDate, serviceTime, penalizationCost)
1163,500,29,1542,2928,1042,3   1367,493,17,5430,6248,611,2   1485,607,26,549,3007,934,3   1714,389,16,5324,6176,575,2   1141,670,10,1772,2494,359,3   342,564,29,31,2869,1042,1   881,394,10,1467,2635,359,3   363,652,13,5316,6478,467,2   1144,739,20,1064,2752,719,1   262,395,5,514,732,180,4   1289,387,5,667,1067,180,2   1060,256,28,2130,4384,1006,1   1137,712,4,3068,3416,144,4   877,554,6,1121,1615,216,2   387,602,17,2022,3520,611,1   499,280,28,1221,3443,1006,1   735,489,9,1024,1740,323,4   1138,223,5,4887,5199,180,3   1773,517,24,4299,5565,862,5   463,646,22,727,2669,791,3   225,513,28,3943,5203,1006,4   987,328,14,3872,4790,503,5   1718,618,10,1852,2524,359,3   527,297,15,3003,4085,539,2   1653,580,26,1831,3605,934,4   847,769,3,6009,6265,108,3   429,548,20,2486,4034,719,3   745,448,19,2849,4003,683,2   1593,500,3,4548,4840,108,3   469,718,18,2102,3366,647,2   1343,759,21,3371,5153,755,4   1460,507,4,2265,2491,144,1   1261,735,24,2070,3378,862,1   722,686,29,4709,6865,1042,3   1404,478,14,4731,5849,503,5   677,632,22,1304,2342,791,2   1007,383,4,3686,3944,144,1   461,675,26,4163,5631,934,2   1362,527,13,5664,6490,467,4   980,486,3,6878,7098,108,2   644,679,20,5055,6689,719,4   406,154,21,4364,5854,755,1   1111,292,15,3757,4651,539,3   367,807,6,2239,2621,216,2   285,608,27,698,2308,970,5   849,557,29,981,2807,1042,1   394,411,29,4771,6675,1042,5   637,836,17,4198,5280,611,4   462,155,6,644,958,216,3   334,751,11,2604,3534,395,2
!----------------------------------------------------------------
!Recharge stations: x,y
300,0   1056,693   103,661   114,485   1304,808   1615,737   1344,598   1012,905   103,417   1523,354   1299,814   158,541   567,722   1701,635   976,253

g inverse recharge rate 0.65
