!----------------------------------------------------------------
!Stores: (first: depot x,y; then: satellites x,y,maxCap)
300,0   202,728,1000   890,151,1000   513,786,1000   1784,582,1000
!----------------------------------------------------------------
!Trucks: (total#, cap, cost/dist, fixcost)
6,250,1,150
!----------------------------------------------------------------
!CityFreighters: (max cf/sat, total#, cap, cost/dist, fixcost, maxCharge, energyConsumption)
10,10,125,1,80,1000,1
!----------------------------------------------------------------
!Customers: (x, y, demand, readyTime, dueDate, serviceTime, penalizationCost)
1750,415,9,3402,4166,325,1   841,486,16,748,1848,577,4   899,411,18,1605,3071,650,2   388,556,12,426,1246,433,4   393,583,29,2041,4183,1046,2   839,230,24,3707,5589,866,1   643,498,20,5186,6530,722,2   337,493,29,3833,5709,1046,2   999,763,12,6390,7366,433,5   1500,311,15,1020,1856,541,4   963,247,4,6260,6502,144,2   798,280,29,2789,4833,1046,2   577,520,6,3978,4480,217,2   1797,503,9,3326,3980,325,1   677,431,16,941,2103,577,4   824,704,7,4466,4978,253,1   459,457,24,477,2389,866,2   1114,683,29,5168,6424,1046,4   619,594,18,2496,3666,650,2   1160,259,7,2244,2812,253,1   1047,255,26,0,1827,938,5   343,365,6,6399,6887,217,5   441,433,9,5087,5621,325,4   473,433,12,1003,1821,433,4   407,687,26,5411,7155,938,3   790,432,16,1526,2628,577,2   1297,414,19,101,1725,686,5   405,375,3,3820,4078,108,4   1439,389,25,166,1998,902,3   594,417,9,3099,3681,325,2   341,609,23,0,2070,830,5   775,660,11,6110,6932,397,3   352,634,22,3357,4575,794,3   357,638,10,944,1502,361,1   1159,427,3,6967,7219,108,5   281,607,27,190,2116,974,4   1068,421,25,2757,5019,902,2   905,634,14,2443,3631,505,2   1419,319,20,1484,3538,722,4   1686,485,28,3052,3978,1010,2   944,857,27,2654,4616,974,2   1666,342,10,3876,4672,361,3   1434,829,9,967,1621,325,2   1057,640,13,229,1273,469,5   364,687,25,1284,3014,902,4   409,496,20,3881,5233,722,5   1720,468,29,907,3389,1046,1   1379,702,24,2815,4193,866,1   1772,212,16,2003,2709,577,4   1585,896,7,5722,6124,253,4
!----------------------------------------------------------------
!Recharge stations: x,y
300,0   202,728   890,151   513,786   1784,582   448,468   986,218   351,644   341,622   717,273

g inverse recharge rate 0.68
