!----------------------------------------------------------------
!Stores: (first: depot x,y; then: satellites x,y,maxCap)
300,0   1314,650,1000   548,85,1000   70,356,1000   844,731,1000
!----------------------------------------------------------------
!Trucks: (total#, cap, cost/dist, fixcost)
6,250,1,150
!----------------------------------------------------------------
!CityFreighters: (max cf/sat, total#, cap, cost/dist, fixcost, maxCharge, energyConsumption)
10,10,125,1,80,1000,1
!----------------------------------------------------------------
!Customers: (x, y, demand, readyTime, dueDate, serviceTime, penalizationCost)
1140,489,22,826,3152,844,3   1210,344,10,6113,6841,384,5   283,552,7,806,1426,269,3   1743,579,11,1110,2002,422,5   660,253,15,1204,2864,575,5   808,679,4,6774,7122,153,2   288,610,3,6173,6357,115,2   1320,570,10,4456,5024,384,5   984,331,29,3388,6302,1112,2   1198,680,17,3698,5144,652,4   1390,344,18,476,2066,691,3   1427,604,7,4518,5066,269,2   1264,777,19,5446,6646,729,1   1192,450,16,4608,5586,614,2   1350,439,21,4705,6281,806,1   890,676,22,6030,7212,844,4   1265,750,17,1192,2142,652,4   1488,311,23,1212,3164,882,3   1676,533,17,5079,6525,652,1   232,547,26,741,2179,997,5   1548,424,16,4385,5651,614,5   1087,469,19,3104,4650,729,2   577,324,11,6205,7133,422,1   200,500,25,0,1845,959,5   1621,484,11,1497,2485,422,1   1585,514,27,0,2191,1036,3   457,347,10,729,1515,384,3   1507,592,12,4735,5255,460,3   316,368,13,2739,3901,499,5   512,602,9,1212,2062,345,1   1445,645,28,3362,4892,1074,5   805,561,5,4220,4716,192,3   342,511,23,1116,2542,882,1   1639,556,18,3335,4203,691,5   825,343,7,2005,2613,269,4   1751,499,18,1229,3211,691,1   1684,637,18,5606,6572,691,4   1472,666,8,4534,5294,307,2   1094,424,11,2347,2979,422,4   1701,426,18,3191,4885,691,2   1345,660,19,5033,6789,729,5   878,16,28,401,2265,1074,2   216,792,7,3408,3878,269,4   961,798,21,807,2397,806,2   1184,801,12,5205,6321,460,2   1274,186,22,4832,6686,844,1   928,905,19,4924,6250,729,4   1061,989,25,827,2547,959,3   474,471,11,4850,5726,422,2   248,292,11,1533,2633,422,5
!----------------------------------------------------------------
!Recharge stations: x,y
300,0   1314,650   548,85   70,356   844,731   273,357   372,710   1529,261   1270,389   655,302

g inverse recharge rate 0.68
