!----------------------------------------------------------------
!Stores: (first: depot x,y; then: satellites x,y,maxCap)
300,0   341,811,1000   468,469,1000   1903,681,1000   1739,317,1000
!----------------------------------------------------------------
!Trucks: (total#, cap, cost/dist, fixcost)
6,250,1,150
!----------------------------------------------------------------
!CityFreighters: (max cf/sat, total#, cap, cost/dist, fixcost, maxCharge, energyConsumption)
10,10,125,1,80,1000,1
!----------------------------------------------------------------
!Customers: (x, y, demand, readyTime, dueDate, serviceTime, penalizationCost)
1457,621,29,3389,5397,1354,5   1369,514,15,4526,5776,701,1   450,294,18,4768,6030,841,1   1201,625,4,5783,6213,187,3   303,393,10,562,1470,467,1   626,373,9,5493,6051,420,2   986,751,21,2918,5154,981,2   1687,572,6,6451,6971,280,1   807,535,17,2546,4118,794,5   957,602,7,7228,7814,327,5   1341,466,14,1787,2931,654,1   868,335,19,876,3168,887,4   1477,427,3,5198,5496,140,3   1710,513,7,1909,2693,327,2   297,516,18,6254,8004,841,2   1566,595,15,3642,5780,701,3   982,373,19,405,1739,887,1   602,560,12,4841,5893,560,5   1018,575,17,4670,6098,794,5   681,511,19,4088,6098,887,1   390,389,12,2431,3479,560,1   1717,407,3,1885,2179,140,4   812,728,4,7240,7616,187,3   1482,411,11,6798,7898,514,4   1121,230,9,4031,4773,420,1   724,609,5,7564,7978,234,1   732,543,7,2957,3633,327,4   1701,427,5,3837,4375,234,3   1429,411,26,3465,5961,1214,2   1580,334,6,4137,4565,280,4   1542,363,4,5541,5973,187,4   446,356,26,3133,5079,1214,3   1325,511,28,2281,4463,1308,5   1040,543,14,3788,5502,654,5   839,762,10,5199,6189,467,3   826,427,25,2083,4779,1168,3   1622,535,18,916,2374,841,3   1205,493,22,1166,3008,1027,5   1756,487,13,1329,2149,607,5   1757,458,13,2048,2694,607,1   1205,634,26,473,2739,1214,4   968,82,17,3609,4853,794,2   552,907,29,1813,4335,1354,5   933,725,11,3708,4490,514,3   1702,535,16,5241,6657,747,3   1374,356,9,3469,4435,420,1   1225,149,10,3933,5055,467,2   1029,837,20,1417,3687,934,3   894,84,23,291,2681,1074,5   210,630,15,2594,3538,701,5
!----------------------------------------------------------------
!Recharge stations: x,y
300,0   341,811   468,469   1903,681   1739,317   848,592   1099,507   911,413   213,615   548,783   383,254   565,713   1717,496   1501,750   472,394

g inverse recharge rate 0.74
