!----------------------------------------------------------------
!Stores: (first: depot x,y; then: satellites x,y,maxCap)
300,0   14,516,1000   900,857,1000   226,729,1000   1523,387,1000
!----------------------------------------------------------------
!Trucks: (total#, cap, cost/dist, fixcost)
6,250,1,150
!----------------------------------------------------------------
!CityFreighters: (max cf/sat, total#, cap, cost/dist, fixcost, maxCharge, energyConsumption)
10,10,125,1,80,1000,1
!----------------------------------------------------------------
!Customers: (x, y, demand, readyTime, dueDate, serviceTime, penalizationCost)
1319,462,5,3589,4277,231,4   1081,616,7,4306,4812,324,1   450,560,7,6502,7158,324,2   744,686,25,5053,6787,1156,4   227,439,18,295,2393,833,3   1544,529,20,1320,3116,925,1   1075,473,18,2134,3782,833,3   1297,233,19,3265,5209,879,3   904,687,29,499,2957,1341,1   643,611,27,969,4381,1249,5   1565,665,29,5155,7897,1341,1   1065,333,29,2711,5669,1341,4   1500,324,11,1849,2827,509,5   1432,354,22,5152,7270,1018,4   853,713,19,925,2585,879,4   302,509,13,4357,5575,601,3   1286,463,28,0,2040,1295,3   981,764,6,5015,5639,278,4   211,508,22,922,3068,1018,5   1151,357,4,3045,3373,185,4   780,320,5,1071,1363,231,4   1193,762,21,2444,4754,971,5   1067,379,8,6383,7185,370,5   282,420,18,4150,5688,833,4   469,601,3,2279,2547,139,1   1506,342,19,3221,4933,879,1   1686,616,7,4228,4790,324,4   1629,594,7,4684,5308,324,1   1703,469,9,6885,7821,416,3   1456,503,7,1943,2523,324,3   1129,307,8,5892,6374,370,5   1160,338,15,3297,4577,694,5   361,615,15,2643,4227,694,4   1119,208,16,584,1586,740,4   412,308,11,2621,3907,509,2   1528,661,5,6778,7270,231,1   1697,511,18,3921,5593,833,1   1184,516,3,3833,4183,139,5   1284,408,22,4315,6313,1018,2   1645,510,27,353,3327,1249,5   1502,365,9,6457,7023,416,5   200,285,12,3771,4945,555,5   1168,618,5,602,1138,231,2   1228,143,27,2614,5368,1249,2   887,54,19,3323,5383,879,3   934,389,18,2236,3436,833,4   118,716,4,764,1112,185,4   1557,122,26,0,2288,1203,5   1865,539,5,7207,7807,231,2   0,500,7,7257,8015,324,3
!----------------------------------------------------------------
!Recharge stations: x,y
300,0   14,516   900,857   226,729   1523,387   1473,232   516,325   1556,602   321,460   1133,641   162,451   212,453   1307,759   289,677   766,685   600,305   832,269   336,217   247,557   405,277   1381,107   1851,680   1374,251   806,514   199,418

g inverse recharge rate 0.75
