!----------------------------------------------------------------
!Stores: (first: depot x,y; then: satellites x,y,maxCap)
300,0   737,750,1000   1403,735,1000   1207,746,1000   214,536,1000
!----------------------------------------------------------------
!Trucks: (total#, cap, cost/dist, fixcost)
6,250,1,150
!----------------------------------------------------------------
!CityFreighters: (max cf/sat, total#, cap, cost/dist, fixcost, maxCharge, energyConsumption)
10,10,125,1,80,1000,1
!----------------------------------------------------------------
!Customers: (x, y, demand, readyTime, dueDate, serviceTime, penalizationCost)
381,672,25,1010,3400,848,5   235,448,15,3869,4751,509,5   1527,689,11,3426,4014,373,3   991,692,10,3084,3726,339,3   1381,463,24,2395,3839,815,3   1331,325,10,4234,4818,339,1   280,463,3,6176,6408,102,1   1649,482,20,3775,4705,679,3   1251,279,18,807,2131,611,2   772,424,19,455,1851,645,2   601,399,5,4405,4745,170,1   826,529,15,513,1717,509,1   530,700,4,1514,1782,136,3   1347,369,20,1788,3232,679,4   358,653,26,2309,4697,882,2   1456,310,20,1708,2932,679,1   432,545,11,4089,4937,373,3   308,637,10,5770,6304,339,4   715,262,27,1658,3626,916,1   870,441,5,4777,5131,170,2   1624,425,17,1518,2848,577,5   253,551,5,5945,6243,170,4   630,527,19,1600,2520,645,2   1106,459,12,156,1210,407,3   968,772,26,405,1889,882,3   993,689,13,890,1956,441,2   242,444,28,4661,6151,950,1   1479,590,20,4185,5653,679,2   1436,406,20,3543,4411,679,5   516,737,26,806,2432,882,5   1581,667,26,2294,3906,882,4   1019,358,16,5100,6282,543,3   1616,672,13,264,1502,441,2   557,378,18,3758,4642,611,1   1394,537,22,1763,3247,747,1   1601,345,21,3410,4604,713,5   769,350,14,4982,5972,475,3   1790,485,17,1854,2854,577,2   814,743,26,4086,5792,882,2   399,364,29,2559,4009,984,3   835,490,8,2105,2587,272,3   533,911,20,1704,3130,679,4   630,548,10,2886,3864,339,2   1296,446,14,4679,5517,475,3   1428,556,6,4495,4859,204,3   278,269,6,3945,4293,204,3   646,530,3,2160,2288,102,4   1658,532,14,1406,2542,475,2   470,622,19,1232,2762,645,5   1838,751,9,5038,5524,305,3
!----------------------------------------------------------------
!Recharge stations: x,y
300,0   737,750   1403,735   1207,746   214,536   1130,505   1578,314   1186,382   970,162   665,917   1713,789   37,542   1171,701   275,335   1325,207

g inverse recharge rate 0.6
