!----------------------------------------------------------------
!Stores: (first: depot x,y; then: satellites x,y,maxCap)
300,0   1913,443,1000   1219,926,1000   608,792,1000   1816,280,1000
!----------------------------------------------------------------
!Trucks: (total#, cap, cost/dist, fixcost)
6,250,1,150
!----------------------------------------------------------------
!CityFreighters: (max cf/sat, total#, cap, cost/dist, fixcost, maxCharge, energyConsumption)
10,10,125,1,80,1000,1
!----------------------------------------------------------------
!Customers: (x, y, demand, readyTime, dueDate, serviceTime, penalizationCost)
623,450,10,5899,6605,415,4   281,390,29,4705,6835,1203,5   884,287,9,724,1392,373,1   1629,573,29,5208,7884,1203,5   974,731,8,6588,7312,332,4   529,469,12,4058,5148,498,1   1551,495,8,4527,5281,332,3   1351,754,3,5307,5623,124,1   602,631,10,5528,6260,415,5   898,367,3,1955,2193,124,5   1699,559,21,2593,4031,871,3   378,609,17,3971,5327,705,3   370,498,3,5240,5620,124,3   469,445,17,5078,6318,705,3   1184,511,12,805,1731,498,1   495,516,8,5234,6156,332,2   1495,720,6,6113,6571,249,1   530,438,28,2404,3800,1161,2   981,779,7,5029,5485,290,5   510,736,25,2465,4565,1037,2   361,612,10,6575,7535,415,5   1250,678,25,1181,1989,1037,2   756,555,10,6348,7492,415,4   800,283,3,2331,2541,124,5   490,577,16,2665,4317,664,2   461,372,20,5606,7360,830,3   654,765,15,1922,3038,622,3   1709,537,25,3769,5379,1037,2   440,471,27,1538,3936,1120,1   571,333,21,5078,6602,871,1   1234,454,25,450,3062,1037,5   1631,401,20,2350,3888,830,4   598,321,13,3022,4332,539,2   1653,656,20,920,2368,830,4   913,741,8,3272,3938,332,2   1356,482,28,1745,3589,1161,5   1699,452,29,1986,4396,1203,3   484,331,9,1912,2536,373,4   1148,231,7,6234,6506,290,5   1454,444,24,6143,7935,996,5   1784,634,11,276,1358,456,2   1304,192,12,2606,3780,498,2   1100,315,12,923,2021,498,1   1382,546,17,946,2318,705,5   1638,743,29,3375,5061,1203,1   633,80,29,420,2974,1203,4   1600,703,24,4790,6808,996,1   1675,196,3,2951,3237,124,3   1892,642,20,5075,6315,830,5   1161,242,23,3922,5464,954,1
!----------------------------------------------------------------
!Recharge stations: x,y
300,0   1913,443   1219,926   608,792   1816,280   1120,355   857,292   1951,593   934,802   1543,499   446,556   1631,279   618,418   876,562   1684,653   179,492   1561,414   220,579   881,173   364,870   1589,151   1300,690   1699,338   1107,831   125,616   1222,262   536,286   1214,623   381,712   1673,507

g inverse recharge rate 0.74
