!----------------------------------------------------------------
!Stores: (first: depot x,y; then: satellites x,y,maxCap)
300,0   1301,770,1000   254,805,1000   1042,125,1000   1949,604,1000
!----------------------------------------------------------------
!Trucks: (total#, cap, cost/dist, fixcost)
6,250,1,150
!----------------------------------------------------------------
!CityFreighters: (max cf/sat, total#, cap, cost/dist, fixcost, maxCharge, energyConsumption)
10,10,125,1,80,1000,1
!----------------------------------------------------------------
!Customers: (x, y, demand, readyTime, dueDate, serviceTime, penalizationCost)
629,336,12,5681,6921,496,2   460,387,11,2119,3019,455,5   1688,429,16,5163,6665,662,2   1449,542,25,2338,4054,1034,1   1029,651,18,1264,2546,745,3   747,647,19,6500,7102,786,3   944,670,19,4609,6227,786,3   459,321,9,3734,4712,372,5   748,672,13,3649,4901,538,3   1734,562,20,5028,6710,827,5   1006,523,10,4983,6095,414,5   1115,344,26,3698,5558,1075,4   525,572,20,5609,7591,827,1   1099,637,15,688,2150,620,2   1733,426,29,938,3304,1200,2   1239,422,13,1801,2743,538,2   1582,312,21,2967,4969,869,1   1221,729,21,4279,6055,869,4   649,668,28,0,2510,1158,2   1435,250,6,5487,5997,248,5   371,320,9,1145,1937,372,4   610,490,11,563,1519,455,4   752,225,18,3114,4736,745,4   1763,453,14,2279,3373,579,5   865,652,6,3184,3672,248,3   749,601,9,1605,2301,372,2   397,456,7,3328,4018,290,1   716,621,10,5387,6197,414,3   1500,608,12,1247,2011,496,5   851,771,22,3841,5767,910,2   1686,622,13,5554,6926,538,1   1555,455,11,1855,2945,455,1   680,485,6,1317,1845,248,5   1377,463,6,5025,5565,248,1   1630,501,6,1302,1882,248,5   1619,511,20,1943,3311,827,2   1578,620,11,5813,6941,455,5   387,409,15,578,1680,620,2   859,326,16,4482,6138,662,3   586,446,8,3778,4574,331,5   1582,357,9,1092,1862,372,4   814,501,29,4281,6749,1200,1   1113,156,28,2216,4986,1158,3   1276,752,24,5460,7802,993,1   1706,620,19,4029,4919,786,1   1741,645,14,6173,7245,579,1   1451,629,15,5147,6231,620,1   1925,391,14,5719,7051,579,2   1433,513,6,2394,2962,248,2   1047,330,18,5296,6836,745,1
!----------------------------------------------------------------
!Recharge stations: x,y
300,0   1301,770   254,805   1042,125   1949,604   786,558   961,757   592,546

g inverse recharge rate 0.7
