!----------------------------------------------------------------
!Stores: (first: depot x,y; then: satellites x,y,maxCap)
300,0   941,202,1000   764,856,1000   989,385,1000   706,294,1000
!----------------------------------------------------------------
!Trucks: (total#, cap, cost/dist, fixcost)
6,250,1,150
!----------------------------------------------------------------
!CityFreighters: (max cf/sat, total#, cap, cost/dist, fixcost, maxCharge, energyConsumption)
10,10,125,1,80,1000,1
!----------------------------------------------------------------
!Customers: (x, y, demand, readyTime, dueDate, serviceTime, penalizationCost)
395,389,21,3991,5115,568,4   1351,406,17,3402,4190,459,5   811,620,26,888,2444,703,2   1558,318,7,1923,2245,189,3   1093,597,25,1458,2804,676,2   1670,525,9,3663,4217,243,3   1364,741,27,834,2012,730,5   1108,353,6,1912,2216,162,5   811,277,23,1273,2511,622,5   570,613,13,3882,4408,351,2   695,289,23,574,1484,622,5   617,241,8,1373,1863,216,1   1471,373,12,4030,4622,324,3   846,746,4,293,523,108,3   486,281,19,3393,4143,513,2   1423,306,24,1240,2902,649,4   1317,658,22,3861,4859,595,3   1613,640,25,3301,5073,676,2   1043,609,14,1236,2176,378,1   482,401,15,2800,3544,405,3   1375,313,14,4252,4948,378,4   1698,587,27,0,1975,730,2   1425,250,7,1445,1817,189,2   1435,294,7,456,926,189,3   910,429,16,3520,4356,432,4   726,695,9,1113,1381,243,5   467,338,3,3729,3823,81,4   277,487,18,2338,3426,486,4   1079,513,15,3130,3764,405,5   341,514,12,1801,2353,324,2   875,338,16,489,1075,432,3   331,498,15,2038,2964,405,4   314,395,15,956,1592,405,5   616,561,23,3893,5103,622,2   907,722,27,2086,3426,730,4   855,247,21,1019,2235,568,3   1116,540,27,904,2242,730,1   1531,429,10,1817,2299,270,1   582,522,10,3152,3560,270,1   628,409,11,2235,2855,297,1   1717,715,8,3293,3829,216,1   336,142,27,1065,2219,730,2   1495,602,12,3090,3858,324,2   1059,62,13,2904,3732,351,3   1114,692,21,1245,2113,568,2   673,414,26,4068,5002,703,4   527,885,11,824,1224,297,3   1841,629,20,806,1518,540,4   1315,472,23,3161,4503,622,2   465,222,19,3569,4265,513,3
!----------------------------------------------------------------
!Recharge stations: x,y
300,0   941,202   764,856   989,385   706,294   1527,333   1472,253   261,554

g inverse recharge rate 0.49
