!----------------------------------------------------------------
!Stores: (first: depot x,y; then: satellites x,y,maxCap)
300,0   1680,198,1000   1105,702,1000   1469,679,1000   967,345,1000
!----------------------------------------------------------------
!Trucks: (total#, cap, cost/dist, fixcost)
6,250,1,150
!----------------------------------------------------------------
!CityFreighters: (max cf/sat, total#, cap, cost/dist, fixcost, maxCharge, energyConsumption)
10,10,125,1,80,1000,1
!----------------------------------------------------------------
!Customers: (x, y, demand, readyTime, dueDate, serviceTime, penalizationCost)
802,540,20,145,1317,591,2   1641,343,5,4831,5209,148,5   1184,667,26,2244,4084,769,1   942,312,28,3238,4924,828,5   1136,426,11,1369,1965,325,4   1212,394,11,1193,2065,325,2   962,605,16,929,1327,473,2   463,582,13,688,1530,384,5   491,462,25,3966,4912,739,5   675,621,26,3537,5145,769,2   1505,436,12,4598,5344,355,5   1719,382,10,2352,3030,296,5   378,359,25,803,2127,739,4   843,452,14,2407,3387,414,3   625,721,19,4723,5531,562,5   1634,400,25,4250,6188,739,5   1057,607,29,82,1852,857,2   768,507,10,590,1064,296,4   1543,611,14,4166,4962,414,4   685,382,10,5311,5971,296,3   1027,322,17,2857,3613,503,1   816,578,7,3436,3750,207,3   727,698,8,4897,5251,237,5   1301,421,18,4289,5583,532,2   358,485,13,1282,2172,384,4   1767,538,18,2487,3687,532,1   310,555,15,1011,2085,443,1   693,574,18,4795,5865,532,1   878,305,18,4543,5383,532,4   976,524,23,4291,5733,680,1   920,554,13,5233,5961,384,2   1291,546,23,1121,2663,680,5   799,506,10,670,1406,296,4   890,602,24,4510,6490,710,3   1746,558,19,4554,5460,562,3   1331,642,25,1408,2978,739,4   1567,456,27,2768,4694,798,1   1295,261,18,482,1508,532,4   1304,310,5,3562,3812,148,5   681,714,14,825,1769,414,3   809,607,16,4531,5789,473,1   725,388,8,4802,5274,237,1   103,632,4,2057,2289,118,3   1090,56,29,4285,5531,857,5   1906,663,25,987,2837,739,4   408,559,23,577,1929,680,3   387,541,25,2625,4087,739,2   138,358,12,1905,2589,355,5   1414,489,25,4644,6212,739,1   1645,614,3,1795,2021,89,4
!----------------------------------------------------------------
!Recharge stations: x,y
300,0   1680,198   1105,702   1469,679   967,345   326,462   761,296   1152,234

g inverse recharge rate 0.56
