!----------------------------------------------------------------
!Stores: (first: depot x,y; then: satellites x,y,maxCap)
300,0   1056,693,1000   103,661,1000   114,485,1000   1304,808,1000
!----------------------------------------------------------------
!Trucks: (total#, cap, cost/dist, fixcost)
6,250,1,150
!----------------------------------------------------------------
!CityFreighters: (max cf/sat, total#, cap, cost/dist, fixcost, maxCharge, energyConsumption)
10,10,125,1,80,1000,1
!----------------------------------------------------------------
!Customers: (x, y, demand, readyTime, dueDate, serviceTime, penalizationCost)
1163,500,29,4735,7415,1042,3   1367,493,17,4992,6214,611,4   1485,607,26,2104,3810,934,2   1714,389,16,5160,6228,575,4   1141,670,10,6320,6868,359,1   342,564,29,241,2389,1042,1   881,394,10,1640,2644,359,2   363,652,13,4637,5603,467,4   1144,739,20,875,2597,719,2   262,395,5,3676,4064,180,2   1289,387,5,4727,4969,180,5   1060,256,28,4835,6979,1006,5   1137,712,4,3909,4227,144,2   877,554,6,3706,4100,216,2   387,602,17,5020,6138,611,5   499,280,28,4641,6773,1006,4   735,489,9,3592,4482,323,3   1138,223,5,5653,5869,180,2   1773,517,24,2636,4670,862,4   463,646,22,5676,7146,791,1   225,513,28,3409,5517,1006,2   987,328,14,4494,5836,503,1   1718,618,10,3700,4356,359,2   527,297,15,5890,6882,539,1   1653,580,26,1957,3405,934,4   847,769,3,4799,4991,108,1   429,548,20,955,2327,719,4   745,448,19,1651,2843,683,4   1593,500,3,2231,2461,108,3   469,718,18,2420,4442,647,1   1343,759,21,573,1597,755,3   1460,507,4,3483,3767,144,2   1261,735,24,0,1936,862,4   722,686,29,718,2830,1042,3   1404,478,14,4978,5894,503,2   677,632,22,435,2011,791,3   1007,383,4,6259,6569,144,5   461,675,26,3240,5382,934,1   1362,527,13,5426,6148,467,2   980,486,3,5083,5275,108,5   644,679,20,2577,3779,719,2   406,154,21,4675,6257,755,1   1111,292,15,5707,6541,539,5   367,807,6,682,1058,216,1   285,608,27,5313,7325,970,4   849,557,29,697,2599,1042,2   394,411,29,4406,6430,1042,2   637,836,17,4970,5834,611,2   462,155,6,965,1475,216,5   334,751,11,1411,1967,395,2
!----------------------------------------------------------------
!Recharge stations: x,y
300,0   1056,693   103,661   114,485   1304,808   1615,737   1344,598   1012,905

g inverse recharge rate 0.65
