!----------------------------------------------------------------
!Stores: (first: depot x,y; then: satellites x,y,maxCap)
300,0   54,456,1000   164,276,1000   1745,570,1000   1076,323,1000
!----------------------------------------------------------------
!Trucks: (total#, cap, cost/dist, fixcost)
6,250,1,150
!----------------------------------------------------------------
!CityFreighters: (max cf/sat, total#, cap, cost/dist, fixcost, maxCharge, energyConsumption)
10,10,125,1,80,1000,1
!----------------------------------------------------------------
!Customers: (x, y, demand, readyTime, dueDate, serviceTime, penalizationCost)
1267,379,15,4828,5834,656,1   588,332,25,0,1683,1093,2   359,385,20,1272,3224,875,1   1711,446,21,3405,4781,918,3   1748,553,14,5671,6789,612,4   501,610,4,2625,2985,175,4   743,356,4,2946,3272,175,1   1253,700,20,1414,3378,875,2   212,516,11,4346,5352,481,2   817,431,25,494,2180,1093,1   473,323,12,993,2101,525,4   884,530,20,3642,5522,875,1   319,527,29,721,2993,1268,2   1013,202,12,2004,3120,525,2   666,690,7,1771,2231,306,5   1380,521,10,4741,5407,437,2   1542,585,17,6190,7804,743,1   218,469,18,5179,6725,787,2   1642,509,17,4081,5257,743,5   1370,431,25,5872,8094,1093,5   1398,390,15,1521,2205,656,4   1556,315,11,722,1444,481,4   294,594,4,1597,1975,175,4   350,659,5,5735,6075,219,1   446,593,14,6869,8261,612,3   1467,397,23,4034,6034,1006,2   205,524,8,4730,5456,350,2   790,276,27,0,2551,1181,1   364,353,18,1845,3075,787,4   1157,436,21,5548,6748,918,4   254,501,28,1768,4282,1224,1   1672,607,20,5927,7841,875,2   1391,587,26,2623,5757,1137,3   1096,593,4,3102,3430,175,1   1335,471,6,3567,4099,262,1   1178,614,23,5336,7736,1006,3   662,563,13,2768,3812,568,5   956,365,21,927,3111,918,1   1175,619,22,5454,6970,962,4   1492,323,24,4458,6592,1049,3   1622,680,5,4666,5056,219,1   254,287,26,3727,6747,1137,5   1860,336,17,1534,2976,743,2   1588,369,10,5508,6328,437,3   1199,247,5,2986,3482,219,2   885,670,11,3972,5180,481,1   108,629,6,4814,5354,262,1   1456,199,9,1750,2634,394,3   599,646,12,4233,5337,525,5   384,157,5,4888,5300,219,5
!----------------------------------------------------------------
!Recharge stations: x,y
300,0   54,456   164,276   1745,570   1076,323   895,312   1052,600   1666,701

g inverse recharge rate 0.74
