!----------------------------------------------------------------
!Stores: (first: depot x,y; then: satellites x,y,maxCap)
300,0   1680,198,1000   1105,702,1000   1469,679,1000   967,345,1000
!----------------------------------------------------------------
!Trucks: (total#, cap, cost/dist, fixcost)
6,250,1,150
!----------------------------------------------------------------
!CityFreighters: (max cf/sat, total#, cap, cost/dist, fixcost, maxCharge, energyConsumption)
10,10,125,1,80,1000,1
!----------------------------------------------------------------
!Customers: (x, y, demand, readyTime, dueDate, serviceTime, penalizationCost)
802,540,20,149,1265,591,3   1641,343,5,2881,3125,148,4   1184,667,26,445,1799,769,2   942,312,28,3583,5603,828,2   1136,426,11,664,1002,325,1   1212,394,11,2858,3690,325,4   962,605,16,2590,3378,473,2   463,582,13,1870,2650,384,5   491,462,25,2351,3775,739,4   675,621,26,4185,5937,769,1   1505,436,12,3337,3963,355,2   1719,382,10,4405,4945,296,3   378,359,25,1305,3193,739,5   843,452,14,1622,2680,414,5   625,721,19,3600,4848,562,1   1634,400,25,3652,5126,739,2   1057,607,29,572,2166,857,5   768,507,10,3281,4083,296,1   1543,611,14,915,1967,414,5   685,382,10,5052,5564,296,1   1027,322,17,1908,2942,503,2   816,578,7,1584,1970,207,5   727,698,8,1876,2232,237,3   1301,421,18,1360,2576,532,4   358,485,13,2061,2909,384,4   1767,538,18,3937,5179,532,2   310,555,15,839,1877,443,4   693,574,18,4455,5757,532,1   878,305,18,2356,3350,532,5   976,524,23,4902,6126,680,5   920,554,13,3303,4307,384,5   1291,546,23,487,2209,680,3   799,506,10,2015,2611,296,2   890,602,24,824,2104,710,5   1746,558,19,2258,3080,562,5   1331,642,25,453,2139,739,3   1567,456,27,2130,4136,798,2   1295,261,18,45,871,532,3   1304,310,5,2119,2439,148,5   681,714,14,5129,5779,414,3   809,607,16,1217,2057,473,5   725,388,8,3812,4262,237,5   103,632,4,3131,3455,118,2   1090,56,29,764,3126,857,3   1906,663,25,2114,3900,739,2   408,559,23,2632,3840,680,5   387,541,25,3692,5102,739,4   138,358,12,2488,3228,355,2   1414,489,25,2625,3973,739,3   1645,614,3,3704,3876,89,3
!----------------------------------------------------------------
!Recharge stations: x,y
300,0   1680,198   1105,702   1469,679   967,345   326,462   761,296   1152,234   351,436   675,802   1276,477   613,572   1479,418   544,246   1956,463   1135,317   504,633   604,809   1822,438   1035,378   916,153   270,616   1055,810   195,555   944,722   1183,517   1993,497   765,431   852,600   728,369   783,545   1544,457   1716,350   187,674   241,386

g inverse recharge rate 0.56
