!----------------------------------------------------------------
!Stores: (first: depot x,y; then: satellites x,y,maxCap)
300,0   14,516,1000   900,857,1000   226,729,1000   1523,387,1000
!----------------------------------------------------------------
!Trucks: (total#, cap, cost/dist, fixcost)
6,250,1,150
!----------------------------------------------------------------
!CityFreighters: (max cf/sat, total#, cap, cost/dist, fixcost, maxCharge, energyConsumption)
10,10,125,1,80,1000,1
!----------------------------------------------------------------
!Customers: (x, y, demand, readyTime, dueDate, serviceTime, penalizationCost)
1319,462,5,696,1114,231,2   1081,616,7,4533,5329,324,4   450,560,7,1331,1905,324,4   744,686,25,4851,7637,1156,5   227,439,18,5509,7143,833,2   1544,529,20,4846,6702,925,5   1075,473,18,4106,5640,833,3   1297,233,19,1947,3991,879,4   904,687,29,5769,8181,1341,1   643,611,27,1897,4255,1249,5   1565,665,29,4016,6046,1341,5   1065,333,29,3771,5677,1341,1   1500,324,11,3562,4576,509,1   1432,354,22,3403,4659,1018,4   853,713,19,3400,5298,879,1   302,509,13,1258,2578,601,5   1286,463,28,3430,5752,1295,1   981,764,6,7564,7980,278,1   211,508,22,5541,7333,1018,3   1151,357,4,5487,5871,185,4   780,320,5,4802,5336,231,4   1193,762,21,5913,7315,971,5   1067,379,8,2877,3671,370,4   282,420,18,4098,5714,833,2   469,601,3,3531,3893,139,3   1506,342,19,5094,7442,879,5   1686,616,7,1650,2330,324,1   1629,594,7,1985,2677,324,3   1703,469,9,699,1577,416,1   1456,503,7,1638,2508,324,1   1129,307,8,7037,7847,370,5   1160,338,15,6638,8162,694,2   361,615,15,578,1590,694,2   1119,208,16,1402,2954,740,3   412,308,11,1941,2993,509,1   1528,661,5,3496,3930,231,5   1697,511,18,978,2430,833,1   1184,516,3,1094,1412,139,5   1284,408,22,4933,6163,1018,5   1645,510,27,1060,3000,1249,4   1502,365,9,5402,6422,416,3   200,285,12,5595,6233,555,3   1168,618,5,1403,1835,231,1   1228,143,27,2200,4538,1249,1   887,54,19,4340,6112,879,2   934,389,18,699,2447,833,3   118,716,4,1622,2076,185,1   1557,122,26,3343,5673,1203,3   1865,539,5,5242,5706,231,2   0,500,7,2935,3699,324,1
!----------------------------------------------------------------
!Recharge stations: x,y
300,0   14,516   900,857   226,729   1523,387   1473,232   516,325   1556,602   321,460   1133,641   162,451   212,453   1307,759   289,677   766,685

g inverse recharge rate 0.75
