!----------------------------------------------------------------
!Stores: (first: depot x,y; then: satellites x,y,maxCap)
300,0   1653,568,1000   1871,320,1000   1234,686,1000   279,699,1000
!----------------------------------------------------------------
!Trucks: (total#, cap, cost/dist, fixcost)
6,250,1,150
!----------------------------------------------------------------
!CityFreighters: (max cf/sat, total#, cap, cost/dist, fixcost, maxCharge, energyConsumption)
10,10,125,1,80,1000,1
!----------------------------------------------------------------
!Customers: (x, y, demand, readyTime, dueDate, serviceTime, penalizationCost)
1227,755,3,3752,3956,111,3   1781,476,27,1840,3614,996,5   1051,385,9,3781,4593,332,4   366,540,25,3781,5315,922,3   801,289,7,4629,5105,258,5   1193,317,10,6505,7133,369,4   1060,468,29,344,2512,1070,4   982,744,6,1544,1866,221,5   590,349,21,5885,7169,775,2   679,272,25,788,2994,922,3   810,399,7,2160,2800,258,2   977,713,16,316,1312,590,3   934,265,11,3816,4638,406,1   458,492,21,2530,4032,775,2   1554,663,27,460,2416,996,1   460,405,13,4570,5674,480,2   1375,264,19,2774,4222,701,1   784,295,7,5025,5525,258,4   1185,262,17,6362,7370,627,2   852,774,19,4031,5379,701,1   205,510,9,4541,5065,332,3   917,244,5,1890,2292,184,1   1339,726,18,592,1816,664,3   1557,371,24,1439,3631,885,5   1252,738,16,1643,2759,590,1   1173,621,29,1220,3712,1070,2   1636,352,28,5045,7303,1033,4   1435,523,26,0,1481,959,3   441,334,8,5205,5777,295,4   237,572,3,4962,5098,111,1   321,577,12,2238,3054,443,2   1428,570,29,940,3080,1070,1   1536,287,20,2097,3577,738,5   794,332,27,95,2133,996,4   1623,523,29,5520,7558,1070,2   203,497,12,3123,3881,443,2   461,697,25,2109,3881,922,5   439,477,10,4356,4934,369,4   1354,714,20,6359,7989,738,5   1710,494,14,2573,3531,516,3   638,433,11,4736,5650,406,3   1594,622,25,2053,4047,922,5   1350,165,5,3053,3453,184,2   1664,507,10,3508,3946,369,1   695,739,14,4149,5223,516,5   1215,830,24,4675,6997,885,5   1584,213,27,5145,6619,996,2   318,339,20,739,2377,738,4   1588,508,22,1323,2709,812,2   138,336,19,5275,6961,701,2
!----------------------------------------------------------------
!Recharge stations: x,y
300,0   1653,568   1871,320   1234,686   279,699   661,466   1714,350

g inverse recharge rate 0.7
