!----------------------------------------------------------------
!Stores: (first: depot x,y; then: satellites x,y,maxCap)
300,0   1680,198,1000   1105,702,1000   1469,679,1000   967,345,1000
!----------------------------------------------------------------
!Trucks: (total#, cap, cost/dist, fixcost)
6,250,1,150
!----------------------------------------------------------------
!CityFreighters: (max cf/sat, total#, cap, cost/dist, fixcost, maxCharge, energyConsumption)
10,10,125,1,80,1000,1
!----------------------------------------------------------------
!Customers: (x, y, demand, readyTime, dueDate, serviceTime, penalizationCost)
802,540,20,4108,5562,591,3   1641,343,5,2041,2275,148,2   1184,667,26,4044,5334,769,1   942,312,28,1655,3553,828,2   1136,426,11,4541,5333,325,2   1212,394,11,1208,1856,325,4   962,605,16,4337,5321,473,2   463,582,13,5088,5642,384,3   491,462,25,996,2510,739,5   675,621,26,2838,4258,769,5   1505,436,12,155,857,355,4   1719,382,10,3287,3699,296,4   378,359,25,3675,4865,739,1   843,452,14,3381,3981,414,3   625,721,19,2688,3854,562,5   1634,400,25,2086,3676,739,3   1057,607,29,3477,5079,857,3   768,507,10,5414,6148,296,5   1543,611,14,1377,2151,414,3   685,382,10,3595,4175,296,2   1027,322,17,4598,5714,503,4   816,578,7,760,1174,207,4   727,698,8,1564,1942,237,4   1301,421,18,1230,2268,532,3   358,485,13,839,1737,384,5   1767,538,18,1346,2732,532,5   310,555,15,4469,5509,443,4   693,574,18,2946,4384,532,4   878,305,18,4234,5050,532,3   976,524,23,2215,3777,680,1   920,554,13,3700,4462,384,4   1291,546,23,4023,4881,680,1   799,506,10,1978,2630,296,1   890,602,24,3376,4672,710,3   1746,558,19,0,1250,562,1   1331,642,25,1748,3508,739,4   1567,456,27,3279,4509,798,1   1295,261,18,2129,3061,532,4   1304,310,5,3662,3950,148,5   681,714,14,4293,5193,414,2   809,607,16,613,1629,473,2   725,388,8,4480,4940,237,1   103,632,4,1958,2178,118,2   1090,56,29,3943,5537,857,1   1906,663,25,969,2567,739,4   408,559,23,3889,4931,680,4   387,541,25,2804,3730,739,4   138,358,12,2587,3475,355,3   1414,489,25,2191,3527,739,1   1645,614,3,441,607,89,1
!----------------------------------------------------------------
!Recharge stations: x,y
300,0   1680,198   1105,702   1469,679   967,345   326,462   761,296

g inverse recharge rate 0.56
