!----------------------------------------------------------------
!Stores: (first: depot x,y; then: satellites x,y,maxCap)
300,0   202,728,1000   890,151,1000   513,786,1000   1784,582,1000
!----------------------------------------------------------------
!Trucks: (total#, cap, cost/dist, fixcost)
6,250,1,150
!----------------------------------------------------------------
!CityFreighters: (max cf/sat, total#, cap, cost/dist, fixcost, maxCharge, energyConsumption)
10,10,125,1,80,1000,1
!----------------------------------------------------------------
!Customers: (x, y, demand, readyTime, dueDate, serviceTime, penalizationCost)
1750,415,9,3941,4381,325,2   841,486,16,3330,4246,577,3   899,411,18,390,1400,650,1   388,556,12,3678,4648,433,3   393,583,29,401,2729,1046,5   839,230,24,0,2050,866,4   643,498,20,3701,5553,722,4   337,493,29,356,1848,1046,5   999,763,12,6014,6750,433,2   1500,311,15,529,1791,541,3   963,247,4,1767,2053,144,5   798,280,29,5075,6927,1046,2   577,520,6,1623,2101,217,3   1797,503,9,2203,2913,325,3   677,431,16,3092,4174,577,5   824,704,7,886,1418,253,5   459,457,24,24,1476,866,5   1114,683,29,2669,5173,1046,5   619,594,18,3883,5169,650,5   1160,259,7,2390,2784,253,5   1047,255,26,773,2507,938,3   343,365,6,1532,2072,217,5   441,433,9,2049,2797,325,1   473,433,12,4665,5359,433,2   407,687,26,1078,2896,938,1   790,432,16,1248,2322,577,1   1297,414,19,395,1657,686,4   405,375,3,6375,6575,108,4   1439,389,25,164,1670,902,4   594,417,9,4900,5242,325,4   341,609,23,1581,2337,830,4   775,660,11,1965,2505,397,1   352,634,22,2875,4493,794,2   357,638,10,6563,7041,361,3   1159,427,3,3428,3640,108,1   281,607,27,4376,6602,974,5   1068,421,25,564,2222,902,2   905,634,14,5095,5731,505,3   1419,319,20,5487,6977,722,2   1686,485,28,1428,2598,1010,4   944,857,27,2762,4910,974,4   1666,342,10,919,1575,361,1   1434,829,9,1856,2448,325,1   1057,640,13,4511,5523,469,2   364,687,25,4312,6512,902,1   409,496,20,2973,4091,722,4   1720,468,29,626,2824,1046,5   1379,702,24,947,3053,866,1   1772,212,16,2070,3250,577,4   1585,896,7,6561,7067,253,5
!----------------------------------------------------------------
!Recharge stations: x,y
300,0   202,728   890,151   513,786   1784,582   448,468   986,218   351,644   341,622   717,273   826,244   365,552   746,715   636,773   1015,235   1683,331   143,585   1643,462   660,516   260,418   461,471   450,654   1756,444   260,623   1744,579   391,581   1264,621   460,695   1223,648   517,706

g inverse recharge rate 0.68
