!----------------------------------------------------------------
!Stores: (first: depot x,y; then: satellites x,y,maxCap)
300,0   1913,443,1000   1219,926,1000   608,792,1000   1816,280,1000
!----------------------------------------------------------------
!Trucks: (total#, cap, cost/dist, fixcost)
6,250,1,150
!----------------------------------------------------------------
!CityFreighters: (max cf/sat, total#, cap, cost/dist, fixcost, maxCharge, energyConsumption)
10,10,125,1,80,1000,1
!----------------------------------------------------------------
!Customers: (x, y, demand, readyTime, dueDate, serviceTime, penalizationCost)
623,450,10,6983,7981,415,3   281,390,29,3171,5265,1203,4   884,287,9,487,1297,373,5   1629,573,29,5276,7826,1203,2   974,731,8,4989,5713,332,4   529,469,12,3461,4295,498,2   1551,495,8,439,1045,332,5   1351,754,3,1896,2152,124,1   602,631,10,5953,7049,415,1   898,367,3,1285,1521,124,4   1699,559,21,0,1699,871,4   378,609,17,4534,5716,705,1   370,498,3,2754,2980,124,2   469,445,17,5157,6785,705,3   1184,511,12,4682,5666,498,5   495,516,8,2423,3085,332,3   1495,720,6,5346,5850,249,4   530,438,28,1543,3811,1161,5   981,779,7,5634,6258,290,4   510,736,25,4868,7310,1037,1   361,612,10,3707,4331,415,2   1250,678,25,5127,7441,1037,3   756,555,10,590,1424,415,4   800,283,3,3089,3247,124,2   490,577,16,4129,5659,664,1   461,372,20,1663,3137,830,5   654,765,15,1119,1947,622,3   1709,537,25,2604,5154,1037,2   440,471,27,379,2621,1120,2   571,333,21,5148,6810,871,5   1234,454,25,0,1888,1037,4   1631,401,20,3407,5349,830,1   598,321,13,2067,3737,539,1   1653,656,20,4208,5482,830,1   913,741,8,4140,4714,332,2   1356,482,28,3844,6172,1161,2   1699,452,29,4726,5656,1203,3   484,331,9,5236,6210,373,1   1148,231,7,2082,2786,290,1   1454,444,24,2762,5188,996,3   1784,634,11,6245,7019,456,1   1304,192,12,5306,6516,498,5   1100,315,12,3778,4790,498,5   1382,546,17,993,2231,705,4   1638,743,29,3962,7248,1203,5   633,80,29,4808,7886,1203,2   1600,703,24,4332,5808,996,2   1675,196,3,7263,7515,124,3   1892,642,20,5806,6840,830,3   1161,242,23,5427,7145,954,2
!----------------------------------------------------------------
!Recharge stations: x,y
300,0   1913,443   1219,926   608,792   1816,280   1120,355   857,292   1951,593   934,802   1543,499   446,556   1631,279   618,418   876,562   1684,653

g inverse recharge rate 0.74
