!----------------------------------------------------------------
!Stores: (first: depot x,y; then: satellites x,y,maxCap)
300,0   1104,923,1000   265,570,1000   1281,290,1000   997,241,1000
!----------------------------------------------------------------
!Trucks: (total#, cap, cost/dist, fixcost)
6,250,1,150
!----------------------------------------------------------------
!CityFreighters: (max cf/sat, total#, cap, cost/dist, fixcost, maxCharge, energyConsumption)
10,10,125,1,80,1000,1
!----------------------------------------------------------------
!Customers: (x, y, demand, readyTime, dueDate, serviceTime, penalizationCost)
1080,593,8,1859,2379,272,4   1753,528,17,2289,3543,578,3   445,400,22,4745,6095,748,5   812,373,17,3825,4811,578,4   1472,533,8,1026,1520,272,4   533,449,11,3134,3950,374,3   1500,396,28,3451,5575,951,5   783,520,8,5451,5949,272,1   447,670,25,4348,6022,849,2   1673,643,11,4234,5180,374,2   295,397,24,0,1963,815,5   674,443,18,3579,4307,612,5   293,545,25,4103,6001,849,4   941,487,4,5019,5261,136,1   1501,317,16,2000,2872,544,4   1263,474,8,3439,3943,272,2   1796,478,13,2374,3220,442,1   219,495,6,4840,5124,204,1   352,509,19,4248,5430,646,5   1628,651,7,1886,2514,238,3   1419,708,29,252,2674,985,5   1547,410,3,2636,2894,102,1   688,719,13,3047,4103,442,3   244,550,27,3984,6202,917,4   1548,575,8,4342,4996,272,4   1494,578,22,1727,2473,748,1   1582,371,13,1166,2046,442,4   1183,560,28,2762,4700,951,4   1142,241,24,3786,5388,815,4   1203,670,19,782,2128,646,5   1177,440,12,1663,2613,408,1   549,720,22,5239,6349,748,1   1499,389,22,2051,3113,748,1   1019,209,10,5391,5929,340,1   1299,607,28,316,1996,951,3   1198,224,16,2272,3252,544,3   1770,470,19,2662,4420,646,5   1127,515,22,3326,4884,748,5   603,584,8,744,1320,272,3   1027,603,15,4016,5308,510,3   1772,355,3,4578,4756,102,3   744,204,11,5177,5997,374,2   1723,488,5,2171,2423,170,5   933,674,23,1039,2789,781,3   1154,645,17,5329,6683,578,4   1093,727,27,1032,3314,917,4   1683,195,24,3045,4887,815,2   220,563,6,5311,5707,204,2   1524,784,22,3901,5263,748,3   1407,661,7,1143,1627,238,3
!----------------------------------------------------------------
!Recharge stations: x,y
300,0   1104,923   265,570   1281,290   997,241   1508,355   1486,550   368,875   1766,541   1717,671   1244,246   1438,333   1269,613   1833,520   535,532

g inverse recharge rate 0.6
