!----------------------------------------------------------------
!Stores: (first: depot x,y; then: satellites x,y,maxCap)
300,0   941,202,1000   764,856,1000   989,385,1000   706,294,1000
!----------------------------------------------------------------
!Trucks: (total#, cap, cost/dist, fixcost)
6,250,1,150
!----------------------------------------------------------------
!CityFreighters: (max cf/sat, total#, cap, cost/dist, fixcost, maxCharge, energyConsumption)
10,10,125,1,80,1000,1
!----------------------------------------------------------------
!Customers: (x, y, demand, readyTime, dueDate, serviceTime, penalizationCost)
395,389,21,2746,3802,568,3   1351,406,17,2009,3191,459,2   811,620,26,3430,4760,703,3   1558,318,7,4301,4593,189,1   1093,597,25,2630,4306,676,4   1670,525,9,3679,4111,243,2   1364,741,27,2201,3881,730,4   1108,353,6,573,883,162,1   811,277,23,1892,2888,622,4   570,613,13,4461,5247,351,3   695,289,23,2343,3427,622,3   617,241,8,3450,3762,216,1   1471,373,12,2802,3436,324,1   846,746,4,1966,2242,108,5   486,281,19,2451,3581,513,5   1423,306,24,4041,5099,649,5   1317,658,22,2546,3574,595,3   1613,640,25,693,1675,676,3   1043,609,14,667,1561,378,1   482,401,15,69,985,405,2   1375,313,14,2466,3198,378,4   1698,587,27,1914,3296,730,5   1425,250,7,1365,1777,189,5   1435,294,7,1176,1652,189,4   910,429,16,1678,2624,432,2   726,695,9,3489,3783,243,5   467,338,3,2929,3141,81,1   277,487,18,1123,1749,486,2   1079,513,15,3709,4709,405,1   341,514,12,4178,4830,324,5   875,338,16,354,1514,432,5   331,498,15,3481,4341,405,4   314,395,15,2625,3583,405,4   616,561,23,3732,5006,622,3   907,722,27,1178,2046,730,3   855,247,21,194,1282,568,3   1116,540,27,0,1728,730,1   1531,429,10,4621,5205,270,4   582,522,10,4238,4846,270,5   628,409,11,3719,4145,297,4   1717,715,8,3734,4110,216,1   336,142,27,2291,3903,730,2   1495,602,12,4297,4937,324,3   1059,62,13,3067,3645,351,4   1114,692,21,1808,2916,568,4   673,414,26,1513,3343,703,5   527,885,11,2056,2638,297,5   1841,629,20,3329,4487,540,4   1315,472,23,1788,3216,622,1   465,222,19,1935,3023,513,1
!----------------------------------------------------------------
!Recharge stations: x,y
300,0   941,202   764,856   989,385   706,294   1527,333   1472,253   261,554   532,279   384,280

g inverse recharge rate 0.49
