!----------------------------------------------------------------
!Stores: (first: depot x,y; then: satellites x,y,maxCap)
300,0   1258,707,1000   742,378,1000   174,458,1000   1537,247,1000
!----------------------------------------------------------------
!Trucks: (total#, cap, cost/dist, fixcost)
6,250,1,150
!----------------------------------------------------------------
!CityFreighters: (max cf/sat, total#, cap, cost/dist, fixcost, maxCharge, energyConsumption)
10,10,125,1,80,1000,1
!----------------------------------------------------------------
!Customers: (x, y, demand, readyTime, dueDate, serviceTime, penalizationCost)
1078,257,15,4359,5481,480,1   918,628,27,1184,2348,865,1   381,345,29,4053,6035,929,3   816,329,22,4630,6116,705,1   799,696,8,3400,3732,256,5   423,464,10,5054,5804,320,1   1346,338,25,3551,5665,801,4   844,755,4,3769,4041,128,2   1010,342,6,1440,1784,192,5   825,749,29,4092,6394,929,3   873,553,22,3375,4807,705,3   1364,513,29,4086,5922,929,1   582,247,10,3132,3772,320,2   202,518,18,1373,2739,576,4   919,267,22,4380,6196,705,3   1686,510,4,2503,2721,128,1   1105,394,23,5131,6309,737,1   569,729,20,2069,4003,641,5   660,568,20,4035,5279,641,2   1089,463,7,1775,2355,224,3   489,348,24,3552,4786,769,5   644,327,9,4120,4424,288,2   517,331,4,1345,1569,128,3   420,358,16,5242,6272,512,2   1669,384,22,381,2107,705,3   394,671,10,2065,2671,320,2   1266,371,26,2823,5193,833,5   1260,399,28,1787,3397,897,4   1148,529,24,2190,3296,769,4   1161,311,13,4441,5303,416,3   1216,736,4,4754,4918,128,2   1065,715,5,4487,4743,160,5   1540,609,23,4607,6015,737,5   543,522,6,5673,6035,192,2   567,444,13,2711,3489,416,5   904,516,22,3157,4519,705,1   1716,406,6,3684,4072,192,3   460,677,18,373,1561,576,5   1277,456,22,3613,4841,705,3   921,466,12,2779,3309,384,2   1801,385,27,2304,4248,865,4   197,438,21,603,1711,673,3   1520,513,12,322,1062,384,2   866,783,25,4476,5920,801,5   939,892,22,3769,5385,705,3   1033,424,29,3904,6300,929,1   535,761,10,1077,1663,320,4   1986,442,10,3007,3583,320,4   664,627,3,4211,4375,96,3   1583,153,25,1237,2597,801,4
!----------------------------------------------------------------
!Recharge stations: x,y
300,0   1258,707   742,378   174,458   1537,247   934,581   1805,572   524,736   1767,528   1779,612   1046,238   1769,517   1339,698   824,700   762,402

g inverse recharge rate 0.6
