!----------------------------------------------------------------
!Stores: (first: depot x,y; then: satellites x,y,maxCap)
300,0   941,202,1000   764,856,1000   989,385,1000   706,294,1000
!----------------------------------------------------------------
!Trucks: (total#, cap, cost/dist, fixcost)
6,250,1,150
!----------------------------------------------------------------
!CityFreighters: (max cf/sat, total#, cap, cost/dist, fixcost, maxCharge, energyConsumption)
10,10,125,1,80,1000,1
!----------------------------------------------------------------
!Customers: (x, y, demand, readyTime, dueDate, serviceTime, penalizationCost)
395,389,21,175,1259,568,4   1351,406,17,4144,4940,459,1   811,620,26,1300,3324,703,5   1558,318,7,815,1301,189,4   1093,597,25,2752,4068,676,5   1670,525,9,1762,2234,243,1   1364,741,27,637,2001,730,2   1108,353,6,3967,4309,162,5   811,277,23,602,2056,622,2   570,613,13,3475,4175,351,1   695,289,23,1124,2554,622,4   617,241,8,1320,1864,216,5   1471,373,12,2230,2678,324,2   846,746,4,4897,5215,108,4   486,281,19,3555,4775,513,1   1423,306,24,136,1590,649,1   1317,658,22,2923,4221,595,1   1613,640,25,2344,3922,676,1   1043,609,14,745,1577,378,2   482,401,15,1087,2237,405,2   1375,313,14,1212,2046,378,4   1698,587,27,2371,3847,730,2   1425,250,7,1397,1695,189,3   1435,294,7,4776,5338,189,4   910,429,16,3762,4522,432,4   726,695,9,2323,2911,243,1   467,338,3,2032,2218,81,1   277,487,18,2647,3589,486,2   1079,513,15,2090,3064,405,3   341,514,12,1868,2514,324,5   875,338,16,2528,3276,432,4   331,498,15,3846,4614,405,4   314,395,15,3199,4157,405,2   616,561,23,1092,2726,622,3   907,722,27,1195,2289,730,4   855,247,21,4151,5097,568,1   1116,540,27,2333,3947,730,4   1531,429,10,1863,2371,270,5   582,522,10,2997,3419,270,2   628,409,11,811,1481,297,4   1717,715,8,1487,1863,216,5   336,142,27,2355,3675,730,5   1495,602,12,1938,2718,324,1   1059,62,13,4083,4649,351,3   1114,692,21,2763,4157,568,2   673,414,26,3861,5689,703,5   527,885,11,2331,2931,297,2   1841,629,20,1512,2702,540,1   1315,472,23,740,2034,622,3   465,222,19,385,1573,513,1
!----------------------------------------------------------------
!Recharge stations: x,y
300,0   941,202   764,856   989,385   706,294   1527,333   1472,253

g inverse recharge rate 0.49
