!----------------------------------------------------------------
!Stores: (first: depot x,y; then: satellites x,y,maxCap)
300,0   341,811,1000   468,469,1000   1903,681,1000   1739,317,1000
!----------------------------------------------------------------
!Trucks: (total#, cap, cost/dist, fixcost)
6,250,1,150
!----------------------------------------------------------------
!CityFreighters: (max cf/sat, total#, cap, cost/dist, fixcost, maxCharge, energyConsumption)
10,10,125,1,80,1000,1
!----------------------------------------------------------------
!Customers: (x, y, demand, readyTime, dueDate, serviceTime, penalizationCost)
1457,621,29,1552,4950,1354,2   1369,514,15,1137,2461,701,1   450,294,18,910,2456,841,5   1201,625,4,6105,6581,187,5   303,393,10,2879,3685,467,2   626,373,9,984,1762,420,4   986,751,21,4509,6169,981,2   1687,572,6,2659,3033,280,5   807,535,17,6697,7671,794,4   957,602,7,754,1610,327,4   1341,466,14,1739,3441,654,4   868,335,19,3021,4663,887,4   1477,427,3,1138,1418,140,2   1710,513,7,4175,4897,327,3   297,516,18,635,2651,841,4   1566,595,15,3858,5082,701,1   982,373,19,2492,4448,887,5   602,560,12,2806,3968,560,2   1018,575,17,1825,3675,794,4   681,511,19,815,2615,887,2   390,389,12,1867,3401,560,4   1717,407,3,6378,6720,140,4   812,728,4,3004,3370,187,2   1482,411,11,1421,2529,514,4   1121,230,9,1031,1931,420,4   724,609,5,6681,7303,234,3   732,543,7,1131,1743,327,4   1701,427,5,3841,4317,234,2   1429,411,26,3453,5223,1214,1   1580,334,6,5854,6376,280,4   1542,363,4,1868,2170,187,1   446,356,26,587,2997,1214,4   1325,511,28,2210,5506,1308,5   1040,543,14,5954,7278,654,1   839,762,10,6714,7610,467,4   826,427,25,2474,4640,1168,4   1622,535,18,3293,5235,841,1   1205,493,22,4354,6418,1027,2   1756,487,13,321,1443,607,4   1757,458,13,6966,8062,607,4   1205,634,26,3910,6828,1214,5   968,82,17,4894,6638,794,4   552,907,29,589,4011,1354,3   933,725,11,5048,6404,514,5   1702,535,16,6383,7675,747,1   1374,356,9,7120,8082,420,4   1225,149,10,4254,5354,467,5   1029,837,20,1261,3537,934,1   894,84,23,3735,6191,1074,2   210,630,15,4996,6368,701,1
!----------------------------------------------------------------
!Recharge stations: x,y
300,0   341,811   468,469   1903,681   1739,317   848,592   1099,507   911,413   213,615   548,783   383,254   565,713   1717,496   1501,750   472,394   835,532   1065,724   1063,755   378,567   1418,245   1695,575   395,552   357,294   1675,329   1330,785

g inverse recharge rate 0.74
