!----------------------------------------------------------------
!Stores: (first: depot x,y; then: satellites x,y,maxCap)
300,0   732,403,1000   1811,773,1000   1333,923,1000   292,524,1000
!----------------------------------------------------------------
!Trucks: (total#, cap, cost/dist, fixcost)
6,250,1,150
!----------------------------------------------------------------
!CityFreighters: (max cf/sat, total#, cap, cost/dist, fixcost, maxCharge, energyConsumption)
10,10,125,1,80,1000,1
!----------------------------------------------------------------
!Customers: (x, y, demand, readyTime, dueDate, serviceTime, penalizationCost)
272,537,9,2644,3360,351,1   717,464,19,4355,5681,741,4   753,610,16,818,2208,624,1   1518,502,16,5540,6614,624,3   1131,684,12,4370,4938,468,2   276,491,14,2041,3273,546,2   1242,541,20,198,1782,780,1   1422,645,20,2564,3762,780,4   1749,415,25,2865,4367,974,3   841,499,16,6025,7401,624,3   557,543,10,6773,7353,390,1   522,388,24,2041,3723,936,5   1258,718,12,4031,4877,468,4   1072,451,15,3936,5100,585,1   1490,350,18,3468,5042,702,4   1141,314,12,5274,6182,468,1   484,494,10,5512,6002,390,4   428,624,18,5168,6640,702,4   342,653,23,3075,5035,897,2   578,526,22,5592,7170,858,3   1372,269,7,3861,4505,273,1   830,523,4,6804,7092,156,4   482,297,5,5887,6289,195,5   1602,373,29,1130,3352,1130,5   1486,588,10,5766,6728,390,1   649,414,25,4349,6159,974,5   1025,382,17,1683,2927,663,4   1065,439,14,4128,5596,546,5   660,685,6,2248,2656,234,1   656,350,16,1982,3274,624,3   989,787,23,954,2662,897,3   905,667,8,1885,2615,312,2   1641,625,25,2512,5444,974,2   438,562,7,4431,4929,273,2   769,310,22,4302,5940,858,3   1748,516,26,2007,4285,1013,3   487,628,16,4886,6124,624,1   572,723,10,967,1747,390,3   216,479,6,2191,2685,234,2   798,595,22,2945,4741,858,5   1297,866,28,4880,7742,1091,2   1021,106,11,4918,5632,429,4   1523,174,3,2644,2940,117,5   31,431,20,4571,5709,780,2   1776,656,3,4920,5232,117,1   1660,243,24,3840,5070,936,4   1965,617,14,3594,4044,546,3   284,442,8,2652,3280,312,2   312,522,25,1189,2929,974,4   467,589,20,1522,3148,780,3
!----------------------------------------------------------------
!Recharge stations: x,y
300,0   732,403   1811,773   1333,923   292,524   532,607   1579,633   1365,729   1029,248   1581,368   930,657   1714,335   1549,605   1569,637   1008,253   1149,587   1442,744   1062,156   706,456   516,322

g inverse recharge rate 0.68
