!----------------------------------------------------------------
!Stores: (first: depot x,y; then: satellites x,y,maxCap)
300,0   341,811,1000   468,469,1000   1903,681,1000   1739,317,1000
!----------------------------------------------------------------
!Trucks: (total#, cap, cost/dist, fixcost)
6,250,1,150
!----------------------------------------------------------------
!CityFreighters: (max cf/sat, total#, cap, cost/dist, fixcost, maxCharge, energyConsumption)
10,10,125,1,80,1000,1
!----------------------------------------------------------------
!Customers: (x, y, demand, readyTime, dueDate, serviceTime, penalizationCost)
1457,621,29,2231,3789,1354,1   1369,514,15,4429,5783,701,4   450,294,18,5301,6861,841,2   1201,625,4,7100,7540,187,1   303,393,10,6683,7769,467,4   626,373,9,6236,6900,420,3   986,751,21,6062,7726,981,4   1687,572,6,2082,2712,280,2   807,535,17,4601,6285,794,4   957,602,7,2629,3147,327,4   1341,466,14,3316,5010,654,3   868,335,19,1752,3118,887,5   1477,427,3,4869,5199,140,4   1710,513,7,711,1503,327,1   297,516,18,4407,6095,841,5   1566,595,15,6299,7473,701,5   982,373,19,5977,7963,887,3   602,560,12,2732,3844,560,1   1018,575,17,2227,4147,794,1   681,511,19,821,2013,887,2   390,389,12,6038,6956,560,2   1717,407,3,5779,6041,140,2   812,728,4,4848,5052,187,4   1482,411,11,6676,7888,514,2   1121,230,9,1977,2687,420,1   724,609,5,6645,7213,234,1   732,543,7,2603,3351,327,4   1701,427,5,1257,1741,234,3   1429,411,26,2688,4766,1214,1   1580,334,6,2260,2682,280,5   1542,363,4,5183,5511,187,3   446,356,26,3660,5742,1214,1   1325,511,28,4540,7586,1308,5   1040,543,14,1859,2847,654,4   839,762,10,2388,3642,467,1   826,427,25,4363,6343,1168,2   1622,535,18,660,2588,841,3   1205,493,22,6113,7343,1027,5   1756,487,13,421,1581,607,4   1757,458,13,5171,6743,607,3   1205,634,26,2524,5896,1214,5   968,82,17,3849,5595,794,4   552,907,29,1906,3892,1354,2   933,725,11,5753,6887,514,2   1702,535,16,3042,4408,747,4   1374,356,9,3845,4845,420,1   1225,149,10,5339,6263,467,3   1029,837,20,3237,5327,934,2   894,84,23,3176,5190,1074,1   210,630,15,2923,4161,701,1
!----------------------------------------------------------------
!Recharge stations: x,y
300,0   341,811   468,469   1903,681   1739,317   848,592   1099,507   911,413   213,615   548,783

g inverse recharge rate 0.74
