!----------------------------------------------------------------
!Stores: (first: depot x,y; then: satellites x,y,maxCap)
300,0   202,728,1000   890,151,1000   513,786,1000   1784,582,1000
!----------------------------------------------------------------
!Trucks: (total#, cap, cost/dist, fixcost)
6,250,1,150
!----------------------------------------------------------------
!CityFreighters: (max cf/sat, total#, cap, cost/dist, fixcost, maxCharge, energyConsumption)
10,10,125,1,80,1000,1
!----------------------------------------------------------------
!Customers: (x, y, demand, readyTime, dueDate, serviceTime, penalizationCost)
1750,415,9,5107,5851,325,1   841,486,16,4912,5934,577,2   899,411,18,1387,2397,650,5   388,556,12,1507,2423,433,4   393,583,29,4841,7775,1046,1   839,230,24,1919,3557,866,4   643,498,20,4505,6135,722,4   337,493,29,2799,5691,1046,2   999,763,12,2687,3469,433,5   1500,311,15,1691,2989,541,1   963,247,4,1084,1406,144,2   798,280,29,1695,3921,1046,1   577,520,6,6472,6914,217,5   1797,503,9,1145,1819,325,4   677,431,16,4452,5670,577,4   824,704,7,5516,6174,253,4   459,457,24,5368,7564,866,4   1114,683,29,4581,6955,1046,2   619,594,18,5718,7552,650,1   1160,259,7,1834,2494,253,5   1047,255,26,476,2278,938,3   343,365,6,6484,7008,217,3   441,433,9,5116,5974,325,2   473,433,12,4876,5726,433,4   407,687,26,4270,6436,938,1   790,432,16,1789,2885,577,4   1297,414,19,3175,4171,686,1   405,375,3,2700,2926,108,4   1439,389,25,565,2345,902,5   594,417,9,3786,4294,325,4   341,609,23,2559,4253,830,1   775,660,11,718,1596,397,2   352,634,22,1080,2680,794,1   357,638,10,1165,1883,361,2   1159,427,3,935,1201,108,5   281,607,27,356,2424,974,2   1068,421,25,779,3129,902,4   905,634,14,4648,5674,505,4   1419,319,20,2218,3958,722,4   1686,485,28,2949,4459,1010,2   944,857,27,2355,4663,974,1   1666,342,10,4383,4955,361,2   1434,829,9,4107,4873,325,1   1057,640,13,2231,3289,469,3   364,687,25,5080,7238,902,5   409,496,20,3336,5014,722,4   1720,468,29,1661,3871,1046,4   1379,702,24,4532,5908,866,5   1772,212,16,4288,5058,577,3   1585,896,7,5143,5695,253,3
!----------------------------------------------------------------
!Recharge stations: x,y
300,0   202,728   890,151   513,786   1784,582   448,468   986,218   351,644

g inverse recharge rate 0.68
