!----------------------------------------------------------------
!Stores: (first: depot x,y; then: satellites x,y,maxCap)
300,0   14,516,1000   900,857,1000   226,729,1000   1523,387,1000
!----------------------------------------------------------------
!Trucks: (total#, cap, cost/dist, fixcost)
6,250,1,150
!----------------------------------------------------------------
!CityFreighters: (max cf/sat, total#, cap, cost/dist, fixcost, maxCharge, energyConsumption)
10,10,125,1,80,1000,1
!----------------------------------------------------------------
!Customers: (x, y, demand, readyTime, dueDate, serviceTime, penalizationCost)
1319,462,5,6049,6659,231,2   1081,616,7,4411,4941,324,2   450,560,7,5736,6460,324,1   744,686,25,3132,5048,1156,2   227,439,18,3409,5363,833,1   1544,529,20,4975,6997,925,1   1075,473,18,6474,8550,833,3   1297,233,19,2872,4446,879,3   904,687,29,1569,4593,1341,3   643,611,27,3082,5976,1249,4   1565,665,29,3327,5275,1341,2   1065,333,29,1640,4122,1341,2   1500,324,11,4395,5123,509,3   1432,354,22,4455,6305,1018,5   853,713,19,4196,6154,879,3   302,509,13,2412,3698,601,3   1286,463,28,5121,7805,1295,3   981,764,6,2684,3396,278,4   211,508,22,5351,7869,1018,2   1151,357,4,5630,6012,185,1   780,320,5,3326,3878,231,3   1193,762,21,1771,3559,971,1   1067,379,8,5693,6699,370,2   282,420,18,5478,6742,833,2   469,601,3,3718,3920,139,3   1506,342,19,3151,5241,879,2   1686,616,7,3143,3897,324,5   1629,594,7,5557,6029,324,1   1703,469,9,6116,6734,416,4   1456,503,7,2682,3472,324,4   1129,307,8,5697,6373,370,4   1160,338,15,4415,6121,694,4   361,615,15,7176,8022,694,3   1119,208,16,607,1863,740,3   412,308,11,3486,4538,509,3   1528,661,5,4409,4931,231,2   1697,511,18,2941,4343,833,3   1184,516,3,4843,5085,139,1   1284,408,22,5983,8401,1018,1   1645,510,27,4124,5968,1249,2   1502,365,9,7105,7819,416,5   200,285,12,7077,8165,555,1   1168,618,5,2027,2323,231,1   1228,143,27,4919,8035,1249,1   887,54,19,4597,6373,879,2   934,389,18,5977,7491,833,5   118,716,4,3126,3520,185,3   1557,122,26,657,2495,1203,3   1865,539,5,1337,1739,231,4   0,500,7,1842,2554,324,3
!----------------------------------------------------------------
!Recharge stations: x,y
300,0   14,516   900,857   226,729   1523,387   1473,232   516,325

g inverse recharge rate 0.75
