!----------------------------------------------------------------
!Stores: (first: depot x,y; then: satellites x,y,maxCap)
300,0   1680,198,1000   1105,702,1000   1469,679,1000   967,345,1000
!----------------------------------------------------------------
!Trucks: (total#, cap, cost/dist, fixcost)
6,250,1,150
!----------------------------------------------------------------
!CityFreighters: (max cf/sat, total#, cap, cost/dist, fixcost, maxCharge, energyConsumption)
10,10,125,1,80,1000,1
!----------------------------------------------------------------
!Customers: (x, y, demand, readyTime, dueDate, serviceTime, penalizationCost)
802,540,20,3789,4907,591,2   1641,343,5,3600,3906,148,3   1184,667,26,135,1725,769,1   942,312,28,2961,4075,828,1   1136,426,11,896,1436,325,5   1212,394,11,4003,4529,325,5   962,605,16,3065,3967,473,5   463,582,13,1809,2303,384,1   491,462,25,3945,5449,739,2   675,621,26,1542,2706,769,1   1505,436,12,5059,5783,355,4   1719,382,10,3028,3498,296,2   378,359,25,3209,4457,739,4   843,452,14,1319,2193,414,5   625,721,19,3342,4540,562,5   1634,400,25,1234,2946,739,3   1057,607,29,4214,6154,857,3   768,507,10,5108,5744,296,5   1543,611,14,2348,3048,414,1   685,382,10,2684,3158,296,1   1027,322,17,3682,4474,503,2   816,578,7,2587,2915,207,5   727,698,8,4626,5076,237,5   1301,421,18,138,1128,532,4   358,485,13,3463,4029,384,4   1767,538,18,3377,4523,532,5   310,555,15,2781,3609,443,3   693,574,18,2914,3902,532,2   878,305,18,2781,3891,532,4   976,524,23,863,2575,680,2   920,554,13,1867,2467,384,1   1291,546,23,0,1216,680,4   799,506,10,875,1337,296,4   890,602,24,2278,3740,710,3   1746,558,19,1674,2660,562,4   1331,642,25,3950,5564,739,2   1567,456,27,3238,4720,798,3   1295,261,18,4508,5466,532,2   1304,310,5,3164,3402,148,2   681,714,14,3850,4642,414,5   809,607,16,3678,4812,473,5   725,388,8,5043,5529,237,5   103,632,4,2878,3130,118,2   1090,56,29,2241,4615,857,2   1906,663,25,3796,5442,739,4   408,559,23,3961,4799,680,3   387,541,25,1425,3141,739,4   138,358,12,4130,4880,355,4   1414,489,25,4254,5974,739,1   1645,614,3,1627,1801,89,5
!----------------------------------------------------------------
!Recharge stations: x,y
300,0   1680,198   1105,702   1469,679   967,345   326,462   761,296   1152,234   351,436   675,802   1276,477   613,572   1479,418   544,246   1956,463   1135,317   504,633   604,809   1822,438   1035,378   916,153   270,616   1055,810   195,555   944,722   1183,517   1993,497   765,431   852,600   728,369   783,545   1544,457   1716,350   187,674   241,386   1385,401   1184,190   1576,310   1343,358   1618,431   1935,414   1079,591   1393,681   95,599   506,881   900,277   1386,190   1733,316   729,592   877,752   656,389   979,844   1739,526   1644,413   1498,760

g inverse recharge rate 0.56
