!----------------------------------------------------------------
!Stores: (first: depot x,y; then: satellites x,y,maxCap)
300,0   941,202,1000   764,856,1000   989,385,1000   706,294,1000
!----------------------------------------------------------------
!Trucks: (total#, cap, cost/dist, fixcost)
6,250,1,150
!----------------------------------------------------------------
!CityFreighters: (max cf/sat, total#, cap, cost/dist, fixcost, maxCharge, energyConsumption)
10,10,125,1,80,1000,1
!----------------------------------------------------------------
!Customers: (x, y, demand, readyTime, dueDate, serviceTime, penalizationCost)
395,389,21,2867,3961,568,2   1351,406,17,1064,2140,459,1   811,620,26,0,1330,703,5   1558,318,7,1758,2180,189,2   1093,597,25,0,892,676,1   1670,525,9,1061,1479,243,2   1364,741,27,2390,3504,730,5   1108,353,6,1244,1562,162,3   811,277,23,2155,2667,622,5   570,613,13,641,1201,351,3   695,289,23,0,1525,622,2   617,241,8,2772,3188,216,3   1471,373,12,1222,1940,324,3   846,746,4,3916,4148,108,2   486,281,19,1389,2607,513,3   1423,306,24,1137,2133,649,2   1317,658,22,4041,5051,595,2   1613,640,25,2614,4242,676,4   1043,609,14,565,1423,378,2   482,401,15,1142,2214,405,1   1375,313,14,2634,3340,378,2   1698,587,27,2188,3908,730,4   1425,250,7,1829,2143,189,4   1435,294,7,2451,2825,189,1   910,429,16,3253,4333,432,1   726,695,9,1123,1563,243,3   467,338,3,3293,3489,81,5   277,487,18,2163,3223,486,3   1079,513,15,1062,1846,405,1   341,514,12,2153,2761,324,3   875,338,16,2612,3528,432,3   331,498,15,3868,4696,405,1   314,395,15,4069,5077,405,4   616,561,23,3960,5374,622,5   907,722,27,2248,3742,730,4   855,247,21,2273,3135,568,5   1116,540,27,743,2157,730,3   1531,429,10,1374,2064,270,2   582,522,10,961,1417,270,1   628,409,11,1004,1704,297,2   1717,715,8,1679,2173,216,4   336,142,27,2090,3700,730,4   1495,602,12,1272,1952,324,1   1059,62,13,642,1290,351,2   1114,692,21,3816,5006,568,2   673,414,26,3781,5481,703,3   527,885,11,3550,4196,297,4   1841,629,20,2929,3885,540,4   1315,472,23,2297,3685,622,2   465,222,19,3941,5223,513,5
!----------------------------------------------------------------
!Recharge stations: x,y
300,0   941,202   764,856   989,385   706,294   1527,333   1472,253   261,554   532,279   384,280   947,742   1506,457   263,387   511,644   238,352   662,615   188,567   1827,519   1644,482   905,333   725,649   566,473   1323,721   725,650   116,684   1389,789   478,646   112,524   378,547   110,542

g inverse recharge rate 0.49
