!----------------------------------------------------------------
!Stores: (first: depot x,y; then: satellites x,y,maxCap)
300,0   1301,770,1000   254,805,1000   1042,125,1000   1949,604,1000
!----------------------------------------------------------------
!Trucks: (total#, cap, cost/dist, fixcost)
6,250,1,150
!----------------------------------------------------------------
!CityFreighters: (max cf/sat, total#, cap, cost/dist, fixcost, maxCharge, energyConsumption)
10,10,125,1,80,1000,1
!----------------------------------------------------------------
!Customers: (x, y, demand, readyTime, dueDate, serviceTime, penalizationCost)
629,336,12,5816,6846,496,4   460,387,11,1110,2102,455,4   1688,429,16,4323,5653,662,4   1449,542,25,4335,6637,1034,1   1029,651,18,3621,5149,745,5   747,647,19,4902,6634,786,1   944,670,19,1068,2890,786,3   459,321,9,6576,7268,372,2   748,672,13,115,1371,538,5   1734,562,20,3644,4424,827,2   1006,523,10,1817,2403,414,5   1115,344,26,2336,5024,1075,5   525,572,20,2362,3636,827,4   1099,637,15,2350,3264,620,2   1733,426,29,0,2681,1200,2   1239,422,13,1727,2953,538,4   1582,312,21,4882,6662,869,5   1221,729,21,4604,6114,869,1   649,668,28,1884,4702,1158,3   1435,250,6,4955,5369,248,1   371,320,9,6432,7056,372,4   610,490,11,1529,2509,455,5   752,225,18,5994,7270,745,2   1763,453,14,5732,6538,579,3   865,652,6,4871,5309,248,2   749,601,9,5662,6558,372,4   397,456,7,6785,7405,290,3   716,621,10,3108,3764,414,4   1500,608,12,2697,3819,496,4   851,771,22,4866,6590,910,3   1686,622,13,1585,2557,538,5   1555,455,11,6387,7377,455,3   680,485,6,620,1114,248,4   1377,463,6,5108,5498,248,4   1630,501,6,5389,5909,248,5   1619,511,20,4233,5453,827,4   1578,620,11,5007,5893,455,3   387,409,15,5559,6141,620,3   859,326,16,3936,5504,662,1   586,446,8,6000,6666,331,3   1582,357,9,4306,4760,372,5   814,501,29,5225,7377,1200,3   1113,156,28,5485,7155,1158,2   1276,752,24,3560,5100,993,5   1706,620,19,2647,4167,786,3   1741,645,14,4080,5306,579,5   1451,629,15,5368,6442,620,1   1925,391,14,3431,4969,579,1   1433,513,6,5255,5747,248,1   1047,330,18,3946,5352,745,4
!----------------------------------------------------------------
!Recharge stations: x,y
300,0   1301,770   254,805   1042,125   1949,604   786,558   961,757   592,546   1796,454   1828,482   282,366   306,487   1226,891   1253,280   420,427   1251,482   1168,320   1721,411   990,186   1576,561   495,385   1383,371   615,242   587,320   238,365

g inverse recharge rate 0.7
