!----------------------------------------------------------------
!Stores: (first: depot x,y; then: satellites x,y,maxCap)
300,0   732,403,1000   1811,773,1000   1333,923,1000   292,524,1000
!----------------------------------------------------------------
!Trucks: (total#, cap, cost/dist, fixcost)
6,250,1,150
!----------------------------------------------------------------
!CityFreighters: (max cf/sat, total#, cap, cost/dist, fixcost, maxCharge, energyConsumption)
10,10,125,1,80,1000,1
!----------------------------------------------------------------
!Customers: (x, y, demand, readyTime, dueDate, serviceTime, penalizationCost)
272,537,9,2638,3812,351,1   717,464,19,5310,6850,741,2   753,610,16,1535,2739,624,2   1518,502,16,2371,3951,624,1   1131,684,12,1734,2744,468,3   276,491,14,4377,5557,546,5   1242,541,20,460,2432,780,5   1422,645,20,0,1634,780,5   1749,415,25,3461,5039,974,2   841,499,16,1084,2310,624,3   557,543,10,5203,5901,390,3   522,388,24,0,1928,936,5   1258,718,12,2089,3125,468,5   1072,451,15,3646,4646,585,4   1490,350,18,4836,5676,702,2   1141,314,12,4599,5533,468,4   484,494,10,3412,3756,390,1   428,624,18,425,1787,702,4   342,653,23,301,2113,897,4   578,526,22,4097,6271,858,5   1372,269,7,3885,4529,273,2   830,523,4,2410,2588,156,2   482,297,5,6472,6878,195,4   1602,373,29,1574,3538,1130,5   1486,588,10,1244,2012,390,2   649,414,25,0,2301,974,5   1025,382,17,5405,6835,663,4   1065,439,14,3747,5123,546,1   660,685,6,3908,4502,234,1   656,350,16,6053,7279,624,2   989,787,23,1319,3527,897,1   905,667,8,4626,5290,312,2   1641,625,25,3548,5708,974,5   438,562,7,509,1125,273,2   769,310,22,4535,6433,858,5   1748,516,26,2794,4962,1013,2   487,628,16,2076,3426,624,1   572,723,10,5453,6231,390,4   216,479,6,1025,1647,234,4   798,595,22,5336,6506,858,3   1297,866,28,0,2441,1091,1   1021,106,11,1925,2541,429,3   1523,174,3,1181,1389,117,2   31,431,20,2389,4085,780,4   1776,656,3,3051,3323,117,4   1660,243,24,984,2670,936,1   1965,617,14,4481,5259,546,3   284,442,8,6719,7145,312,2   312,522,25,2258,4504,974,3   467,589,20,5546,6922,780,4
!----------------------------------------------------------------
!Recharge stations: x,y
300,0   732,403   1811,773   1333,923   292,524   532,607   1579,633

g inverse recharge rate 0.68
