!----------------------------------------------------------------
!Stores: (first: depot x,y; then: satellites x,y,maxCap)
300,0   341,811,1000   468,469,1000   1903,681,1000   1739,317,1000
!----------------------------------------------------------------
!Trucks: (total#, cap, cost/dist, fixcost)
6,250,1,150
!----------------------------------------------------------------
!CityFreighters: (max cf/sat, total#, cap, cost/dist, fixcost, maxCharge, energyConsumption)
10,10,125,1,80,1000,1
!----------------------------------------------------------------
!Customers: (x, y, demand, readyTime, dueDate, serviceTime, penalizationCost)
1457,621,29,0,1935,1354,5   1369,514,15,194,1816,701,1   450,294,18,2210,4198,841,5   1201,625,4,5955,6429,187,3   303,393,10,2550,3640,467,5   626,373,9,6193,7127,420,4   986,751,21,1827,3461,981,1   1687,572,6,3479,4037,280,4   807,535,17,4078,5730,794,3   957,602,7,6226,6920,327,3   1341,466,14,389,1991,654,2   868,335,19,5577,7563,887,3   1477,427,3,981,1267,140,2   1710,513,7,5693,6323,327,1   297,516,18,6303,7713,841,3   1566,595,15,2970,4082,701,3   982,373,19,6086,8304,887,1   602,560,12,4450,5338,560,1   1018,575,17,5728,7780,794,3   681,511,19,122,1952,887,1   390,389,12,1109,2583,560,1   1717,407,3,5334,5740,140,3   812,728,4,1695,2037,187,2   1482,411,11,4902,5360,514,2   1121,230,9,4403,5279,420,5   724,609,5,2984,3408,234,2   732,543,7,4224,5076,327,4   1701,427,5,5959,6491,234,4   1429,411,26,3326,6450,1214,2   1580,334,6,6794,7346,280,2   1542,363,4,1753,1943,187,1   446,356,26,3483,5239,1214,2   1325,511,28,291,2579,1308,2   1040,543,14,5306,6748,654,3   839,762,10,6236,7214,467,3   826,427,25,1503,3557,1168,5   1622,535,18,4346,6088,841,2   1205,493,22,2966,5042,1027,1   1756,487,13,4912,6198,607,2   1757,458,13,4563,5731,607,3   1205,634,26,3856,5118,1214,4   968,82,17,4871,6703,794,5   552,907,29,1871,5463,1354,5   933,725,11,5651,6463,514,2   1702,535,16,369,1639,747,3   1374,356,9,5550,6698,420,3   1225,149,10,1922,2992,467,1   1029,837,20,4108,5894,934,3   894,84,23,571,2899,1074,5   210,630,15,5062,6588,701,1
!----------------------------------------------------------------
!Recharge stations: x,y
300,0   341,811   468,469   1903,681   1739,317   848,592   1099,507   911,413   213,615   548,783   383,254   565,713   1717,496   1501,750   472,394   835,532   1065,724   1063,755   378,567   1418,245   1695,575   395,552   357,294   1675,329   1330,785   1592,275   407,405   708,223   1708,690   804,641

g inverse recharge rate 0.74
