!----------------------------------------------------------------
!Stores: (first: depot x,y; then: satellites x,y,maxCap)
300,0   1913,443,1000   1219,926,1000   608,792,1000   1816,280,1000
!----------------------------------------------------------------
!Trucks: (total#, cap, cost/dist, fixcost)
6,250,1,150
!----------------------------------------------------------------
!CityFreighters: (max cf/sat, total#, cap, cost/dist, fixcost, maxCharge, energyConsumption)
10,10,125,1,80,1000,1
!----------------------------------------------------------------
!Customers: (x, y, demand, readyTime, dueDate, serviceTime, penalizationCost)
623,450,10,1628,2638,415,2   281,390,29,2369,4969,1203,3   884,287,9,456,1242,373,1   1629,573,29,2635,4841,1203,3   974,731,8,5594,6254,332,3   529,469,12,6610,7480,498,3   1551,495,8,4486,5090,332,2   1351,754,3,5261,5513,124,1   602,631,10,1150,1972,415,1   898,367,3,993,1319,124,5   1699,559,21,309,2125,871,1   378,609,17,553,2193,705,3   370,498,3,3680,3976,124,5   469,445,17,6518,7150,705,4   1184,511,12,4870,5744,498,2   495,516,8,5238,5898,332,5   1495,720,6,5754,6070,249,5   530,438,28,5349,7619,1161,2   981,779,7,3057,3627,290,3   510,736,25,1339,4077,1037,5   361,612,10,2572,3592,415,2   1250,678,25,2527,4899,1037,2   756,555,10,1011,1903,415,5   800,283,3,6302,6578,124,3   490,577,16,4984,5940,664,3   461,372,20,2153,3587,830,5   654,765,15,889,2369,622,5   1709,537,25,956,2736,1037,3   440,471,27,4234,6314,1120,3   571,333,21,3554,5674,871,2   1234,454,25,5694,7328,1037,5   1631,401,20,5205,6817,830,5   598,321,13,825,1689,539,3   1653,656,20,3742,5302,830,4   913,741,8,5098,5536,332,1   1356,482,28,1919,4237,1161,2   1699,452,29,2843,5677,1203,5   484,331,9,5641,6509,373,5   1148,231,7,7382,7894,290,5   1454,444,24,2608,4682,996,1   1784,634,11,5888,6776,456,1   1304,192,12,4373,5281,498,4   1100,315,12,460,1020,498,5   1382,546,17,2061,3447,705,1   1638,743,29,3169,5787,1203,4   633,80,29,5511,7581,1203,4   1600,703,24,1228,3144,996,2   1675,196,3,4996,5206,124,2   1892,642,20,6657,7973,830,1   1161,242,23,0,1719,954,3
!----------------------------------------------------------------
!Recharge stations: x,y
300,0   1913,443   1219,926   608,792   1816,280   1120,355   857,292   1951,593   934,802   1543,499

g inverse recharge rate 0.74
