!----------------------------------------------------------------
!Stores: (first: depot x,y; then: satellites x,y,maxCap)
300,0   202,728,1000   890,151,1000   513,786,1000   1784,582,1000
!----------------------------------------------------------------
!Trucks: (total#, cap, cost/dist, fixcost)
6,250,1,150
!----------------------------------------------------------------
!CityFreighters: (max cf/sat, total#, cap, cost/dist, fixcost, maxCharge, energyConsumption)
10,10,125,1,80,1000,1
!----------------------------------------------------------------
!Customers: (x, y, demand, readyTime, dueDate, serviceTime, penalizationCost)
1750,415,9,6195,6965,325,3   841,486,16,5402,6320,577,1   899,411,18,2618,3548,650,2   388,556,12,6219,7329,433,2   393,583,29,3760,6116,1046,4   839,230,24,4366,5906,866,1   643,498,20,5305,7263,722,2   337,493,29,3288,5250,1046,3   999,763,12,2686,3990,433,3   1500,311,15,2674,3990,541,4   963,247,4,4231,4397,144,2   798,280,29,2128,5294,1046,1   577,520,6,902,1352,217,2   1797,503,9,3883,4423,325,4   677,431,16,4765,5811,577,4   824,704,7,2319,2927,253,5   459,457,24,1392,3812,866,4   1114,683,29,3199,4687,1046,5   619,594,18,1331,2373,650,2   1160,259,7,6238,6780,253,3   1047,255,26,1954,3558,938,3   343,365,6,5935,6305,217,3   441,433,9,6260,7160,325,5   473,433,12,1611,2331,433,2   407,687,26,1243,3165,938,3   790,432,16,2787,4081,577,5   1297,414,19,3549,5087,686,1   405,375,3,5681,5919,108,1   1439,389,25,2140,4688,902,4   594,417,9,6677,7181,325,1   341,609,23,4888,6838,830,2   775,660,11,5140,5956,397,4   352,634,22,4914,6438,794,5   357,638,10,1888,2574,361,5   1159,427,3,6293,6477,108,3   281,607,27,4377,6249,974,4   1068,421,25,5240,6774,902,4   905,634,14,4756,5420,505,4   1419,319,20,3498,5274,722,5   1686,485,28,3250,5104,1010,5   944,857,27,3394,5386,974,2   1666,342,10,4519,5123,361,5   1434,829,9,836,1488,325,2   1057,640,13,5404,6494,469,1   364,687,25,2536,4102,902,1   409,496,20,1154,2486,722,1   1720,468,29,1416,4034,1046,4   1379,702,24,3607,5727,866,5   1772,212,16,5329,6127,577,1   1585,896,7,2279,2705,253,5
!----------------------------------------------------------------
!Recharge stations: x,y
300,0   202,728   890,151   513,786   1784,582   448,468   986,218

g inverse recharge rate 0.68
