!----------------------------------------------------------------
!Stores: (first: depot x,y; then: satellites x,y,maxCap)
300,0   1258,707,1000   742,378,1000   174,458,1000   1537,247,1000
!----------------------------------------------------------------
!Trucks: (total#, cap, cost/dist, fixcost)
6,250,1,150
!----------------------------------------------------------------
!CityFreighters: (max cf/sat, total#, cap, cost/dist, fixcost, maxCharge, energyConsumption)
10,10,125,1,80,1000,1
!----------------------------------------------------------------
!Customers: (x, y, demand, readyTime, dueDate, serviceTime, penalizationCost)
1078,257,15,1073,2259,480,4   918,628,27,1706,4242,865,1   381,345,29,1923,3215,929,5   816,329,22,4841,5879,705,2   799,696,8,4780,5322,256,5   423,464,10,3108,3576,320,5   1346,338,25,2601,3701,801,1   844,755,4,3306,3526,128,3   1010,342,6,4375,4671,192,5   825,749,29,2365,4229,929,4   873,553,22,1640,3426,705,4   1364,513,29,167,1729,929,5   582,247,10,2504,3064,320,5   202,518,18,4208,5366,576,3   919,267,22,0,1471,705,1   1686,510,4,2554,2794,128,2   1105,394,23,4740,6118,737,5   569,729,20,1943,2997,641,2   660,568,20,3381,4855,641,2   1089,463,7,5957,6321,224,2   489,348,24,2743,4031,769,3   644,327,9,2525,3171,288,4   517,331,4,938,1160,128,4   420,358,16,524,1410,512,2   1669,384,22,3996,5354,705,4   394,671,10,1474,2296,320,2   1266,371,26,0,1852,833,3   1260,399,28,4264,5690,897,1   1148,529,24,1461,3011,769,5   1161,311,13,2511,3459,416,4   1216,736,4,6069,6351,128,1   1065,715,5,3101,3475,160,4   1540,609,23,1147,2571,737,3   543,522,6,3845,4197,192,3   567,444,13,2796,3496,416,4   904,516,22,234,1484,705,4   1716,406,6,1644,2118,192,2   460,677,18,23,1419,576,5   1277,456,22,2992,4054,705,2   921,466,12,2358,3238,384,5   1801,385,27,746,2594,865,3   197,438,21,4537,5539,673,3   1520,513,12,3931,4847,384,2   866,783,25,2257,3607,801,1   939,892,22,3916,5004,705,1   1033,424,29,2557,4075,929,4   535,761,10,2820,3350,320,1   1986,442,10,1481,2229,320,1   664,627,3,2242,2400,96,4   1583,153,25,4661,6499,801,3
!----------------------------------------------------------------
!Recharge stations: x,y
300,0   1258,707   742,378   174,458   1537,247   934,581   1805,572   524,736   1767,528   1779,612   1046,238   1769,517   1339,698   824,700   762,402   1424,448   996,706   1842,529   555,586   1101,584

g inverse recharge rate 0.6
