!----------------------------------------------------------------
!Stores: (first: depot x,y; then: satellites x,y,maxCap)
300,0   737,750,1000   1403,735,1000   1207,746,1000   214,536,1000
!----------------------------------------------------------------
!Trucks: (total#, cap, cost/dist, fixcost)
6,250,1,150
!----------------------------------------------------------------
!CityFreighters: (max cf/sat, total#, cap, cost/dist, fixcost, maxCharge, energyConsumption)
10,10,125,1,80,1000,1
!----------------------------------------------------------------
!Customers: (x, y, demand, readyTime, dueDate, serviceTime, penalizationCost)
381,672,25,0,2027,848,3   235,448,15,1243,1957,509,2   1527,689,11,2453,3813,373,5   991,692,10,2718,3352,339,2   1381,463,24,2974,4862,815,3   1331,325,10,2268,2896,339,2   280,463,3,3325,3513,102,3   1649,482,20,1002,2150,679,1   1251,279,18,2390,3624,611,2   772,424,19,4338,5472,645,3   601,399,5,5386,5650,170,3   826,529,15,3732,4626,509,2   530,700,4,2883,3111,136,4   1347,369,20,1908,3118,679,3   358,653,26,0,1739,882,5   1456,310,20,2257,3613,679,5   432,545,11,3902,4604,373,5   308,637,10,4149,4561,339,3   715,262,27,12,1818,916,2   870,441,5,1918,2246,170,3   1624,425,17,1441,2657,577,4   253,551,5,1986,2396,170,4   630,527,19,120,1708,645,5   1106,459,12,1026,1738,407,3   968,772,26,2550,4760,882,4   993,689,13,2337,3205,441,3   242,444,28,2523,4341,950,1   1479,590,20,4851,6289,679,2   1436,406,20,2022,2892,679,3   516,737,26,4894,6210,882,1   1581,667,26,669,1931,882,4   1019,358,16,207,1421,543,4   1616,672,13,1637,2501,441,2   557,378,18,5477,6285,611,5   1394,537,22,2665,4143,747,4   1601,345,21,2494,3776,713,5   769,350,14,4786,5592,475,3   1790,485,17,4450,5752,577,4   814,743,26,581,2991,882,5   399,364,29,2437,4271,984,2   835,490,8,2671,3289,272,5   533,911,20,4771,6047,679,5   630,548,10,2304,2648,339,4   1296,446,14,4360,5434,475,2   1428,556,6,1982,2496,204,4   278,269,6,1375,1853,204,4   646,530,3,2696,2904,102,5   1658,532,14,3008,4112,475,3   470,622,19,5184,6640,645,2   1838,751,9,1583,2385,305,5
!----------------------------------------------------------------
!Recharge stations: x,y
300,0   737,750   1403,735   1207,746   214,536   1130,505   1578,314   1186,382

g inverse recharge rate 0.6
