!----------------------------------------------------------------
!Stores: (first: depot x,y; then: satellites x,y,maxCap)
300,0   19,412,1000   1569,459,1000   942,291,1000   915,886,1000
!----------------------------------------------------------------
!Trucks: (total#, cap, cost/dist, fixcost)
6,250,1,150
!----------------------------------------------------------------
!CityFreighters: (max cf/sat, total#, cap, cost/dist, fixcost, maxCharge, energyConsumption)
10,10,125,1,80,1000,1
!----------------------------------------------------------------
!Customers: (x, y, demand, readyTime, dueDate, serviceTime, penalizationCost)
351,600,3,3426,3652,99,4   1478,561,13,1427,2299,429,5   343,526,13,1510,2510,429,3   1430,715,15,2153,3473,495,2   1180,363,24,3945,5463,793,3   1694,455,24,1818,3032,793,2   729,716,24,4455,5681,793,4   1431,751,7,1255,1731,231,1   1121,679,13,6111,6999,429,3   1730,487,7,826,1380,231,1   1011,611,13,2887,4011,429,5   936,759,3,5594,5744,99,4   566,574,25,1873,4099,826,2   1375,345,29,206,2392,958,4   1404,295,8,5778,6380,264,4   1157,552,18,519,1439,594,1   1088,740,15,1049,1855,495,1   1156,345,28,410,2576,925,1   297,560,11,2963,3533,363,4   335,368,23,2633,3735,760,5   455,416,20,2826,4352,661,3   1569,399,25,2999,4385,826,2   1106,454,25,4288,5834,826,1   1026,309,25,295,1811,826,5   1712,607,26,5026,6844,859,3   1667,468,18,4216,5408,594,4   1326,541,21,3177,4025,694,3   446,474,16,852,1602,528,5   1027,276,15,3841,4765,495,3   601,343,28,5013,6221,925,1   1234,725,12,5657,6461,396,2   577,344,24,2741,4203,793,4   997,505,28,4787,6619,925,4   689,655,11,2729,3575,363,3   820,475,7,5769,6389,231,5   1386,363,12,1543,2411,396,4   1374,619,28,1254,3084,925,5   634,766,17,4554,5822,561,5   1069,762,11,5906,7030,363,1   1463,514,9,6435,7023,297,5   380,752,20,2569,3965,661,1   267,433,22,596,1686,727,3   697,595,6,6790,7082,198,1   367,732,27,1880,3642,892,2   757,20,16,1523,2491,528,5   289,398,16,2357,3757,528,2   1696,780,24,3486,5510,793,5   1568,507,9,6052,6698,297,5   728,52,28,2614,4402,925,2   708,701,21,5349,6659,694,5
!----------------------------------------------------------------
!Recharge stations: x,y
300,0   19,412   1569,459   942,291   915,886   472,502   1451,479   700,699   1437,418   1166,164   1531,323   568,226   1411,440   1451,451   320,860   1059,540   864,669   1521,408   1604,357   1541,246

g inverse recharge rate 0.65
