!----------------------------------------------------------------
!Stores: (first: depot x,y; then: satellites x,y,maxCap)
300,0   1002,917,1000   103,601,1000   426,696,1000   614,98,1000
!----------------------------------------------------------------
!Trucks: (total#, cap, cost/dist, fixcost)
6,250,1,150
!----------------------------------------------------------------
!CityFreighters: (max cf/sat, total#, cap, cost/dist, fixcost, maxCharge, energyConsumption)
10,10,125,1,80,1000,1
!----------------------------------------------------------------
!Customers: (x, y, demand, readyTime, dueDate, serviceTime, penalizationCost)
1347,608,18,1733,3779,772,4   411,612,7,4813,5257,300,3   852,558,4,4766,5102,172,2   953,749,6,310,1008,257,1   1328,600,27,416,2200,1159,1   1203,628,12,1089,1945,515,4   1401,354,21,2476,3720,901,3   1587,324,13,5159,6667,558,4   1522,633,5,3936,4464,215,3   1253,424,10,4791,5829,429,1   1024,672,8,5004,5686,343,5   1337,743,13,1434,2568,558,5   940,357,5,4465,4941,215,1   1311,642,16,6580,8296,687,3   1695,558,28,4493,6219,1202,5   585,586,19,3751,5603,815,2   1061,582,14,4629,6169,601,3   940,546,5,2357,2723,215,2   1386,509,26,1072,3916,1116,2   510,434,26,4431,6787,1116,4   1343,701,4,5797,6215,172,1   1721,609,23,1004,3046,987,3   1493,580,10,1917,2757,429,2   918,642,29,1381,3945,1244,2   320,576,23,5125,7067,987,3   851,720,19,2703,4795,815,3   437,347,18,3357,5031,772,1   1773,549,8,5747,6351,343,4   587,656,18,6711,8305,772,1   1318,469,25,767,2935,1073,5   1086,232,6,4409,4931,257,3   959,214,19,334,2306,815,4   359,442,5,5616,6024,215,2   702,558,21,5995,7825,901,5   1732,412,22,5205,6597,944,3   809,732,25,1434,4412,1073,4   1590,695,8,6720,7190,343,4   649,476,11,3852,4902,472,4   1725,509,24,3215,4907,1030,1   552,397,18,5866,8076,772,4   1414,63,24,2760,4458,1030,3   1994,533,3,1515,1803,129,1   453,407,9,4578,5296,386,2   1327,714,27,100,2646,1159,5   1354,537,18,1001,2489,772,2   1919,563,3,7380,7610,129,3   416,212,17,4662,6052,729,3   1372,201,23,5967,7935,987,3   1665,798,28,4587,6491,1202,2   1051,387,24,2886,5312,1030,4
!----------------------------------------------------------------
!Recharge stations: x,y
300,0   1002,917   103,601   426,696   614,98   1498,536   1333,640   1301,579   1751,599   1842,499   1007,805   1591,542   917,770   1495,365   101,677   925,760   1295,746   499,651   511,538   1266,703

g inverse recharge rate 0.76
