!----------------------------------------------------------------
!Stores: (first: depot x,y; then: satellites x,y,maxCap)
300,0   1258,707,1000   742,378,1000   174,458,1000   1537,247,1000
!----------------------------------------------------------------
!Trucks: (total#, cap, cost/dist, fixcost)
6,250,1,150
!----------------------------------------------------------------
!CityFreighters: (max cf/sat, total#, cap, cost/dist, fixcost, maxCharge, energyConsumption)
10,10,125,1,80,1000,1
!----------------------------------------------------------------
!Customers: (x, y, demand, readyTime, dueDate, serviceTime, penalizationCost)
1078,257,15,5540,6220,480,1   918,628,27,3515,5405,865,4   381,345,29,3651,4835,929,3   816,329,22,294,1378,705,5   799,696,8,1925,2321,256,5   423,464,10,4437,5083,320,2   1346,338,25,2654,4524,801,3   844,755,4,4944,5182,128,5   1010,342,6,3774,4340,192,5   825,749,29,3566,5428,929,3   873,553,22,3792,5136,705,3   1364,513,29,3073,4933,929,4   582,247,10,3950,4572,320,2   202,518,18,799,1863,576,5   919,267,22,252,1872,705,5   1686,510,4,5945,6263,128,3   1105,394,23,2347,3971,737,2   569,729,20,2229,3649,641,5   660,568,20,533,1653,641,2   1089,463,7,1280,1754,224,5   489,348,24,1020,2190,769,4   644,327,9,5451,6009,288,2   517,331,4,4663,4913,128,3   420,358,16,3656,4374,512,3   1669,384,22,573,1999,705,4   394,671,10,3565,4103,320,1   1266,371,26,2270,3724,833,1   1260,399,28,3685,5657,897,5   1148,529,24,1289,2725,769,5   1161,311,13,3311,4141,416,1   1216,736,4,3780,3964,128,3   1065,715,5,1661,1939,160,5   1540,609,23,3368,4926,737,3   543,522,6,1938,2326,192,4   567,444,13,3000,3898,416,4   904,516,22,2516,3634,705,4   1716,406,6,4049,4429,192,2   460,677,18,827,1707,576,3   1277,456,22,0,1626,705,3   921,466,12,5326,6152,384,5   1801,385,27,2052,3756,865,5   197,438,21,4097,5067,673,1   1520,513,12,2451,3189,384,3   866,783,25,2969,4021,801,5   939,892,22,3862,5250,705,3   1033,424,29,580,2126,929,2   535,761,10,5508,6000,320,4   1986,442,10,4221,4851,320,4   664,627,3,1862,2128,96,3   1583,153,25,635,2239,801,3
!----------------------------------------------------------------
!Recharge stations: x,y
300,0   1258,707   742,378   174,458   1537,247   934,581   1805,572   524,736   1767,528   1779,612   1046,238   1769,517   1339,698   824,700   762,402   1424,448   996,706   1842,529   555,586   1101,584   787,361   1107,409   1572,359   889,355   1722,382

g inverse recharge rate 0.6
