!----------------------------------------------------------------
!Stores: (first: depot x,y; then: satellites x,y,maxCap)
300,0   1659,775,1000   808,901,1000   1591,509,1000   392,464,1000
!----------------------------------------------------------------
!Trucks: (total#, cap, cost/dist, fixcost)
6,250,1,150
!----------------------------------------------------------------
!CityFreighters: (max cf/sat, total#, cap, cost/dist, fixcost, maxCharge, energyConsumption)
10,10,125,1,80,1000,1
!----------------------------------------------------------------
!Customers: (x, y, demand, readyTime, dueDate, serviceTime, penalizationCost)
792,282,11,1144,1854,383,2   1380,598,3,4134,4296,104,2   618,441,29,4020,5686,1009,1   1553,584,13,5967,6889,452,2   998,533,4,5344,5684,139,1   1244,774,6,3529,3995,209,4   884,770,19,4638,5856,661,3   1080,404,6,5203,5601,209,3   481,409,16,3249,4445,557,4   664,358,29,4379,5875,1009,2   1498,576,26,0,1544,905,2   1652,651,22,245,1713,765,1   622,687,23,1525,3269,800,1   900,495,19,3536,4618,661,2   719,221,10,4839,5697,348,4   579,264,11,1834,2662,383,1   1361,307,10,3159,3771,348,3   365,366,21,804,2276,731,4   1258,562,20,3893,5247,696,5   1600,540,13,190,1258,452,3   560,562,15,1511,2695,522,3   382,682,14,4449,5669,487,1   1757,481,28,167,1469,974,2   1129,555,13,391,1095,452,4   1358,384,14,2942,4098,487,4   1222,388,22,5693,6659,765,5   447,529,25,216,1536,870,2   986,327,10,426,916,348,4   1488,332,16,5356,6010,557,3   303,614,7,4015,4595,244,5   322,547,6,5753,6087,209,5   1167,396,19,2258,4018,661,2   1210,425,22,1444,2860,765,2   1031,395,23,4347,5629,800,3   829,439,14,3413,4319,487,3   1062,223,29,875,3385,1009,3   1714,373,20,2508,3930,696,3   1083,289,6,4287,4669,209,3   675,307,9,4534,4950,313,2   985,532,12,4570,5338,418,5   1507,186,27,2077,3517,939,2   1645,498,21,1435,2799,731,2   560,830,29,0,1776,1009,5   46,552,28,2475,3603,974,5   98,507,12,5475,6703,418,1   1372,399,23,78,2026,800,1   202,283,18,4729,6389,626,5   1186,634,22,5432,6836,765,2   764,580,6,1031,1367,209,1   1628,760,25,995,2651,870,2
!----------------------------------------------------------------
!Recharge stations: x,y
300,0   1659,775   808,901   1591,509   392,464   1757,423   1107,6   1049,303   1705,574   1363,190

g inverse recharge rate 0.65
