!----------------------------------------------------------------
!Stores: (first: depot x,y; then: satellites x,y,maxCap)
300,0   1913,443,1000   1219,926,1000   608,792,1000   1816,280,1000
!----------------------------------------------------------------
!Trucks: (total#, cap, cost/dist, fixcost)
6,250,1,150
!----------------------------------------------------------------
!CityFreighters: (max cf/sat, total#, cap, cost/dist, fixcost, maxCharge, energyConsumption)
10,10,125,1,80,1000,1
!----------------------------------------------------------------
!Customers: (x, y, demand, readyTime, dueDate, serviceTime, penalizationCost)
623,450,10,3102,3982,415,1   281,390,29,4919,6681,1203,5   884,287,9,6648,7322,373,2   1629,573,29,532,2898,1203,3   974,731,8,5999,6697,332,5   529,469,12,5485,6277,498,4   1551,495,8,1394,2142,332,4   1351,754,3,1967,2247,124,1   602,631,10,4303,4981,415,3   898,367,3,3901,4111,124,2   1699,559,21,0,1761,871,3   378,609,17,2806,4428,705,2   370,498,3,4610,4902,124,5   469,445,17,1283,2757,705,4   1184,511,12,1950,3198,498,4   495,516,8,5340,5742,332,4   1495,720,6,3612,3986,249,4   530,438,28,1083,3717,1161,3   981,779,7,4604,5352,290,4   510,736,25,3287,5961,1037,1   361,612,10,3625,4391,415,1   1250,678,25,3714,6136,1037,1   756,555,10,4522,5370,415,4   800,283,3,977,1211,124,5   490,577,16,891,2339,664,3   461,372,20,1763,3349,830,2   654,765,15,1924,3498,622,2   1709,537,25,242,2294,1037,1   440,471,27,2731,4671,1120,3   571,333,21,5426,6774,871,4   1234,454,25,162,2296,1037,5   1631,401,20,6459,8309,830,1   598,321,13,2823,3741,539,1   1653,656,20,2824,4548,830,4   913,741,8,7450,8120,332,2   1356,482,28,5677,8007,1161,4   1699,452,29,4811,7633,1203,2   484,331,9,5478,6148,373,2   1148,231,7,3327,4037,290,3   1454,444,24,5262,7124,996,5   1784,634,11,2701,3971,456,1   1304,192,12,1389,2353,498,5   1100,315,12,6747,7599,498,5   1382,546,17,3188,5206,705,1   1638,743,29,1364,3934,1203,1   633,80,29,4666,6442,1203,1   1600,703,24,3403,4879,996,4   1675,196,3,652,836,124,1   1892,642,20,2367,3907,830,4   1161,242,23,403,2147,954,4
!----------------------------------------------------------------
!Recharge stations: x,y
300,0   1913,443   1219,926   608,792   1816,280   1120,355   857,292   1951,593

g inverse recharge rate 0.74
