!----------------------------------------------------------------
!Stores: (first: depot x,y; then: satellites x,y,maxCap)
300,0   1104,923,1000   265,570,1000   1281,290,1000   997,241,1000
!----------------------------------------------------------------
!Trucks: (total#, cap, cost/dist, fixcost)
6,250,1,150
!----------------------------------------------------------------
!CityFreighters: (max cf/sat, total#, cap, cost/dist, fixcost, maxCharge, energyConsumption)
10,10,125,1,80,1000,1
!----------------------------------------------------------------
!Customers: (x, y, demand, readyTime, dueDate, serviceTime, penalizationCost)
1080,593,8,5692,6464,272,5   1753,528,17,297,1785,578,5   445,400,22,4526,5900,748,5   812,373,17,1961,3229,578,4   1472,533,8,3817,4359,272,4   533,449,11,1422,1956,374,3   1500,396,28,4608,6150,951,1   783,520,8,1239,1803,272,5   447,670,25,3282,4602,849,2   1673,643,11,855,1511,374,3   295,397,24,4493,6355,815,5   674,443,18,3122,4170,612,4   293,545,25,2161,3811,849,1   941,487,4,4498,4754,136,5   1501,317,16,831,1871,544,2   1263,474,8,1735,2325,272,4   1796,478,13,1261,2057,442,4   219,495,6,5304,5792,204,2   352,509,19,3041,4627,646,2   1628,651,7,2204,2806,238,5   1419,708,29,3900,6044,985,1   1547,410,3,3847,3965,102,2   688,719,13,3191,4177,442,1   244,550,27,2052,3536,917,2   1548,575,8,1922,2470,272,2   1494,578,22,2455,3807,748,3   1582,371,13,5495,6123,442,2   1183,560,28,1609,3935,951,2   1142,241,24,3868,5936,815,3   1203,670,19,3219,4699,646,5   1177,440,12,15,937,408,1   549,720,22,0,1548,748,2   1499,389,22,2667,4275,748,1   1019,209,10,141,887,340,5   1299,607,28,0,1496,951,5   1198,224,16,4368,5312,544,2   1770,470,19,4723,5897,646,1   1127,515,22,1432,3516,748,1   603,584,8,737,1329,272,1   1027,603,15,3645,4665,510,4   1772,355,3,1385,1601,102,4   744,204,11,2920,3562,374,3   1723,488,5,5897,6225,170,3   933,674,23,4509,5893,781,2   1154,645,17,5285,6211,578,4   1093,727,27,2823,4647,917,2   1683,195,24,2534,4194,815,3   220,563,6,2504,2876,204,1   1524,784,22,3459,4979,748,4   1407,661,7,3388,4086,238,5
!----------------------------------------------------------------
!Recharge stations: x,y
300,0   1104,923   265,570   1281,290   997,241   1508,355   1486,550   368,875   1766,541   1717,671   1244,246   1438,333   1269,613   1833,520   535,532   1338,766   189,400   1131,503   554,230   374,386

g inverse recharge rate 0.6
