!----------------------------------------------------------------
!Stores: (first: depot x,y; then: satellites x,y,maxCap)
300,0   1314,650,1000   548,85,1000   70,356,1000   844,731,1000
!----------------------------------------------------------------
!Trucks: (total#, cap, cost/dist, fixcost)
6,250,1,150
!----------------------------------------------------------------
!CityFreighters: (max cf/sat, total#, cap, cost/dist, fixcost, maxCharge, energyConsumption)
10,10,125,1,80,1000,1
!----------------------------------------------------------------
!Customers: (x, y, demand, readyTime, dueDate, serviceTime, penalizationCost)
1140,489,22,979,2613,844,1   1210,344,10,3477,4221,384,1   283,552,7,2966,3366,269,5   1743,579,11,5221,6343,422,5   660,253,15,1350,2200,575,4   808,679,4,6937,7287,153,4   288,610,3,4008,4184,115,2   1320,570,10,626,1302,384,1   984,331,29,2912,4910,1112,1   1198,680,17,4695,5673,652,4   1390,344,18,3215,4693,691,4   1427,604,7,6323,6817,269,3   1264,777,19,5345,6697,729,2   1192,450,16,5364,6576,614,4   1350,439,21,4787,6425,806,4   890,676,22,5034,6036,844,2   1265,750,17,1503,2891,652,1   1488,311,23,566,2508,882,4   1676,533,17,4153,5357,652,2   232,547,26,1163,3485,997,4   1548,424,16,1047,2811,614,5   1087,469,19,5912,7364,729,4   577,324,11,3259,4059,422,3   200,500,25,4643,6409,959,5   1621,484,11,651,1373,422,1   1585,514,27,2412,4230,1036,3   457,347,10,1465,2415,384,5   1507,592,12,5364,6206,460,3   316,368,13,4785,5467,499,1   512,602,9,4228,4942,345,5   1445,645,28,4687,6841,1074,2   805,561,5,321,853,192,1   342,511,23,2487,3851,882,5   1639,556,18,4283,5649,691,4   825,343,7,5197,5885,269,5   1751,499,18,4974,6274,691,5   1684,637,18,612,2250,691,3   1472,666,8,2614,3258,307,3   1094,424,11,1016,1768,422,2   1701,426,18,3605,5095,691,3   1345,660,19,4565,6487,729,1   878,16,28,4002,6622,1074,4   216,792,7,5878,6234,269,5   961,798,21,947,2707,806,5   1184,801,12,1357,2175,460,5   1274,186,22,3739,5607,844,5   928,905,19,4974,6186,729,2   1061,989,25,2177,4001,959,4   474,471,11,1804,2656,422,2   248,292,11,988,2002,422,1
!----------------------------------------------------------------
!Recharge stations: x,y
300,0   1314,650   548,85   70,356   844,731   273,357   372,710   1529,261   1270,389   655,302   1674,380   1396,767   244,452   1523,709   426,287   921,702   861,575   1356,580   529,269   122,368   690,624   750,182   364,612   1301,231   417,330   281,308   1132,181   439,657   734,413   1224,385

g inverse recharge rate 0.68
