!----------------------------------------------------------------
!Stores: (first: depot x,y; then: satellites x,y,maxCap)
300,0   732,403,1000   1811,773,1000   1333,923,1000   292,524,1000
!----------------------------------------------------------------
!Trucks: (total#, cap, cost/dist, fixcost)
6,250,1,150
!----------------------------------------------------------------
!CityFreighters: (max cf/sat, total#, cap, cost/dist, fixcost, maxCharge, energyConsumption)
10,10,125,1,80,1000,1
!----------------------------------------------------------------
!Customers: (x, y, demand, readyTime, dueDate, serviceTime, penalizationCost)
272,537,9,1872,2654,351,5   717,464,19,3726,4908,741,4   753,610,16,4143,5409,624,2   1518,502,16,1434,2912,624,2   1131,684,12,68,1280,468,2   276,491,14,1358,2206,546,5   1242,541,20,5024,6696,780,5   1422,645,20,1927,3609,780,2   1749,415,25,1903,3811,974,1   841,499,16,6005,6981,624,5   557,543,10,6025,6731,390,2   522,388,24,1289,3393,936,2   1258,718,12,5196,6058,468,4   1072,451,15,151,1131,585,3   1490,350,18,3298,5358,702,5   1141,314,12,4513,5541,468,3   484,494,10,4441,5115,390,4   428,624,18,1115,2431,702,3   342,653,23,932,2614,897,1   578,526,22,1402,3664,858,5   1372,269,7,3653,4193,273,5   830,523,4,2947,3185,156,4   482,297,5,4907,5249,195,4   1602,373,29,799,3513,1130,4   1486,588,10,3237,4021,390,1   649,414,25,3486,5666,974,5   1025,382,17,3580,5102,663,4   1065,439,14,1538,2620,546,1   660,685,6,2126,2670,234,4   656,350,16,483,1553,624,2   989,787,23,2992,4782,897,2   905,667,8,3818,4326,312,3   1641,625,25,5257,6721,974,3   438,562,7,6132,6674,273,5   769,310,22,768,2174,858,1   1748,516,26,2640,4998,1013,5   487,628,16,1743,3263,624,3   572,723,10,1135,1915,390,1   216,479,6,5577,6097,234,3   798,595,22,268,2360,858,2   1297,866,28,3407,5573,1091,2   1021,106,11,3541,4541,429,1   1523,174,3,4188,4432,117,5   31,431,20,3486,5484,780,4   1776,656,3,4238,4478,117,5   1660,243,24,2348,3870,936,5   1965,617,14,2177,3173,546,3   284,442,8,3509,4189,312,4   312,522,25,2178,3824,974,4   467,589,20,5678,7328,780,5
!----------------------------------------------------------------
!Recharge stations: x,y
300,0   732,403   1811,773   1333,923   292,524   532,607   1579,633   1365,729   1029,248   1581,368   930,657   1714,335   1549,605   1569,637   1008,253   1149,587   1442,744   1062,156   706,456   516,322   530,356   365,282   798,423   721,382   1015,299   1683,561   1554,537   673,449   614,348   1190,720

g inverse recharge rate 0.68
