!----------------------------------------------------------------
!Stores: (first: depot x,y; then: satellites x,y,maxCap)
300,0   1002,917,1000   103,601,1000   426,696,1000   614,98,1000
!----------------------------------------------------------------
!Trucks: (total#, cap, cost/dist, fixcost)
6,250,1,150
!----------------------------------------------------------------
!CityFreighters: (max cf/sat, total#, cap, cost/dist, fixcost, maxCharge, energyConsumption)
10,10,125,1,80,1000,1
!----------------------------------------------------------------
!Customers: (x, y, demand, readyTime, dueDate, serviceTime, penalizationCost)
1347,608,18,5398,6820,772,4   411,612,7,4200,4778,300,1   852,558,4,659,1147,172,2   953,749,6,7375,7885,257,5   1328,600,27,3233,4555,1159,4   1203,628,12,3613,4493,515,2   1401,354,21,3476,5876,901,3   1587,324,13,5184,6154,558,4   1522,633,5,1068,1676,215,3   1253,424,10,709,1581,429,1   1024,672,8,2976,3560,343,3   1337,743,13,2038,3326,558,1   940,357,5,3570,3908,215,4   1311,642,16,2235,3467,687,3   1695,558,28,954,3030,1202,2   585,586,19,366,2028,815,4   1061,582,14,5520,7192,601,3   940,546,5,1436,1740,215,3   1386,509,26,4364,6802,1116,5   510,434,26,4751,6973,1116,4   1343,701,4,5427,5815,172,2   1721,609,23,5267,7309,987,2   1493,580,10,4790,5778,429,5   918,642,29,0,2519,1244,5   320,576,23,2048,4364,987,3   851,720,19,5230,6820,815,2   437,347,18,2205,4289,772,1   1773,549,8,4405,5139,343,1   587,656,18,0,1568,772,5   1318,469,25,1872,4360,1073,4   1086,232,6,6257,6827,257,3   959,214,19,1070,2498,815,5   359,442,5,6821,7301,215,1   702,558,21,534,2780,901,3   1732,412,22,3896,5584,944,5   809,732,25,718,2234,1073,4   1590,695,8,3907,4633,343,4   649,476,11,1520,2222,472,5   1725,509,24,943,2805,1030,5   552,397,18,5336,6990,772,5   1414,63,24,5280,8100,1030,3   1994,533,3,3938,4182,129,5   453,407,9,4117,5153,386,5   1327,714,27,5666,8278,1159,2   1354,537,18,5695,7429,772,5   1919,563,3,2636,2820,129,3   416,212,17,3641,4875,729,1   1372,201,23,1871,4279,987,3   1665,798,28,3765,5909,1202,1   1051,387,24,3252,4872,1030,3
!----------------------------------------------------------------
!Recharge stations: x,y
300,0   1002,917   103,601   426,696   614,98   1498,536   1333,640   1301,579   1751,599   1842,499   1007,805   1591,542   917,770   1495,365   101,677   925,760   1295,746   499,651   511,538   1266,703   804,818   170,509   979,253   171,427   253,647   1633,806   1517,288   1021,199   1683,596   1161,422

g inverse recharge rate 0.76
