!----------------------------------------------------------------
!Stores: (first: depot x,y; then: satellites x,y,maxCap)
300,0   341,811,1000   468,469,1000   1903,681,1000   1739,317,1000
!----------------------------------------------------------------
!Trucks: (total#, cap, cost/dist, fixcost)
6,250,1,150
!----------------------------------------------------------------
!CityFreighters: (max cf/sat, total#, cap, cost/dist, fixcost, maxCharge, energyConsumption)
10,10,125,1,80,1000,1
!----------------------------------------------------------------
!Customers: (x, y, demand, readyTime, dueDate, serviceTime, penalizationCost)
1457,621,29,5450,7972,1354,2   1369,514,15,4296,5946,701,4   450,294,18,3502,5570,841,2   1201,625,4,4187,4611,187,5   303,393,10,1457,2467,467,5   626,373,9,503,1161,420,1   986,751,21,289,1937,981,2   1687,572,6,1915,2299,280,5   807,535,17,3646,4562,794,3   957,602,7,5151,6089,327,5   1341,466,14,3761,5009,654,4   868,335,19,2837,4533,887,4   1477,427,3,3233,3459,140,1   1710,513,7,6831,7573,327,5   297,516,18,4346,6168,841,1   1566,595,15,6435,7913,701,1   982,373,19,0,2346,887,5   602,560,12,5742,7130,560,2   1018,575,17,2394,3790,794,1   681,511,19,1562,3444,887,5   390,389,12,6419,7393,560,5   1717,407,3,4305,4623,140,5   812,728,4,3717,4059,187,4   1482,411,11,5438,6298,514,5   1121,230,9,5592,6310,420,4   724,609,5,3340,3828,234,5   732,543,7,5567,6237,327,2   1701,427,5,1884,2324,234,2   1429,411,26,3243,5945,1214,3   1580,334,6,6581,7175,280,2   1542,363,4,887,1307,187,1   446,356,26,3595,6745,1214,4   1325,511,28,3729,6333,1308,5   1040,543,14,248,1494,654,4   839,762,10,6585,7549,467,4   826,427,25,1790,3464,1168,3   1622,535,18,5012,6300,841,3   1205,493,22,5275,7615,1027,5   1756,487,13,5600,6916,607,5   1757,458,13,6621,8043,607,2   1205,634,26,0,2945,1214,2   968,82,17,6398,7768,794,5   552,907,29,5233,8015,1354,1   933,725,11,491,1451,514,4   1702,535,16,1564,3152,747,1   1374,356,9,6670,7604,420,3   1225,149,10,2089,2983,467,5   1029,837,20,3123,5075,934,3   894,84,23,4871,6675,1074,4   210,630,15,3067,4925,701,5
!----------------------------------------------------------------
!Recharge stations: x,y
300,0   341,811   468,469   1903,681   1739,317   848,592   1099,507

g inverse recharge rate 0.74
