!----------------------------------------------------------------
!Stores: (first: depot x,y; then: satellites x,y,maxCap)
300,0   1258,707,1000   742,378,1000   174,458,1000   1537,247,1000
!----------------------------------------------------------------
!Trucks: (total#, cap, cost/dist, fixcost)
6,250,1,150
!----------------------------------------------------------------
!CityFreighters: (max cf/sat, total#, cap, cost/dist, fixcost, maxCharge, energyConsumption)
10,10,125,1,80,1000,1
!----------------------------------------------------------------
!Customers: (x, y, demand, readyTime, dueDate, serviceTime, penalizationCost)
1078,257,15,1265,2353,480,4   918,628,27,3790,5530,865,3   381,345,29,1138,3110,929,1   816,329,22,1314,2376,705,3   799,696,8,3577,3969,256,5   423,464,10,4198,4878,320,1   1346,338,25,516,1854,801,5   844,755,4,2401,2655,128,5   1010,342,6,1160,1542,192,5   825,749,29,1161,3045,929,2   873,553,22,951,2469,705,5   1364,513,29,3592,5800,929,5   582,247,10,3176,3810,320,1   202,518,18,1372,2736,576,4   919,267,22,3528,4496,705,2   1686,510,4,5112,5380,128,5   1105,394,23,0,1735,737,2   569,729,20,3046,4348,641,3   660,568,20,5371,6563,641,4   1089,463,7,4139,4537,224,5   489,348,24,4777,6127,769,1   644,327,9,4305,4761,288,1   517,331,4,5180,5414,128,3   420,358,16,389,1479,512,5   1669,384,22,1967,3427,705,1   394,671,10,4352,4998,320,2   1266,371,26,1910,3346,833,2   1260,399,28,632,2492,897,2   1148,529,24,4915,6763,769,4   1161,311,13,3459,4185,416,4   1216,736,4,5364,5490,128,4   1065,715,5,5951,6299,160,4   1540,609,23,1903,3845,737,5   543,522,6,723,1149,192,5   567,444,13,5181,5937,416,2   904,516,22,583,2329,705,2   1716,406,6,3596,3970,192,4   460,677,18,3210,4602,576,4   1277,456,22,2379,3419,705,5   921,466,12,2134,2828,384,5   1801,385,27,1192,2648,865,1   197,438,21,3081,3899,673,1   1520,513,12,4826,5662,384,2   866,783,25,508,1912,801,3   939,892,22,4222,5092,705,1   1033,424,29,2184,4090,929,4   535,761,10,1783,2525,320,4   1986,442,10,5300,5910,320,2   664,627,3,4073,4287,96,5   1583,153,25,2188,3304,801,3
!----------------------------------------------------------------
!Recharge stations: x,y
300,0   1258,707   742,378   174,458   1537,247   934,581   1805,572   524,736

g inverse recharge rate 0.6
