!----------------------------------------------------------------
!Stores: (first: depot x,y; then: satellites x,y,maxCap)
300,0   1104,923,1000   265,570,1000   1281,290,1000   997,241,1000
!----------------------------------------------------------------
!Trucks: (total#, cap, cost/dist, fixcost)
6,250,1,150
!----------------------------------------------------------------
!CityFreighters: (max cf/sat, total#, cap, cost/dist, fixcost, maxCharge, energyConsumption)
10,10,125,1,80,1000,1
!----------------------------------------------------------------
!Customers: (x, y, demand, readyTime, dueDate, serviceTime, penalizationCost)
1080,593,8,2667,3187,272,2   1753,528,17,1793,2971,578,1   445,400,22,2181,3799,748,5   812,373,17,3517,5001,578,3   1472,533,8,4138,4698,272,5   533,449,11,5091,5859,374,5   1500,396,28,2338,4298,951,3   783,520,8,3972,4546,272,5   447,670,25,5039,6433,849,1   1673,643,11,1445,2105,374,5   295,397,24,2662,4052,815,5   674,443,18,2158,3360,612,2   293,545,25,1598,3290,849,2   941,487,4,1606,1832,136,2   1501,317,16,3415,4595,544,5   1263,474,8,2625,2997,272,5   1796,478,13,2506,3030,442,2   219,495,6,2011,2385,204,1   352,509,19,4133,5303,646,4   1628,651,7,3207,3717,238,3   1419,708,29,3934,6482,985,2   1547,410,3,4634,4834,102,1   688,719,13,1204,2236,442,4   244,550,27,1339,3189,917,3   1548,575,8,2370,2850,272,2   1494,578,22,632,1860,748,4   1582,371,13,3679,4517,442,5   1183,560,28,4720,6512,951,1   1142,241,24,4409,5843,815,4   1203,670,19,2930,4210,646,5   1177,440,12,4679,5465,408,1   549,720,22,2438,3902,748,4   1499,389,22,858,2226,748,3   1019,209,10,496,1276,340,3   1299,607,28,496,1818,951,5   1198,224,16,2586,3584,544,2   1770,470,19,1614,2766,646,1   1127,515,22,152,1836,748,3   603,584,8,4968,5474,272,3   1027,603,15,2599,3633,510,3   1772,355,3,5315,5493,102,4   744,204,11,2102,2832,374,2   1723,488,5,4475,4803,170,3   933,674,23,1835,3165,781,4   1154,645,17,3845,4785,578,1   1093,727,27,3251,4535,917,4   1683,195,24,1804,3550,815,5   220,563,6,1038,1304,204,5   1524,784,22,2199,3753,748,2   1407,661,7,2508,2950,238,1
!----------------------------------------------------------------
!Recharge stations: x,y
300,0   1104,923   265,570   1281,290   997,241   1508,355   1486,550   368,875   1766,541   1717,671   1244,246   1438,333   1269,613   1833,520   535,532   1338,766   189,400   1131,503   554,230   374,386   1411,747   282,613   789,370   457,537   1796,516   1494,673   1347,314   110,311   1728,342   796,265   350,301   398,365   997,215   206,207   205,569

g inverse recharge rate 0.6
