!----------------------------------------------------------------
!Stores: (first: depot x,y; then: satellites x,y,maxCap)
300,0   1680,198,1000   1105,702,1000   1469,679,1000   967,345,1000
!----------------------------------------------------------------
!Trucks: (total#, cap, cost/dist, fixcost)
6,250,1,150
!----------------------------------------------------------------
!CityFreighters: (max cf/sat, total#, cap, cost/dist, fixcost, maxCharge, energyConsumption)
10,10,125,1,80,1000,1
!----------------------------------------------------------------
!Customers: (x, y, demand, readyTime, dueDate, serviceTime, penalizationCost)
802,540,20,3283,4495,591,1   1641,343,5,4655,5001,148,2   1184,667,26,3798,5132,769,5   942,312,28,0,1312,828,5   1136,426,11,5338,5848,325,4   1212,394,11,234,752,325,4   962,605,16,2330,3242,473,5   463,582,13,3993,4883,384,3   491,462,25,2638,4056,739,2   675,621,26,1867,3281,769,4   1505,436,12,5505,6115,355,3   1719,382,10,2061,2551,296,5   378,359,25,3244,4768,739,5   843,452,14,4228,4964,414,4   625,721,19,1498,2426,562,4   1634,400,25,1303,2645,739,2   1057,607,29,4119,6055,857,3   768,507,10,2089,2779,296,5   1543,611,14,1302,1922,414,2   685,382,10,5295,5731,296,2   1027,322,17,4850,6288,503,1   816,578,7,4362,4670,207,3   727,698,8,432,1112,237,5   1301,421,18,1030,2158,532,3   358,485,13,2565,3395,384,4   1767,538,18,2315,3449,532,4   310,555,15,3520,4426,443,4   693,574,18,3368,4546,532,5   878,305,18,4285,5063,532,3   976,524,23,64,1524,680,1   920,554,13,4531,5303,384,5   1291,546,23,2233,3645,680,3   799,506,10,1483,2141,296,4   890,602,24,3825,5447,710,1   1746,558,19,952,1894,562,2   1331,642,25,1744,3054,739,1   1567,456,27,3214,4656,798,3   1295,261,18,5028,6146,532,4   1304,310,5,5885,6155,148,5   681,714,14,2291,3207,414,4   809,607,16,1872,2910,473,2   725,388,8,980,1522,237,2   103,632,4,3132,3344,118,3   1090,56,29,840,2344,857,1   1906,663,25,2022,3802,739,1   408,559,23,1232,2644,680,4   387,541,25,853,2463,739,5   138,358,12,3259,3663,355,5   1414,489,25,2528,3966,739,2   1645,614,3,3242,3416,89,2
!----------------------------------------------------------------
!Recharge stations: x,y
300,0   1680,198   1105,702   1469,679   967,345   326,462   761,296   1152,234   351,436   675,802   1276,477   613,572   1479,418   544,246   1956,463   1135,317   504,633   604,809   1822,438   1035,378   916,153   270,616   1055,810   195,555   944,722   1183,517   1993,497   765,431   852,600   728,369

g inverse recharge rate 0.56
