!----------------------------------------------------------------
!Stores: (first: depot x,y; then: satellites x,y,maxCap)
300,0   1982,476,1000   985,805,1000   1474,624,1000   1117,188,1000
!----------------------------------------------------------------
!Trucks: (total#, cap, cost/dist, fixcost)
6,250,1,150
!----------------------------------------------------------------
!CityFreighters: (max cf/sat, total#, cap, cost/dist, fixcost, maxCharge, energyConsumption)
10,10,125,1,80,1000,1
!----------------------------------------------------------------
!Customers: (x, y, demand, readyTime, dueDate, serviceTime, penalizationCost)
615,600,27,3219,4689,1042,4   1511,329,23,518,2440,888,1   1782,526,8,4958,5580,309,4   509,649,9,2791,3719,347,1   450,391,4,3767,4129,154,2   1103,297,6,4136,4498,232,1   1090,759,8,4332,5148,309,5   1777,471,16,5694,7042,617,3   503,585,9,3946,4656,347,5   991,253,27,1838,3862,1042,5   236,534,13,1008,1986,502,2   1027,793,24,3837,6355,926,3   1206,221,6,5073,5581,232,3   1774,556,7,4471,4973,270,1   500,471,22,2240,3924,849,5   220,533,17,2216,3060,656,5   270,402,22,1728,3914,849,5   370,540,17,5294,6600,656,4   248,532,7,3753,4307,270,3   1473,452,19,5460,6716,733,2   1005,700,6,2563,3117,232,3   1218,251,4,6792,7064,154,2   1461,480,29,741,2879,1119,5   729,658,4,4042,4448,154,3   1377,537,25,3908,5564,965,2   1747,396,8,3195,3865,309,3   524,662,7,1798,2430,270,1   490,273,19,5028,6358,733,4   217,544,6,5069,5471,232,1   445,318,24,2298,4572,926,1   1401,748,23,3981,5441,888,4   858,647,16,4577,6369,617,3   1700,356,25,1145,2543,965,1   1207,342,12,151,1043,463,4   924,339,5,644,1084,193,4   1074,619,25,3671,5405,965,3   1391,295,26,3474,5526,1003,5   789,284,18,4591,5621,695,2   884,539,16,0,1522,617,3   277,552,23,4490,6092,888,4   1234,712,29,4877,7543,1119,4   1048,910,5,2380,2662,193,3   1718,576,27,5356,7412,1042,4   629,161,16,4697,6183,617,2   363,216,5,4069,4397,193,3   1205,170,29,4879,7259,1119,1   993,642,8,2820,3392,309,1   1381,476,7,4199,4785,270,1   1648,835,20,5245,6721,772,4   1243,138,19,4988,6294,733,1
!----------------------------------------------------------------
!Recharge stations: x,y
300,0   1982,476   985,805   1474,624   1117,188   470,426   1269,663   687,469   521,365   1752,431   808,433   718,386   674,489   539,450   698,349

g inverse recharge rate 0.67
