!----------------------------------------------------------------
!Stores: (first: depot x,y; then: satellites x,y,maxCap)
300,0   1659,775,1000   808,901,1000   1591,509,1000   392,464,1000
!----------------------------------------------------------------
!Trucks: (total#, cap, cost/dist, fixcost)
6,250,1,150
!----------------------------------------------------------------
!CityFreighters: (max cf/sat, total#, cap, cost/dist, fixcost, maxCharge, energyConsumption)
10,10,125,1,80,1000,1
!----------------------------------------------------------------
!Customers: (x, y, demand, readyTime, dueDate, serviceTime, penalizationCost)
792,282,11,5773,6425,383,4   1380,598,3,6151,6335,104,3   618,441,29,2050,3906,1009,1   1553,584,13,479,1151,452,4   998,533,4,848,1064,139,3   1244,774,6,5945,6489,209,1   884,770,19,1347,2903,661,4   1080,404,6,4792,5146,209,5   481,409,16,3296,4498,557,5   664,358,29,2199,4547,1009,1   1498,576,26,2031,3839,905,3   1652,651,22,2069,3645,765,2   622,687,23,482,1954,800,2   900,495,19,163,1443,661,4   719,221,10,4494,5306,348,4   579,264,11,5813,6655,383,1   1361,307,10,6167,7019,348,5   365,366,21,383,1593,731,4   1258,562,20,1443,2965,696,4   1600,540,13,208,1056,452,4   560,562,15,3279,4297,522,4   382,682,14,3023,3833,487,4   1757,481,28,3798,5256,974,4   1129,555,13,4812,5714,452,4   1358,384,14,5027,5997,487,5   1222,388,22,3123,4395,765,1   447,529,25,4653,7097,870,4   986,327,10,3179,4093,348,5   1488,332,16,1093,2583,557,3   303,614,7,1240,1712,244,2   322,547,6,1068,1572,209,3   1167,396,19,3938,4948,661,2   1210,425,22,717,1933,765,3   1031,395,23,3813,5471,800,2   829,439,14,6161,7089,487,2   1062,223,29,1006,2576,1009,4   1714,373,20,1701,3085,696,1   1083,289,6,2364,2866,209,4   675,307,9,4535,4991,313,1   985,532,12,3806,4562,418,2   1507,186,27,2827,4831,939,2   1645,498,21,3283,4807,731,3   560,830,29,2268,4576,1009,3   46,552,28,4505,6937,974,4   98,507,12,749,1597,418,3   1372,399,23,4918,6420,800,2   202,283,18,3428,4692,626,5   1186,634,22,3382,4978,765,1   764,580,6,6011,6299,209,4   1628,760,25,741,2257,870,4
!----------------------------------------------------------------
!Recharge stations: x,y
300,0   1659,775   808,901   1591,509   392,464   1757,423   1107,6

g inverse recharge rate 0.65
