!----------------------------------------------------------------
!Stores: (first: depot x,y; then: satellites x,y,maxCap)
300,0   1056,693,1000   103,661,1000   114,485,1000   1304,808,1000
!----------------------------------------------------------------
!Trucks: (total#, cap, cost/dist, fixcost)
6,250,1,150
!----------------------------------------------------------------
!CityFreighters: (max cf/sat, total#, cap, cost/dist, fixcost, maxCharge, energyConsumption)
10,10,125,1,80,1000,1
!----------------------------------------------------------------
!Customers: (x, y, demand, readyTime, dueDate, serviceTime, penalizationCost)
1163,500,29,4942,6836,1042,1   1367,493,17,1750,2916,611,1   1485,607,26,1238,3044,934,2   1714,389,16,3182,3782,575,2   1141,670,10,2057,2701,359,2   342,564,29,1569,3445,1042,1   881,394,10,6094,6936,359,5   363,652,13,528,1506,467,4   1144,739,20,4212,5322,719,2   262,395,5,745,1025,180,1   1289,387,5,1346,1802,180,5   1060,256,28,3650,5570,1006,3   1137,712,4,2125,2419,144,3   877,554,6,1818,2236,216,4   387,602,17,5658,6932,611,4   499,280,28,2148,4758,1006,5   735,489,9,5759,6343,323,2   1138,223,5,5130,5426,180,5   1773,517,24,2317,4327,862,2   463,646,22,1904,3048,791,5   225,513,28,2160,3604,1006,4   987,328,14,2799,3511,503,5   1718,618,10,2198,2962,359,4   527,297,15,5324,6796,539,1   1653,580,26,4079,6049,934,3   847,769,3,5782,6032,108,5   429,548,20,1497,2639,719,2   745,448,19,3166,4688,683,3   1593,500,3,3760,3928,108,2   469,718,18,3795,4953,647,5   1343,759,21,700,2242,755,2   1460,507,4,995,1191,144,3   1261,735,24,1688,3242,862,5   722,686,29,1641,4405,1042,4   1404,478,14,1683,3149,503,1   677,632,22,3965,6151,791,5   1007,383,4,4884,5286,144,5   461,675,26,2942,5286,934,4   1362,527,13,2345,3385,467,2   980,486,3,6568,6748,108,4   644,679,20,3012,4584,719,5   406,154,21,3365,5421,755,5   1111,292,15,4925,5971,539,3   367,807,6,3400,3808,216,2   285,608,27,4108,5326,970,1   849,557,29,2553,4849,1042,2   394,411,29,2771,5061,1042,1   637,836,17,1876,3312,611,4   462,155,6,2507,2893,216,5   334,751,11,3150,4044,395,2
!----------------------------------------------------------------
!Recharge stations: x,y
300,0   1056,693   103,661   114,485   1304,808   1615,737   1344,598

g inverse recharge rate 0.65
