!----------------------------------------------------------------
!Stores: (first: depot x,y; then: satellites x,y,maxCap)
300,0   941,202,1000   764,856,1000   989,385,1000   706,294,1000
!----------------------------------------------------------------
!Trucks: (total#, cap, cost/dist, fixcost)
6,250,1,150
!----------------------------------------------------------------
!CityFreighters: (max cf/sat, total#, cap, cost/dist, fixcost, maxCharge, energyConsumption)
10,10,125,1,80,1000,1
!----------------------------------------------------------------
!Customers: (x, y, demand, readyTime, dueDate, serviceTime, penalizationCost)
395,389,21,2390,3564,568,5   1351,406,17,405,1361,459,2   811,620,26,2367,3745,703,4   1558,318,7,2976,3482,189,5   1093,597,25,2908,3970,676,3   1670,525,9,1942,2624,243,4   1364,741,27,964,2802,730,4   1108,353,6,3573,3859,162,2   811,277,23,0,1100,622,5   570,613,13,3607,4319,351,2   695,289,23,2408,3944,622,2   617,241,8,4007,4283,216,2   1471,373,12,3665,4605,324,2   846,746,4,3567,3789,108,3   486,281,19,2182,3296,513,4   1423,306,24,753,1731,649,5   1317,658,22,418,1104,595,4   1613,640,25,406,1998,676,1   1043,609,14,4120,4930,378,2   482,401,15,3256,4178,405,2   1375,313,14,1610,2382,378,1   1698,587,27,2647,3139,730,1   1425,250,7,3627,3985,189,5   1435,294,7,3671,4137,189,1   910,429,16,870,1474,432,3   726,695,9,3348,3834,243,2   467,338,3,4004,4150,81,3   277,487,18,3386,4240,486,2   1079,513,15,547,1263,405,5   341,514,12,3988,4418,324,1   875,338,16,3195,4041,432,2   331,498,15,2275,3183,405,3   314,395,15,688,1298,405,1   616,561,23,194,1608,622,5   907,722,27,153,1867,730,5   855,247,21,1446,2562,568,2   1116,540,27,1168,2832,730,2   1531,429,10,4146,4610,270,4   582,522,10,325,1003,270,3   628,409,11,1229,1857,297,5   1717,715,8,1366,1856,216,3   336,142,27,1693,3129,730,1   1495,602,12,497,1273,324,4   1059,62,13,1898,2662,351,3   1114,692,21,1847,3291,568,5   673,414,26,3423,5015,703,1   527,885,11,2645,2987,297,4   1841,629,20,3175,4033,540,3   1315,472,23,2844,4268,622,3   465,222,19,3995,4835,513,1
!----------------------------------------------------------------
!Recharge stations: x,y
300,0   941,202   764,856   989,385   706,294   1527,333   1472,253   261,554   532,279   384,280   947,742   1506,457   263,387   511,644   238,352   662,615   188,567   1827,519   1644,482   905,333

g inverse recharge rate 0.49
