!----------------------------------------------------------------
!Stores: (first: depot x,y; then: satellites x,y,maxCap)
300,0   1680,198,1000   1105,702,1000   1469,679,1000   967,345,1000
!----------------------------------------------------------------
!Trucks: (total#, cap, cost/dist, fixcost)
6,250,1,150
!----------------------------------------------------------------
!CityFreighters: (max cf/sat, total#, cap, cost/dist, fixcost, maxCharge, energyConsumption)
10,10,125,1,80,1000,1
!----------------------------------------------------------------
!Customers: (x, y, demand, readyTime, dueDate, serviceTime, penalizationCost)
802,540,20,1633,2485,591,4   1641,343,5,1883,2269,148,3   1184,667,26,2021,3341,769,2   942,312,28,1389,2577,828,1   1136,426,11,4387,5035,325,1   1212,394,11,4419,4999,325,4   962,605,16,4636,5748,473,4   463,582,13,1458,2164,384,2   491,462,25,3098,4976,739,1   675,621,26,1244,2698,769,1   1505,436,12,3610,4202,355,4   1719,382,10,2828,3444,296,1   378,359,25,2708,4266,739,2   843,452,14,3831,4807,414,3   625,721,19,1656,2580,562,4   1634,400,25,2253,3533,739,2   1057,607,29,4525,6385,857,2   768,507,10,3560,4098,296,3   1543,611,14,3715,4861,414,4   685,382,10,3810,4372,296,5   1027,322,17,2755,3431,503,3   816,578,7,4421,4803,207,3   727,698,8,5332,5734,237,4   1301,421,18,3912,5046,532,5   358,485,13,4208,4906,384,5   1767,538,18,3691,4979,532,1   310,555,15,4353,5125,443,3   693,574,18,4838,5660,532,1   878,305,18,3047,4107,532,4   976,524,23,2758,4134,680,2   920,554,13,4997,5733,384,5   1291,546,23,932,2304,680,3   799,506,10,2212,2874,296,2   890,602,24,4259,5657,710,2   1746,558,19,4397,5161,562,2   1331,642,25,41,1711,739,2   1567,456,27,0,1739,798,5   1295,261,18,1823,2491,532,5   1304,310,5,5795,6143,148,2   681,714,14,3913,4983,414,2   809,607,16,527,1577,473,2   725,388,8,2488,2866,237,2   103,632,4,3932,4122,118,2   1090,56,29,3791,5575,857,1   1906,663,25,3675,5267,739,4   408,559,23,1193,2489,680,2   387,541,25,2160,3474,739,3   138,358,12,4369,5085,355,5   1414,489,25,4464,5584,739,3   1645,614,3,506,682,89,1
!----------------------------------------------------------------
!Recharge stations: x,y
300,0   1680,198   1105,702   1469,679   967,345   326,462   761,296   1152,234   351,436   675,802

g inverse recharge rate 0.56
