!----------------------------------------------------------------
!Stores: (first: depot x,y; then: satellites x,y,maxCap)
300,0   54,456,1000   164,276,1000   1745,570,1000   1076,323,1000
!----------------------------------------------------------------
!Trucks: (total#, cap, cost/dist, fixcost)
6,250,1,150
!----------------------------------------------------------------
!CityFreighters: (max cf/sat, total#, cap, cost/dist, fixcost, maxCharge, energyConsumption)
10,10,125,1,80,1000,1
!----------------------------------------------------------------
!Customers: (x, y, demand, readyTime, dueDate, serviceTime, penalizationCost)
1267,379,15,5947,7063,656,3   588,332,25,2390,4706,1093,4   359,385,20,5846,7586,875,4   1711,446,21,4700,5680,918,3   1748,553,14,669,2059,612,2   501,610,4,2392,2696,175,2   743,356,4,5926,6186,175,2   1253,700,20,2942,4598,875,2   212,516,11,2582,3454,481,2   817,431,25,0,2181,1093,2   473,323,12,710,1698,525,3   884,530,20,6212,7482,875,1   319,527,29,3956,6564,1268,5   1013,202,12,3713,5131,525,2   666,690,7,1033,1547,306,5   1380,521,10,4252,5180,437,5   1542,585,17,5420,6786,743,4   218,469,18,587,1727,787,4   1642,509,17,512,2174,743,5   1370,431,25,2140,4022,1093,1   1398,390,15,1820,2956,656,3   1556,315,11,1703,2717,481,1   294,594,4,3724,4004,175,5   350,659,5,5319,5901,219,1   446,593,14,3871,5077,612,2   1467,397,23,298,2356,1006,1   205,524,8,2788,3762,350,1   790,276,27,3273,5709,1181,1   364,353,18,6373,7913,787,5   1157,436,21,956,2956,918,1   254,501,28,4700,6552,1224,5   1672,607,20,6059,7885,875,2   1391,587,26,2789,5383,1137,3   1096,593,4,6603,6929,175,1   1335,471,6,2855,3543,262,5   1178,614,23,1451,3391,1006,2   662,563,13,5599,6623,568,1   956,365,21,3397,5313,918,3   1175,619,22,5527,7187,962,1   1492,323,24,1892,3460,1049,2   1622,680,5,4215,4507,219,5   254,287,26,813,3351,1137,4   1860,336,17,3929,5265,743,1   1588,369,10,779,1611,437,3   1199,247,5,1139,1443,219,4   885,670,11,3274,4328,481,1   108,629,6,3249,3807,262,3   1456,199,9,4074,5048,394,5   599,646,12,3760,4792,525,4   384,157,5,1529,1979,219,1
!----------------------------------------------------------------
!Recharge stations: x,y
300,0   54,456   164,276   1745,570   1076,323   895,312   1052,600   1666,701   1481,567   588,510

g inverse recharge rate 0.74
