!----------------------------------------------------------------
!Stores: (first: depot x,y; then: satellites x,y,maxCap)
300,0   1314,650,1000   548,85,1000   70,356,1000   844,731,1000
!----------------------------------------------------------------
!Trucks: (total#, cap, cost/dist, fixcost)
6,250,1,150
!----------------------------------------------------------------
!CityFreighters: (max cf/sat, total#, cap, cost/dist, fixcost, maxCharge, energyConsumption)
10,10,125,1,80,1000,1
!----------------------------------------------------------------
!Customers: (x, y, demand, readyTime, dueDate, serviceTime, penalizationCost)
1140,489,22,4129,5679,844,4   1210,344,10,3700,4590,384,3   283,552,7,4175,4709,269,1   1743,579,11,2842,3440,422,3   660,253,15,1335,2789,575,4   808,679,4,7033,7415,153,3   288,610,3,3776,3948,115,1   1320,570,10,974,1616,384,4   984,331,29,2520,4348,1112,2   1198,680,17,310,1766,652,5   1390,344,18,4760,5800,691,4   1427,604,7,1451,1881,269,4   1264,777,19,2203,3385,729,4   1192,450,16,4248,5800,614,2   1350,439,21,2958,4198,806,1   890,676,22,5276,7050,844,5   1265,750,17,4036,4752,652,3   1488,311,23,805,2953,882,4   1676,533,17,5458,6870,652,1   232,547,26,4688,7702,997,4   1548,424,16,1734,2748,614,5   1087,469,19,3621,5437,729,2   577,324,11,4855,5339,422,2   200,500,25,2358,4266,959,3   1621,484,11,5598,6442,422,5   1585,514,27,2550,3936,1036,3   457,347,10,1798,2414,384,3   1507,592,12,5310,6130,460,2   316,368,13,2850,3648,499,1   512,602,9,4903,5711,345,3   1445,645,28,1513,3379,1074,3   805,561,5,6756,7196,192,2   342,511,23,2400,3866,882,2   1639,556,18,1415,2515,691,5   825,343,7,746,1280,269,5   1751,499,18,396,1890,691,5   1684,637,18,3275,4159,691,5   1472,666,8,5667,6231,307,2   1094,424,11,5515,6503,422,3   1701,426,18,5677,7007,691,5   1345,660,19,1052,2566,729,4   878,16,28,4386,6830,1074,5   216,792,7,5337,6019,269,5   961,798,21,1363,2491,806,2   1184,801,12,595,1763,460,5   1274,186,22,353,2685,844,2   928,905,19,3775,5271,729,5   1061,989,25,831,2853,959,2   474,471,11,903,1881,422,2   248,292,11,3394,4464,422,4
!----------------------------------------------------------------
!Recharge stations: x,y
300,0   1314,650   548,85   70,356   844,731   273,357   372,710   1529,261

g inverse recharge rate 0.68
