!----------------------------------------------------------------
!Stores: (first: depot x,y; then: satellites x,y,maxCap)
300,0   1680,198,1000   1105,702,1000   1469,679,1000   967,345,1000
!----------------------------------------------------------------
!Trucks: (total#, cap, cost/dist, fixcost)
6,250,1,150
!----------------------------------------------------------------
!CityFreighters: (max cf/sat, total#, cap, cost/dist, fixcost, maxCharge, energyConsumption)
10,10,125,1,80,1000,1
!----------------------------------------------------------------
!Customers: (x, y, demand, readyTime, dueDate, serviceTime, penalizationCost)
802,540,20,286,1372,591,5   1641,343,5,2144,2414,148,3   1184,667,26,2263,4067,769,1   942,312,28,3249,4657,828,1   1136,426,11,982,1340,325,4   1212,394,11,5303,5907,325,5   962,605,16,179,1241,473,5   463,582,13,1016,1730,384,5   491,462,25,1043,2651,739,3   675,621,26,0,1646,769,1   1505,436,12,2192,2870,355,1   1719,382,10,2695,3277,296,1   378,359,25,578,2510,739,2   843,452,14,620,1642,414,1   625,721,19,2079,3405,562,1   1634,400,25,3275,4557,739,4   1057,607,29,2996,4314,857,4   768,507,10,488,1014,296,4   1543,611,14,4842,5662,414,5   685,382,10,4018,4666,296,5   1027,322,17,777,1965,503,2   816,578,7,2537,2999,207,4   727,698,8,710,1288,237,4   1301,421,18,2712,3816,532,3   358,485,13,3823,4737,384,3   1767,538,18,925,2173,532,5   310,555,15,756,1812,443,5   693,574,18,3639,4595,532,1   878,305,18,1797,2803,532,3   976,524,23,3323,4613,680,3   920,554,13,3182,4136,384,1   1291,546,23,2699,4201,680,2   799,506,10,4698,5242,296,5   890,602,24,3278,4570,710,5   1746,558,19,2435,3621,562,3   1331,642,25,2917,4719,739,1   1567,456,27,1265,3383,798,5   1295,261,18,5107,6425,532,2   1304,310,5,1328,1656,148,5   681,714,14,3028,3812,414,5   809,607,16,5221,6039,473,2   725,388,8,2815,3121,237,2   103,632,4,4006,4300,118,4   1090,56,29,603,2459,857,1   1906,663,25,3617,4879,739,1   408,559,23,3264,4734,680,4   387,541,25,3288,4486,739,2   138,358,12,1339,2249,355,3   1414,489,25,971,2375,739,4   1645,614,3,5093,5259,89,2
!----------------------------------------------------------------
!Recharge stations: x,y
300,0   1680,198   1105,702   1469,679   967,345   326,462   761,296   1152,234   351,436   675,802   1276,477   613,572   1479,418   544,246   1956,463   1135,317   504,633   604,809   1822,438   1035,378   916,153   270,616   1055,810   195,555   944,722

g inverse recharge rate 0.56
