!----------------------------------------------------------------
!Stores: (first: depot x,y; then: satellites x,y,maxCap)
300,0   674,747,1000   1212,82,1000   1820,396,1000   146,610,1000
!----------------------------------------------------------------
!Trucks: (total#, cap, cost/dist, fixcost)
6,250,1,150
!----------------------------------------------------------------
!CityFreighters: (max cf/sat, total#, cap, cost/dist, fixcost, maxCharge, energyConsumption)
10,10,125,1,80,1000,1
!----------------------------------------------------------------
!Customers: (x, y, demand, readyTime, dueDate, serviceTime, penalizationCost)
780,646,22,3380,4812,802,3   711,230,24,3968,6574,874,5   573,491,16,3759,5515,583,3   466,713,9,5120,5720,328,3   580,515,15,1707,2693,547,1   785,684,29,4869,7371,1057,1   1798,482,16,723,1981,583,2   1254,401,11,873,1587,401,4   1267,503,24,1299,3133,874,2   1692,387,19,84,1702,692,5   1346,517,24,0,1714,874,4   1640,434,7,589,1051,255,2   952,712,29,49,1835,1057,3   300,610,19,4141,5397,692,3   735,309,5,7119,7369,182,4   1201,417,19,1053,2121,692,5   912,561,22,4324,5910,802,3   682,725,16,3054,4404,583,2   556,373,21,2755,4577,765,3   437,502,15,5410,6338,547,4   1244,258,8,1455,2017,291,3   346,373,24,4457,6561,874,1   1686,512,24,2798,5114,874,5   1612,372,12,1631,2671,437,4   1369,252,28,4142,5586,1020,5   869,647,3,5254,5552,109,1   1517,668,12,5241,5845,437,3   875,666,6,3898,4432,219,1   421,332,19,2959,4311,692,3   1487,492,10,6556,7262,364,3   734,421,8,4682,4998,291,2   555,624,25,2297,4215,911,3   1791,481,20,3849,5513,729,3   1089,427,3,4950,5204,109,3   1529,435,24,3618,5270,874,3   320,416,21,3538,5612,765,3   1670,625,8,660,1306,291,2   512,609,22,1716,3692,802,3   1644,378,28,2098,3410,1020,4   1538,497,23,4003,5687,838,1   1697,615,20,737,1969,729,2   106,330,22,4007,6243,802,5   1565,227,18,961,2207,656,2   607,835,17,1819,3505,619,3   1837,538,13,1753,2891,474,4   1511,654,22,1632,3594,802,4   988,57,7,5241,5887,255,2   1437,655,29,3671,6867,1057,5   833,230,18,1516,2756,656,2   741,20,25,4593,6481,911,4
!----------------------------------------------------------------
!Recharge stations: x,y
300,0   674,747   1212,82   1820,396   146,610   594,208   900,186   1024,417

g inverse recharge rate 0.71
