!----------------------------------------------------------------
!Stores: (first: depot x,y; then: satellites x,y,maxCap)
300,0   732,403,1000   1811,773,1000   1333,923,1000   292,524,1000
!----------------------------------------------------------------
!Trucks: (total#, cap, cost/dist, fixcost)
6,250,1,150
!----------------------------------------------------------------
!CityFreighters: (max cf/sat, total#, cap, cost/dist, fixcost, maxCharge, energyConsumption)
10,10,125,1,80,1000,1
!----------------------------------------------------------------
!Customers: (x, y, demand, readyTime, dueDate, serviceTime, penalizationCost)
272,537,9,1014,1754,351,3   717,464,19,3153,4427,741,2   753,610,16,3288,4280,624,4   1518,502,16,566,1630,624,5   1131,684,12,4475,5823,468,2   276,491,14,2171,3343,546,3   1242,541,20,498,2302,780,1   1422,645,20,1581,3169,780,4   1749,415,25,2914,5172,974,5   841,499,16,3618,4932,624,3   557,543,10,1881,2879,390,1   522,388,24,3715,5295,936,3   1258,718,12,1542,2174,468,2   1072,451,15,213,1117,585,4   1490,350,18,3114,4896,702,3   1141,314,12,1960,2810,468,3   484,494,10,4846,5976,390,1   428,624,18,2269,3905,702,3   342,653,23,1071,2335,897,4   578,526,22,5134,7122,858,3   1372,269,7,2600,3190,273,1   830,523,4,719,985,156,1   482,297,5,3182,3548,195,1   1602,373,29,4949,6975,1130,3   1486,588,10,4338,5234,390,5   649,414,25,538,2496,974,1   1025,382,17,4343,5345,663,4   1065,439,14,5645,7049,546,5   660,685,6,4710,5252,234,2   656,350,16,3562,4850,624,5   989,787,23,4707,6507,897,3   905,667,8,3218,3818,312,4   1641,625,25,2997,5047,974,2   438,562,7,3018,3386,273,5   769,310,22,5702,6810,858,2   1748,516,26,385,2143,1013,3   487,628,16,5219,6841,624,2   572,723,10,2551,3247,390,2   216,479,6,4871,5191,234,3   798,595,22,4617,6401,858,4   1297,866,28,2800,4510,1091,2   1021,106,11,855,1451,429,3   1523,174,3,3583,3707,117,5   31,431,20,1059,1545,780,2   1776,656,3,6503,6817,117,1   1660,243,24,4219,6457,936,4   1965,617,14,5970,7186,546,3   284,442,8,4490,5052,312,4   312,522,25,3843,5761,974,4   467,589,20,4756,6394,780,3
!----------------------------------------------------------------
!Recharge stations: x,y
300,0   732,403   1811,773   1333,923   292,524   532,607   1579,633   1365,729   1029,248   1581,368   930,657   1714,335   1549,605   1569,637   1008,253

g inverse recharge rate 0.68
