!----------------------------------------------------------------
!Stores: (first: depot x,y; then: satellites x,y,maxCap)
300,0   1314,650,1000   548,85,1000   70,356,1000   844,731,1000
!----------------------------------------------------------------
!Trucks: (total#, cap, cost/dist, fixcost)
6,250,1,150
!----------------------------------------------------------------
!CityFreighters: (max cf/sat, total#, cap, cost/dist, fixcost, maxCharge, energyConsumption)
10,10,125,1,80,1000,1
!----------------------------------------------------------------
!Customers: (x, y, demand, readyTime, dueDate, serviceTime, penalizationCost)
1140,489,22,3458,4908,844,5   1210,344,10,5391,5967,384,1   283,552,7,1272,1612,269,5   1743,579,11,1332,2280,422,1   660,253,15,6373,7337,575,5   808,679,4,644,956,153,3   288,610,3,6945,7143,115,2   1320,570,10,4392,5202,384,2   984,331,29,2631,4669,1112,4   1198,680,17,3559,4827,652,5   1390,344,18,3349,5193,691,4   1427,604,7,4959,5465,269,5   1264,777,19,4162,5274,729,1   1192,450,16,3525,5009,614,1   1350,439,21,1550,3310,806,3   890,676,22,5176,6906,844,5   1265,750,17,204,1580,652,5   1488,311,23,3926,5476,882,2   1676,533,17,4645,6229,652,3   232,547,26,2032,3554,997,3   1548,424,16,5464,6888,614,2   1087,469,19,1682,2786,729,3   577,324,11,3262,4402,422,5   200,500,25,2785,4545,959,2   1621,484,11,1108,1786,422,2   1585,514,27,132,2662,1036,5   457,347,10,4415,5203,384,1   1507,592,12,2567,3657,460,2   316,368,13,838,1522,499,4   512,602,9,1549,2457,345,3   1445,645,28,3781,5739,1074,4   805,561,5,6561,6941,192,5   342,511,23,294,2392,882,5   1639,556,18,374,1922,691,4   825,343,7,2350,2914,269,2   1751,499,18,2564,3900,691,3   1684,637,18,1702,3350,691,5   1472,666,8,567,1135,307,5   1094,424,11,3915,4639,422,2   1701,426,18,3872,5086,691,4   1345,660,19,1008,2722,729,2   878,16,28,3277,5553,1074,1   216,792,7,3201,3947,269,3   961,798,21,6138,7184,806,5   1184,801,12,5398,6322,460,3   1274,186,22,5035,6659,844,5   928,905,19,5001,6297,729,1   1061,989,25,941,2653,959,4   474,471,11,2939,3715,422,1   248,292,11,4844,5884,422,5
!----------------------------------------------------------------
!Recharge stations: x,y
300,0   1314,650   548,85   70,356   844,731   273,357   372,710   1529,261   1270,389   655,302   1674,380   1396,767   244,452   1523,709   426,287

g inverse recharge rate 0.68
