!----------------------------------------------------------------
!Stores: (first: depot x,y; then: satellites x,y,maxCap)
300,0   1002,917,1000   103,601,1000   426,696,1000   614,98,1000
!----------------------------------------------------------------
!Trucks: (total#, cap, cost/dist, fixcost)
6,250,1,150
!----------------------------------------------------------------
!CityFreighters: (max cf/sat, total#, cap, cost/dist, fixcost, maxCharge, energyConsumption)
10,10,125,1,80,1000,1
!----------------------------------------------------------------
!Customers: (x, y, demand, readyTime, dueDate, serviceTime, penalizationCost)
1347,608,18,3582,5058,772,5   411,612,7,1942,2696,300,4   852,558,4,4986,5290,172,4   953,749,6,6856,7318,257,4   1328,600,27,1798,4030,1159,3   1203,628,12,4899,5789,515,2   1401,354,21,1232,2810,901,5   1587,324,13,4425,5261,558,2   1522,633,5,1813,2365,215,5   1253,424,10,5501,6203,429,2   1024,672,8,6206,6852,343,3   1337,743,13,1081,1771,558,5   940,357,5,3139,3585,215,3   1311,642,16,3810,5128,687,5   1695,558,28,5183,6489,1202,2   585,586,19,7272,8376,815,2   1061,582,14,499,1409,601,5   940,546,5,2101,2619,215,1   1386,509,26,3071,4313,1116,4   510,434,26,1841,3431,1116,2   1343,701,4,1614,1854,172,3   1721,609,23,4912,7246,987,3   1493,580,10,3276,4322,429,2   918,642,29,5704,7566,1244,4   320,576,23,5606,7674,987,1   851,720,19,6813,8567,815,5   437,347,18,1529,3465,772,2   1773,549,8,1808,2472,343,4   587,656,18,5126,6268,772,5   1318,469,25,3374,5418,1073,5   1086,232,6,6681,7161,257,1   959,214,19,1484,3126,815,2   359,442,5,589,755,215,3   702,558,21,3933,5495,901,3   1732,412,22,4946,6462,944,4   809,732,25,3063,6395,1073,4   1590,695,8,2101,2557,343,3   649,476,11,5299,6265,472,1   1725,509,24,2527,4217,1030,2   552,397,18,1124,3218,772,1   1414,63,24,483,1867,1030,5   1994,533,3,1744,1914,129,1   453,407,9,4457,4883,386,1   1327,714,27,4035,6491,1159,2   1354,537,18,5702,7724,772,1   1919,563,3,5539,5755,129,1   416,212,17,4215,5615,729,4   1372,201,23,5553,8245,987,1   1665,798,28,3993,6317,1202,1   1051,387,24,5090,7382,1030,2
!----------------------------------------------------------------
!Recharge stations: x,y
300,0   1002,917   103,601   426,696   614,98   1498,536   1333,640   1301,579   1751,599   1842,499   1007,805   1591,542   917,770   1495,365   101,677   925,760   1295,746   499,651   511,538   1266,703   804,818   170,509   979,253   171,427   253,647

g inverse recharge rate 0.76
