!----------------------------------------------------------------
!Stores: (first: depot x,y; then: satellites x,y,maxCap)
300,0   1301,770,1000   254,805,1000   1042,125,1000   1949,604,1000
!----------------------------------------------------------------
!Trucks: (total#, cap, cost/dist, fixcost)
6,250,1,150
!----------------------------------------------------------------
!CityFreighters: (max cf/sat, total#, cap, cost/dist, fixcost, maxCharge, energyConsumption)
10,10,125,1,80,1000,1
!----------------------------------------------------------------
!Customers: (x, y, demand, readyTime, dueDate, serviceTime, penalizationCost)
629,336,12,1870,2300,496,5   460,387,11,1500,2280,455,2   1688,429,16,1700,3296,662,1   1449,542,25,1380,3686,1034,2   1029,651,18,3379,5267,745,5   747,647,19,3218,4848,786,1   944,670,19,5197,6377,786,5   459,321,9,915,1683,372,2   748,672,13,3498,4570,538,4   1734,562,20,70,1686,827,1   1006,523,10,1180,1944,414,4   1115,344,26,2630,4418,1075,2   525,572,20,3983,5913,827,3   1099,637,15,2508,4078,620,1   1733,426,29,2640,4754,1200,3   1239,422,13,4813,6097,538,2   1582,312,21,4695,6937,869,1   1221,729,21,301,2073,869,3   649,668,28,12,2440,1158,2   1435,250,6,646,1172,248,3   371,320,9,673,1443,372,3   610,490,11,2627,3665,455,4   752,225,18,1663,3177,745,2   1763,453,14,4242,5000,579,2   865,652,6,3937,4577,248,4   749,601,9,592,1322,372,5   397,456,7,6183,6847,290,1   716,621,10,1186,2168,414,5   1500,608,12,5566,6504,496,5   851,771,22,0,2023,910,1   1686,622,13,3144,4262,538,5   1555,455,11,5780,6294,455,3   680,485,6,6925,7551,248,4   1377,463,6,2077,2629,248,4   1630,501,6,3872,4560,248,5   1619,511,20,1783,2693,827,2   1578,620,11,6709,7643,455,1   387,409,15,3291,4337,620,5   859,326,16,1046,2218,662,4   586,446,8,6536,7030,331,2   1582,357,9,3218,4178,372,2   814,501,29,3613,5647,1200,5   1113,156,28,1208,3174,1158,5   1276,752,24,2554,4866,993,2   1706,620,19,5200,6430,786,2   1741,645,14,6063,7255,579,1   1451,629,15,3060,4026,620,5   1925,391,14,526,1696,579,2   1433,513,6,568,1064,248,2   1047,330,18,4211,5571,745,4
!----------------------------------------------------------------
!Recharge stations: x,y
300,0   1301,770   254,805   1042,125   1949,604   786,558   961,757   592,546   1796,454   1828,482

g inverse recharge rate 0.7
