!----------------------------------------------------------------
!Stores: (first: depot x,y; then: satellites x,y,maxCap)
300,0   1301,770,1000   254,805,1000   1042,125,1000   1949,604,1000
!----------------------------------------------------------------
!Trucks: (total#, cap, cost/dist, fixcost)
6,250,1,150
!----------------------------------------------------------------
!CityFreighters: (max cf/sat, total#, cap, cost/dist, fixcost, maxCharge, energyConsumption)
10,10,125,1,80,1000,1
!----------------------------------------------------------------
!Customers: (x, y, demand, readyTime, dueDate, serviceTime, penalizationCost)
629,336,12,3908,5228,496,1   460,387,11,5508,6246,455,5   1688,429,16,4044,5550,662,1   1449,542,25,2818,5550,1034,2   1029,651,18,204,1820,745,3   747,647,19,3841,5565,786,4   944,670,19,5109,6475,786,2   459,321,9,6099,6717,372,3   748,672,13,4331,5379,538,3   1734,562,20,1367,2927,827,4   1006,523,10,2453,3005,414,1   1115,344,26,971,2645,1075,2   525,572,20,2292,4042,827,4   1099,637,15,346,1896,620,2   1733,426,29,521,2269,1200,3   1239,422,13,2544,3316,538,1   1582,312,21,4673,6411,869,1   1221,729,21,5479,6695,869,2   649,668,28,3747,5689,1158,5   1435,250,6,1109,1473,248,1   371,320,9,4347,5499,372,3   610,490,11,1948,2956,455,4   752,225,18,2256,3748,745,2   1763,453,14,2798,4206,579,5   865,652,6,1995,2453,248,4   749,601,9,6778,7670,372,3   397,456,7,894,1454,290,4   716,621,10,5723,6643,414,5   1500,608,12,2383,3571,496,4   851,771,22,2054,3886,910,1   1686,622,13,4413,5767,538,5   1555,455,11,2083,3279,455,4   680,485,6,6358,6758,248,3   1377,463,6,5482,5956,248,2   1630,501,6,722,1246,248,4   1619,511,20,1411,3027,827,1   1578,620,11,5770,6758,455,1   387,409,15,4111,5395,620,5   859,326,16,4410,5898,662,2   586,446,8,2884,3478,331,1   1582,357,9,2516,3142,372,3   814,501,29,3570,5786,1200,4   1113,156,28,1044,3368,1158,3   1276,752,24,3855,6043,993,1   1706,620,19,5519,7047,786,1   1741,645,14,2211,3107,579,1   1451,629,15,4911,6323,620,5   1925,391,14,3441,4721,579,2   1433,513,6,5793,6095,248,2   1047,330,18,1601,3073,745,3
!----------------------------------------------------------------
!Recharge stations: x,y
300,0   1301,770   254,805   1042,125   1949,604   786,558   961,757

g inverse recharge rate 0.7
