!----------------------------------------------------------------
!Stores: (first: depot x,y; then: satellites x,y,maxCap)
300,0   1056,693,1000   103,661,1000   114,485,1000   1304,808,1000
!----------------------------------------------------------------
!Trucks: (total#, cap, cost/dist, fixcost)
6,250,1,150
!----------------------------------------------------------------
!CityFreighters: (max cf/sat, total#, cap, cost/dist, fixcost, maxCharge, energyConsumption)
10,10,125,1,80,1000,1
!----------------------------------------------------------------
!Customers: (x, y, demand, readyTime, dueDate, serviceTime, penalizationCost)
1163,500,29,1038,2842,1042,3   1367,493,17,4321,5781,611,2   1485,607,26,4339,6093,934,3   1714,389,16,4116,4758,575,5   1141,670,10,6185,6875,359,3   342,564,29,1244,4070,1042,5   881,394,10,1369,1837,359,3   363,652,13,3187,4143,467,1   1144,739,20,1202,3140,719,3   262,395,5,3085,3429,180,3   1289,387,5,4110,4514,180,1   1060,256,28,2481,4323,1006,1   1137,712,4,3650,3936,144,2   877,554,6,3022,3474,216,5   387,602,17,6084,6910,611,3   499,280,28,4480,7474,1006,5   735,489,9,3674,4090,323,5   1138,223,5,3848,4312,180,2   1773,517,24,2061,4385,862,4   463,646,22,3625,5125,791,1   225,513,28,4900,7108,1006,2   987,328,14,285,1239,503,3   1718,618,10,2594,3170,359,1   527,297,15,6183,7083,539,4   1653,580,26,3941,5709,934,2   847,769,3,667,881,108,1   429,548,20,4645,5657,719,3   745,448,19,3206,4730,683,3   1593,500,3,1971,2221,108,3   469,718,18,1504,3056,647,5   1343,759,21,1040,2610,755,2   1460,507,4,869,1147,144,2   1261,735,24,916,2830,862,5   722,686,29,5088,6898,1042,4   1404,478,14,3700,4684,503,1   677,632,22,1612,3242,791,3   1007,383,4,5037,5293,144,4   461,675,26,4848,6856,934,3   1362,527,13,539,1531,467,4   980,486,3,5315,5577,108,3   644,679,20,4714,6246,719,1   406,154,21,1661,3185,755,1   1111,292,15,4034,5134,539,2   367,807,6,3349,3831,216,3   285,608,27,3675,5069,970,5   849,557,29,3469,5575,1042,2   394,411,29,4475,5925,1042,2   637,836,17,4736,6254,611,5   462,155,6,1204,1578,216,1   334,751,11,5286,6198,395,1
!----------------------------------------------------------------
!Recharge stations: x,y
300,0   1056,693   103,661   114,485   1304,808   1615,737   1344,598   1012,905   103,417   1523,354   1299,814   158,541   567,722   1701,635   976,253   845,391   1608,700   459,496   1691,557   973,187   558,529   701,686   1708,812   514,389   271,327

g inverse recharge rate 0.65
