!----------------------------------------------------------------
!Stores: (first: depot x,y; then: satellites x,y,maxCap)
300,0   737,750,1000   1403,735,1000   1207,746,1000   214,536,1000
!----------------------------------------------------------------
!Trucks: (total#, cap, cost/dist, fixcost)
6,250,1,150
!----------------------------------------------------------------
!CityFreighters: (max cf/sat, total#, cap, cost/dist, fixcost, maxCharge, energyConsumption)
10,10,125,1,80,1000,1
!----------------------------------------------------------------
!Customers: (x, y, demand, readyTime, dueDate, serviceTime, penalizationCost)
381,672,25,1202,3710,848,3   235,448,15,5194,6076,509,2   1527,689,11,699,1443,373,5   991,692,10,2080,2738,339,1   1381,463,24,2665,4447,815,2   1331,325,10,4536,5396,339,1   280,463,3,3637,3885,102,1   1649,482,20,4681,5657,679,5   1251,279,18,4680,6440,611,4   772,424,19,2960,4360,645,4   601,399,5,4131,4435,170,1   826,529,15,1606,2582,509,1   530,700,4,4402,4658,136,5   1347,369,20,2933,4343,679,5   358,653,26,3651,5783,882,3   1456,310,20,2346,4270,679,4   432,545,11,4194,4802,373,2   308,637,10,2928,3624,339,4   715,262,27,1692,4018,916,4   870,441,5,2344,2746,170,1   1624,425,17,1158,2302,577,3   253,551,5,5008,5344,170,5   630,527,19,5353,6547,645,5   1106,459,12,2217,2643,407,4   968,772,26,4253,5613,882,2   993,689,13,2490,3420,441,3   242,444,28,3008,5296,950,5   1479,590,20,887,2097,679,3   1436,406,20,4263,5727,679,2   516,737,26,900,2496,882,2   1581,667,26,1211,3185,882,3   1019,358,16,1296,2544,543,2   1616,672,13,4849,5823,441,1   557,378,18,2548,3874,611,4   1394,537,22,134,1506,747,2   1601,345,21,4883,6049,713,5   769,350,14,2043,2959,475,2   1790,485,17,4382,5486,577,1   814,743,26,2815,4849,882,2   399,364,29,3615,5059,984,2   835,490,8,4485,5157,272,1   533,911,20,308,1808,679,3   630,548,10,4326,4992,339,5   1296,446,14,1259,2491,475,1   1428,556,6,5563,6005,204,5   278,269,6,4864,5434,204,2   646,530,3,5051,5159,102,1   1658,532,14,1734,2824,475,1   470,622,19,4608,5988,645,1   1838,751,9,5439,6005,305,4
!----------------------------------------------------------------
!Recharge stations: x,y
300,0   737,750   1403,735   1207,746   214,536   1130,505   1578,314   1186,382   970,162   665,917   1713,789   37,542   1171,701   275,335   1325,207   585,786   855,801   517,331   1820,216   1356,325   756,278   383,615   1193,217   485,339   559,431

g inverse recharge rate 0.6
