!----------------------------------------------------------------
!Stores: (first: depot x,y; then: satellites x,y,maxCap)
300,0   941,202,1000   764,856,1000   989,385,1000   706,294,1000
!----------------------------------------------------------------
!Trucks: (total#, cap, cost/dist, fixcost)
6,250,1,150
!----------------------------------------------------------------
!CityFreighters: (max cf/sat, total#, cap, cost/dist, fixcost, maxCharge, energyConsumption)
10,10,125,1,80,1000,1
!----------------------------------------------------------------
!Customers: (x, y, demand, readyTime, dueDate, serviceTime, penalizationCost)
395,389,21,1230,2496,568,2   1351,406,17,31,1377,459,1   811,620,26,350,1776,703,5   1558,318,7,3329,3561,189,5   1093,597,25,3273,4573,676,3   1670,525,9,4295,4719,243,1   1364,741,27,2491,3781,730,5   1108,353,6,1984,2266,162,5   811,277,23,4162,5494,622,4   570,613,13,2364,3188,351,2   695,289,23,2667,3955,622,4   617,241,8,394,798,216,1   1471,373,12,3653,4349,324,5   846,746,4,4502,4662,108,4   486,281,19,4153,5195,513,2   1423,306,24,1642,2924,649,3   1317,658,22,4053,5427,595,5   1613,640,25,701,1847,676,4   1043,609,14,1042,1882,378,4   482,401,15,420,1178,405,3   1375,313,14,2844,3746,378,1   1698,587,27,529,1585,730,1   1425,250,7,1359,1743,189,1   1435,294,7,671,1143,189,4   910,429,16,2881,3635,432,2   726,695,9,4891,5459,243,3   467,338,3,4470,4694,81,5   277,487,18,3235,4403,486,3   1079,513,15,184,1150,405,2   341,514,12,4642,5348,324,3   875,338,16,3474,4402,432,2   331,498,15,2737,3831,405,3   314,395,15,2274,2790,405,3   616,561,23,3033,4635,622,1   907,722,27,895,2375,730,4   855,247,21,0,874,568,5   1116,540,27,0,1343,730,3   1531,429,10,2072,2622,270,2   582,522,10,3876,4404,270,4   628,409,11,4181,4979,297,3   1717,715,8,1267,1711,216,3   336,142,27,412,1526,730,2   1495,602,12,3625,4205,324,2   1059,62,13,246,1140,351,1   1114,692,21,1864,3598,568,3   673,414,26,1376,2954,703,5   527,885,11,2936,3302,297,1   1841,629,20,2912,3776,540,1   1315,472,23,758,2380,622,1   465,222,19,2149,3499,513,2
!----------------------------------------------------------------
!Recharge stations: x,y
300,0   941,202   764,856   989,385   706,294   1527,333   1472,253   261,554   532,279   384,280   947,742   1506,457   263,387   511,644   238,352   662,615   188,567   1827,519   1644,482   905,333   725,649   566,473   1323,721   725,650   116,684

g inverse recharge rate 0.49
