!----------------------------------------------------------------
!Stores: (first: depot x,y; then: satellites x,y,maxCap)
300,400   370,520,777   520,640,777   520,410,777   390,100,777
!----------------------------------------------------------------
!Trucks: (total#, cap, cost/dist, fixcost)
1,289,1,128   2,400,1,150   1,529,1,172
!----------------------------------------------------------------
!CityFreighters: (max cf/sat, total#, cap, cost/dist, fixcost, maxCharge, energyConsumption)
2,2,116,1,68,477,1   2,2,160,1,80,660,1   1,1,212,1,92,873,1
!----------------------------------------------------------------
!Customers: (x, y, demand, readyTime, dueDate, serviceTime, penalizationCost)
370,520,7,336,476,120,4   490,490,30,1666,2474,513,5   520,640,16,715,1141,274,5   200,260,9,1400,1652,154,4   400,300,21,2411,3085,359,2   210,470,15,1574,2166,257,4   170,630,19,2436,3160,325,1   310,620,23,1510,2604,393,2   520,330,11,2621,2867,188,4   510,210,5,695,843,86,3   420,410,19,1448,1998,325,3   310,320,29,197,1067,496,5   50,250,23,1915,2713,393,5   120,420,21,1082,2088,359,2   360,160,10,1521,1867,171,4   520,410,15,2664,2988,257,1   270,230,3,1177,1273,51,4   170,330,41,1827,2705,701,5   130,130,9,1104,1446,154,2   570,580,28,1303,2529,479,4   620,420,8,1678,1928,137,3   420,570,8,1729,2023,137,3   160,570,16,1942,2404,274,2   80,520,10,444,774,171,2   70,380,28,355,1435,479,1   270,680,7,1269,1507,120,4   300,480,15,1604,2112,257,1   430,670,14,830,1270,239,3   580,480,6,1709,1861,103,4   580,270,19,1918,2578,325,2   370,690,11,2774,3128,188,5   380,460,12,2158,2492,205,2   460,100,23,2044,2550,393,1   610,330,26,0,1009,445,5   620,630,17,284,910,291,3   630,690,6,1317,1571,103,1   320,220,9,1003,1157,154,5   450,350,15,715,1389,257,1   590,150,14,2064,2532,239,1   50,60,7,1928,2072,120,1   100,170,27,0,1377,462,1   210,100,13,783,1147,222,5   50,640,11,1012,1460,188,3   300,150,16,793,1249,274,3   390,100,10,971,1235,171,5   320,390,5,2547,2701,86,1   250,320,25,795,1835,428,5   250,550,17,412,1096,291,3   480,280,18,249,877,308,2   560,370,10,2232,2550,171,3
!----------------------------------------------------------------
!Recharge stations: x,y
300,400   370,520   520,640   520,410   390,100

g inverse recharge rate 0.47
