!----------------------------------------------------------------
!Stores: (first: depot x,y; then: satellites x,y,maxCap)
300,400   200,260,777   320,390,777
!----------------------------------------------------------------
!Trucks: (total#, cap, cost/dist, fixcost)
1,289,1,128   1,400,1,150   1,529,1,172
!----------------------------------------------------------------
!CityFreighters: (max cf/sat, total#, cap, cost/dist, fixcost, maxCharge, energyConsumption)
2,2,116,1,68,455,1   2,2,160,1,80,630,1   1,1,212,1,92,833,1
!----------------------------------------------------------------
!Customers: (x, y, demand, readyTime, dueDate, serviceTime, penalizationCost)
370,520,7,942,1170,102,5   490,490,30,1615,2453,437,3   520,640,16,800,1368,233,3   200,260,9,2059,2281,131,4   400,300,21,520,1280,306,3   210,470,15,1516,1872,218,2   170,630,19,288,1018,277,2   310,620,23,1777,2601,335,2   520,330,11,358,646,160,3   510,210,5,400,558,73,2   420,410,19,2156,2710,277,5   310,320,29,1573,2535,422,1   50,250,23,643,1449,335,4   120,420,21,1922,2456,306,1   360,160,10,2078,2334,146,1   520,410,15,1417,1909,218,2   270,230,3,2219,2313,44,4   170,330,41,705,1857,597,1   130,130,9,1559,1765,131,5   570,580,28,56,1014,408,5   620,420,8,679,887,116,4   420,570,8,2275,2527,116,1   160,570,16,326,768,233,3   80,520,10,2282,2670,146,1   70,380,28,2227,2511,408,4   270,680,7,2121,2335,102,1   300,480,15,1816,2110,218,1   430,670,14,1006,1400,204,1   580,480,6,1338,1460,87,3   580,270,19,544,982,277,2   370,690,11,1724,1952,160,4   380,460,12,948,1382,175,1   460,100,23,581,1417,335,4   610,330,26,301,1325,379,4   620,630,17,1676,2054,248,5   630,690,6,1599,1757,87,3   320,220,9,1109,1397,131,3   450,350,15,2189,2645,218,1   590,150,14,1491,1795,204,4   50,60,7,1548,1734,102,1   100,170,27,1652,2580,393,2   210,100,13,1586,2092,189,2   50,640,11,679,1083,160,1   300,150,16,2159,2549,233,2   390,100,10,816,1134,146,1   320,390,5,2261,2419,73,3   250,320,25,1781,2739,364,1   250,550,17,1147,1769,248,2   480,280,18,1907,2581,262,4   560,370,10,1542,1700,146,1
!----------------------------------------------------------------
!Recharge stations: x,y
300,400   200,260   320,390   570,330   490,490

g inverse recharge rate 0.42
