!----------------------------------------------------------------
!Stores: (first: depot x,y; then: satellites x,y,maxCap)
300,400   210,470,777   310,320,777   380,460,777   320,220,777
!----------------------------------------------------------------
!Trucks: (total#, cap, cost/dist, fixcost)
1,289,1,128   2,400,1,150   1,529,1,172
!----------------------------------------------------------------
!CityFreighters: (max cf/sat, total#, cap, cost/dist, fixcost, maxCharge, energyConsumption)
2,2,116,1,68,412,1   2,2,160,1,80,570,1   1,1,212,1,92,754,1
!----------------------------------------------------------------
!Customers: (x, y, demand, readyTime, dueDate, serviceTime, penalizationCost)
370,520,7,1139,1233,100,5   490,490,30,1391,2377,430,2   520,640,16,147,793,229,3   200,260,9,149,327,129,2   400,300,21,191,1001,301,4   210,470,15,398,894,215,1   170,630,19,1431,2099,272,5   310,620,23,1895,2383,329,1   520,330,11,2468,2668,158,1   510,210,5,1390,1534,72,3   420,410,19,1008,1622,272,4   310,320,29,0,483,415,3   50,250,23,416,974,329,2   120,420,21,37,679,301,3   360,160,10,1859,2273,143,3   520,410,15,2194,2750,215,1   270,230,3,647,751,43,3   170,330,41,1226,2264,587,4   130,130,9,755,1043,129,3   570,580,28,1556,2538,401,1   620,420,8,1633,1793,115,5   420,570,8,682,886,115,4   160,570,16,1617,1945,229,5   80,520,10,1566,1824,143,4   70,380,28,704,1396,401,4   270,680,7,1240,1460,100,4   300,480,15,2234,2738,215,4   430,670,14,480,1046,201,3   580,480,6,2024,2206,86,1   580,270,19,2109,2601,272,5   370,690,11,1789,2147,158,2   380,460,12,367,637,172,4   460,100,23,961,1689,329,4   610,330,26,299,1127,372,5   620,630,17,162,726,244,5   630,690,6,1187,1339,86,4   320,220,9,239,517,129,4   450,350,15,1151,1587,215,4   590,150,14,1484,1804,201,1   50,60,7,342,564,100,4   100,170,27,941,1929,387,5   210,100,13,843,1327,186,4   50,640,11,1492,1824,158,3   300,150,16,469,907,229,4   390,100,10,660,1022,143,5   320,390,5,645,783,72,3   250,320,25,390,1184,358,1   250,550,17,1280,1674,244,4   480,280,18,276,832,258,5   560,370,10,183,483,143,1
!----------------------------------------------------------------
!Recharge stations: x,y
300,400   210,470   310,320   380,460   320,220

g inverse recharge rate 0.46
