!----------------------------------------------------------------
!Stores: (first: depot x,y; then: satellites x,y,maxCap)
2920,4950   3090,4450,29370   3040,4270,29370
!----------------------------------------------------------------
!Trucks: (total#, cap, cost/dist, fixcost)
1,14450,1,128   1,20000,1,150   1,26450,1,172
!----------------------------------------------------------------
!CityFreighters: (max cf/sat, total#, cap, cost/dist, fixcost, maxCharge, energyConsumption)
1,1,5780,1,68,657,1   2,2,8000,1,80,910,1   1,1,10580,1,92,1203,1
!----------------------------------------------------------------
!Customers: (x, y, demand, readyTime, dueDate, serviceTime, penalizationCost)
2980,4270,700,2952,3246,198,4   3090,4450,400,1736,2000,113,4   3070,4640,400,803,1085,113,1   3360,4750,1200,1295,1809,340,5   3200,4390,40,1010,1042,11,4   3210,4370,80,476,532,23,4   3220,4370,2000,1318,2402,567,2   3230,4330,900,2067,2475,255,3   3240,4330,600,1651,2023,170,1   3230,4290,750,2862,3182,213,3   3140,4350,1500,640,1408,425,1   3110,4420,150,760,856,43,5   3040,4270,250,2407,2545,71,4   2930,4210,1600,0,863,454,5   2960,4180,450,533,723,128,1   2610,3840,700,2075,2501,198,4   2970,4100,550,816,1116,156,5   3150,4070,650,2682,3108,184,3   3140,4060,200,2096,2180,57,2   3210,3910,400,676,908,113,1   3210,3980,300,754,922,85,2   3140,3940,1300,799,1645,368,4   3130,3780,700,1530,1798,198,1   3040,3820,750,2350,2798,213,4   2950,4020,1400,881,1687,397,3   2830,4060,4000,395,2557,1134,5   2790,3990,600,988,1310,170,2   2710,4010,1000,1744,2184,283,3   2640,4140,500,412,742,142,4   2770,4390,2500,0,1097,709,5   2900,4340,1700,1659,2457,482,1   3190,4330,1100,1330,1762,312,3
!----------------------------------------------------------------
!Recharge stations: x,y
2920,4950   3090,4450   3040,4270   2610,4640   2950,4050

g inverse recharge rate 0.31
