!----------------------------------------------------------------
!Stores: (first: depot x,y; then: satellites x,y,maxCap)
300,400   490,490,777   200,260,777   270,230,777   320,390,777
!----------------------------------------------------------------
!Trucks: (total#, cap, cost/dist, fixcost)
1,289,1,128   2,400,1,150   1,529,1,172
!----------------------------------------------------------------
!CityFreighters: (max cf/sat, total#, cap, cost/dist, fixcost, maxCharge, energyConsumption)
2,2,116,1,68,455,1   2,2,160,1,80,630,1   1,1,212,1,92,833,1
!----------------------------------------------------------------
!Customers: (x, y, demand, readyTime, dueDate, serviceTime, penalizationCost)
370,520,7,754,970,104,4   490,490,30,0,719,448,2   520,640,16,1635,2135,239,3   200,260,9,74,306,134,4   400,300,21,1589,2433,313,3   210,470,15,370,776,224,2   170,630,19,1439,1945,284,4   310,620,23,1367,2005,343,5   520,330,11,1029,1451,164,3   510,210,5,1270,1362,75,2   420,410,19,0,422,284,4   310,320,29,0,835,433,4   50,250,23,578,1192,343,5   120,420,21,504,1126,313,5   360,160,10,2230,2518,149,5   520,410,15,2112,2490,224,2   270,230,3,1557,1607,45,1   170,330,41,172,1366,612,4   130,130,9,1366,1692,134,2   570,580,28,462,1136,418,2   620,420,8,1079,1317,119,4   420,570,8,1251,1513,119,2   160,570,16,1726,2406,239,1   80,520,10,2399,2759,149,1   70,380,28,0,854,418,4   270,680,7,1964,2158,104,4   300,480,15,1361,1753,224,3   430,670,14,918,1344,209,3   580,480,6,2037,2211,90,1   580,270,19,1433,2037,284,5   370,690,11,1842,2132,164,5   380,460,12,1318,1692,179,3   460,100,23,978,1624,343,2   610,330,26,970,1658,388,3   620,630,17,1699,1971,254,1   630,690,6,1316,1512,90,5   320,220,9,2217,2537,134,5   450,350,15,539,969,224,2   590,150,14,2308,2708,209,3   50,60,7,567,729,104,1   100,170,27,724,1622,403,4   210,100,13,1648,2100,194,1   50,640,11,873,1241,164,5   300,150,16,876,1264,239,2   390,100,10,1695,2089,149,2   320,390,5,317,541,75,1   250,320,25,1641,2247,373,5   250,550,17,847,1339,254,2   480,280,18,732,1280,269,1   560,370,10,1761,2017,149,5
!----------------------------------------------------------------
!Recharge stations: x,y
300,400   490,490   200,260   270,230   320,390

g inverse recharge rate 0.43
