!----------------------------------------------------------------
!Stores: (first: depot x,y; then: satellites x,y,maxCap)
2920,4950   3360,4750,29370   3200,4390,29370
!----------------------------------------------------------------
!Trucks: (total#, cap, cost/dist, fixcost)
1,14450,1,128   1,20000,1,150   1,26450,1,172
!----------------------------------------------------------------
!CityFreighters: (max cf/sat, total#, cap, cost/dist, fixcost, maxCharge, energyConsumption)
1,1,5780,1,68,773,1   2,2,8000,1,80,1070,1   1,1,10580,1,92,1415,1
!----------------------------------------------------------------
!Customers: (x, y, demand, readyTime, dueDate, serviceTime, penalizationCost)
2980,4270,700,3074,3726,319,5   3090,4450,400,4412,4902,182,4   3070,4640,400,445,825,182,3   3360,4750,1200,2817,3693,546,1   3200,4390,40,2305,2339,18,2   3210,4370,80,4538,4586,36,3   3220,4370,2000,0,1493,910,2   3230,4330,900,3743,4361,410,2   3240,4330,600,3396,3856,273,2   3230,4290,750,468,1278,341,2   3140,4350,1500,303,1591,683,4   3110,4420,150,4893,5035,68,1   3040,4270,250,1254,1392,114,4   2930,4210,1600,935,2635,728,3   2960,4180,450,1730,2142,205,1   2610,3840,700,2818,3568,319,1   2970,4100,550,2481,2749,250,4   3150,4070,650,3107,3831,296,3   3140,4060,200,671,887,91,4   3210,3910,400,3184,3556,182,5   3210,3980,300,2951,3207,137,1   3140,3940,1300,2142,3452,592,5   3130,3780,700,3007,3595,319,4   3040,3820,750,919,1317,341,3   2950,4020,1400,1228,2730,637,4   2830,4060,4000,0,5122,1820,3   2790,3990,600,3214,3904,273,1   2710,4010,1000,1555,2517,455,4   2640,4140,500,3996,4442,228,4   2770,4390,2500,2035,4589,1138,5   2900,4340,1700,1937,3895,774,4   3190,4330,1100,0,928,501,3
!----------------------------------------------------------------
!Recharge stations: x,y
2920,4950   3360,4750   3200,4390   2680,4370   3220,4130

g inverse recharge rate 0.43
