!----------------------------------------------------------------
!Stores: (first: depot x,y; then: satellites x,y,maxCap)
300,400   420,410,777   130,130,777
!----------------------------------------------------------------
!Trucks: (total#, cap, cost/dist, fixcost)
1,289,1,128   1,400,1,150   1,529,1,172
!----------------------------------------------------------------
!CityFreighters: (max cf/sat, total#, cap, cost/dist, fixcost, maxCharge, energyConsumption)
2,2,116,1,68,470,1   2,2,160,1,80,650,1   1,1,212,1,92,860,1
!----------------------------------------------------------------
!Customers: (x, y, demand, readyTime, dueDate, serviceTime, penalizationCost)
370,520,7,917,1233,121,1   490,490,30,639,1677,519,1   520,640,16,2417,3139,277,5   200,260,9,2877,3199,156,2   400,300,21,2148,2818,363,2   210,470,15,1541,2217,259,4   170,630,19,514,1056,328,3   310,620,23,1296,2140,398,5   520,330,11,747,1259,190,3   510,210,5,399,519,86,3   420,410,19,269,887,328,4   310,320,29,2247,3185,501,5   50,250,23,1401,2199,398,4   120,420,21,1852,2614,363,2   360,160,10,2747,3191,173,2   520,410,15,1888,2538,259,2   270,230,3,1872,2008,52,1   170,330,41,299,1853,709,2   130,130,9,2915,3229,156,2   570,580,28,276,1342,484,1   620,420,8,1365,1693,138,1   420,570,8,1350,1636,138,2   160,570,16,2161,2563,277,4   80,520,10,2370,2742,173,3   70,380,28,1879,2541,484,4   270,680,7,1114,1274,121,3   300,480,15,1798,2292,259,4   430,670,14,332,826,242,3   580,480,6,2564,2842,104,1   580,270,19,2254,3008,328,3   370,690,11,640,1016,190,1   380,460,12,2592,3002,207,2   460,100,23,2563,3145,398,3   610,330,26,2069,2957,449,4   620,630,17,1969,2493,294,3   630,690,6,2134,2430,104,1   320,220,9,2343,2639,156,1   450,350,15,2473,2887,259,5   590,150,14,2583,2995,242,4   50,60,7,1574,1754,121,1   100,170,27,2209,3277,467,4   210,100,13,1347,1885,225,5   50,640,11,465,765,190,4   300,150,16,2595,3189,277,3   390,100,10,2230,2636,173,4   320,390,5,3133,3327,86,2   250,320,25,1344,2182,432,4   250,550,17,689,1115,294,4   480,280,18,589,1089,311,3   560,370,10,2715,3091,173,1
!----------------------------------------------------------------
!Recharge stations: x,y
300,400   420,410   130,130   540,140   300,160

g inverse recharge rate 0.48
