!----------------------------------------------------------------
!Stores: (first: depot x,y; then: satellites x,y,maxCap)
300,400   510,210,777   170,330,777
!----------------------------------------------------------------
!Trucks: (total#, cap, cost/dist, fixcost)
1,289,1,128   1,400,1,150   1,529,1,172
!----------------------------------------------------------------
!CityFreighters: (max cf/sat, total#, cap, cost/dist, fixcost, maxCharge, energyConsumption)
2,2,116,1,68,491,1   2,2,160,1,80,680,1   1,1,212,1,92,899,1
!----------------------------------------------------------------
!Customers: (x, y, demand, readyTime, dueDate, serviceTime, penalizationCost)
370,520,7,1681,1959,117,5   490,490,30,1267,2345,500,5   520,640,16,1934,2348,267,3   200,260,9,1278,1616,150,1   400,300,21,2259,3043,350,4   210,470,15,1731,2101,250,1   170,630,19,1406,1930,317,3   310,620,23,779,1677,384,5   520,330,11,2363,2549,183,4   510,210,5,158,254,83,5   420,410,19,228,992,317,3   310,320,29,0,911,484,1   50,250,23,688,1348,384,4   120,420,21,696,1482,350,2   360,160,10,2078,2338,167,4   520,410,15,1478,1922,250,1   270,230,3,1296,1422,50,4   170,330,41,265,2081,684,3   130,130,9,1465,1873,150,4   570,580,28,529,1477,467,5   620,420,8,430,752,133,2   420,570,8,2038,2326,133,4   160,570,16,827,1355,267,4   80,520,10,2157,2431,167,4   70,380,28,236,1132,467,2   270,680,7,2015,2241,117,2   300,480,15,545,1193,250,4   430,670,14,434,946,234,5   580,480,6,1993,2195,100,4   580,270,19,1428,2162,317,2   370,690,11,1384,1712,183,1   380,460,12,316,682,200,1   460,100,23,1522,2168,384,4   610,330,26,1579,2401,434,5   620,630,17,2173,2527,284,2   630,690,6,1087,1243,100,2   320,220,9,2517,2815,150,3   450,350,15,409,951,250,5   590,150,14,1953,2555,234,2   50,60,7,942,1212,117,1   100,170,27,1970,3122,450,5   210,100,13,1248,1510,217,4   50,640,11,2054,2378,183,1   300,150,16,1495,2095,267,2   390,100,10,1328,1690,167,3   320,390,5,2767,2955,83,4   250,320,25,2,830,417,5   250,550,17,2514,2950,284,4   480,280,18,2655,3215,300,3   560,370,10,389,657,167,4
!----------------------------------------------------------------
!Recharge stations: x,y
300,400   510,210   170,330   330,640   640,480

g inverse recharge rate 0.44
