!----------------------------------------------------------------
!Stores: (first: depot x,y; then: satellites x,y,maxCap)
300,400   400,300,777   420,410,777
!----------------------------------------------------------------
!Trucks: (total#, cap, cost/dist, fixcost)
1,289,1,128   1,400,1,150   1,529,1,172
!----------------------------------------------------------------
!CityFreighters: (max cf/sat, total#, cap, cost/dist, fixcost, maxCharge, energyConsumption)
2,2,116,1,68,441,1   2,2,160,1,80,610,1   1,1,212,1,92,807,1
!----------------------------------------------------------------
!Customers: (x, y, demand, readyTime, dueDate, serviceTime, penalizationCost)
370,520,7,481,631,94,1   490,490,30,1501,2617,405,1   520,640,16,1600,2048,216,1   200,260,9,1874,2052,121,1   400,300,21,1473,1985,283,5   210,470,15,1569,2039,202,4   170,630,19,1669,2215,256,1   310,620,23,282,952,310,1   520,330,11,1306,1574,148,1   510,210,5,522,624,67,2   420,410,19,42,468,256,3   310,320,29,1339,2139,391,5   50,250,23,307,817,310,5   120,420,21,754,1326,283,2   360,160,10,1080,1382,135,2   520,410,15,0,283,202,3   270,230,3,1167,1241,40,5   170,330,41,1316,2466,553,2   130,130,9,324,466,121,4   570,580,28,0,770,378,4   620,420,8,1823,1995,108,5   420,570,8,1835,2033,108,4   160,570,16,579,923,216,1   80,520,10,1617,1917,135,2   70,380,28,161,837,378,1   270,680,7,2087,2211,94,3   300,480,15,661,903,202,2   430,670,14,1964,2534,189,1   580,480,6,1507,1689,81,1   580,270,19,67,569,256,3   370,690,11,819,1167,148,2   380,460,12,1516,1778,162,3   460,100,23,1348,1864,310,5   610,330,26,88,796,351,2   620,630,17,1872,2260,229,1   630,690,6,1247,1395,81,3   320,220,9,1721,2035,121,4   450,350,15,1097,1523,202,4   590,150,14,447,869,189,3   50,60,7,1628,1760,94,2   100,170,27,778,1346,364,4   210,100,13,1891,2323,175,2   50,640,11,1886,2256,148,5   300,150,16,1271,1823,216,2   390,100,10,2156,2452,135,4   320,390,5,870,1036,67,2   250,320,25,0,618,337,3   250,550,17,314,658,229,3   480,280,18,282,642,243,4   560,370,10,939,1123,135,3
!----------------------------------------------------------------
!Recharge stations: x,y
300,400   400,300   420,410   580,160   170,640

g inverse recharge rate 0.4
