!----------------------------------------------------------------
!Stores: (first: depot x,y; then: satellites x,y,maxCap)
300,400   370,690,777   630,690,777
!----------------------------------------------------------------
!Trucks: (total#, cap, cost/dist, fixcost)
1,289,1,128   1,400,1,150   1,529,1,172
!----------------------------------------------------------------
!CityFreighters: (max cf/sat, total#, cap, cost/dist, fixcost, maxCharge, energyConsumption)
2,2,116,1,68,549,1   2,2,160,1,80,760,1   1,1,212,1,92,1005,1
!----------------------------------------------------------------
!Customers: (x, y, demand, readyTime, dueDate, serviceTime, penalizationCost)
370,520,7,2879,3179,155,5   490,490,30,623,2765,663,4   520,640,16,279,853,354,3   200,260,9,315,841,199,1   400,300,21,596,1652,464,3   210,470,15,1753,2487,332,2   170,630,19,3386,3978,420,4   310,620,23,709,1609,509,5   520,330,11,540,1176,243,3   510,210,5,1472,1616,111,2   420,410,19,1346,2232,420,4   310,320,29,2839,4161,641,1   50,250,23,2705,3493,509,5   120,420,21,584,1738,464,5   360,160,10,691,1189,221,4   520,410,15,697,1715,332,2   270,230,3,1761,1905,66,4   170,330,41,0,1610,906,2   130,130,9,817,1119,199,5   570,580,28,610,1804,619,5   620,420,8,1014,1400,177,3   420,570,8,1985,2355,177,5   160,570,16,530,1104,354,1   80,520,10,816,1166,221,1   70,380,28,465,1795,619,1   270,680,7,1827,2019,155,2   300,480,15,0,808,332,2   430,670,14,1406,2030,310,5   580,480,6,4003,4315,133,5   580,270,19,295,1171,420,5   370,690,11,2722,3220,243,2   380,460,12,3664,4282,265,5   460,100,23,1990,2908,509,3   610,330,26,979,2261,575,2   620,630,17,1125,1857,376,5   630,690,6,3569,3803,133,1   320,220,9,2022,2458,199,3   450,350,15,330,908,332,1   590,150,14,1155,1669,310,3   50,60,7,1674,2026,155,5   100,170,27,1931,2275,597,5   210,100,13,727,1457,287,3   50,640,11,471,925,243,1   300,150,16,578,1078,354,3   390,100,10,2153,2537,221,1   320,390,5,3494,3628,111,4   250,320,25,3021,4045,553,1   250,550,17,187,1015,376,3   480,280,18,263,1109,398,2   560,370,10,3202,3482,221,4
!----------------------------------------------------------------
!Recharge stations: x,y
300,400   370,690   630,690   40,710   300,190

g inverse recharge rate 0.53
