!----------------------------------------------------------------
!Stores: (first: depot x,y; then: satellites x,y,maxCap)
300,400   490,490,777   270,230,777
!----------------------------------------------------------------
!Trucks: (total#, cap, cost/dist, fixcost)
1,289,1,128   1,400,1,150   1,529,1,172
!----------------------------------------------------------------
!CityFreighters: (max cf/sat, total#, cap, cost/dist, fixcost, maxCharge, energyConsumption)
2,2,116,1,68,426,1   2,2,160,1,80,590,1   1,1,212,1,92,780,1
!----------------------------------------------------------------
!Customers: (x, y, demand, readyTime, dueDate, serviceTime, penalizationCost)
370,520,7,2304,2480,107,1   490,490,30,0,1134,458,4   520,640,16,2191,2623,245,3   200,260,9,1668,1980,138,3   400,300,21,283,735,321,4   210,470,15,718,1212,229,5   170,630,19,1764,2188,290,2   310,620,23,177,605,351,2   520,330,11,404,812,168,2   510,210,5,1324,1470,76,3   420,410,19,2179,2807,290,3   310,320,29,1945,2687,443,4   50,250,23,545,1499,351,3   120,420,21,1892,2664,321,2   360,160,10,1456,1838,153,5   520,410,15,1569,2135,229,4   270,230,3,2457,2605,46,2   170,330,41,0,1296,627,5   130,130,9,1453,1701,138,4   570,580,28,1776,2458,428,1   620,420,8,1936,2182,122,2   420,570,8,1031,1339,122,3   160,570,16,1073,1549,245,3   80,520,10,1814,2182,153,3   70,380,28,1041,2197,428,3   270,680,7,418,674,107,3   300,480,15,2248,2610,229,1   430,670,14,1789,2119,214,2   580,480,6,343,503,92,5   580,270,19,645,1151,290,5   370,690,11,2367,2615,168,5   380,460,12,2077,2519,183,4   460,100,23,2145,2747,351,4   610,330,26,783,1347,397,1   620,630,17,1081,1685,260,4   630,690,6,391,623,92,5   320,220,9,1488,1782,138,1   450,350,15,1277,1691,229,4   590,150,14,624,1044,214,4   50,60,7,326,652,107,1   100,170,27,1233,2291,413,5   210,100,13,1023,1447,199,1   50,640,11,2025,2201,168,4   300,150,16,539,989,245,5   390,100,10,1149,1405,153,2   320,390,5,1581,1761,76,4   250,320,25,2054,2860,382,2   250,550,17,2198,2642,260,2   480,280,18,1444,1868,275,2   560,370,10,2482,2778,153,5
!----------------------------------------------------------------
!Recharge stations: x,y
300,400   490,490   270,230   90,240   280,70

g inverse recharge rate 0.47
