!----------------------------------------------------------------
!Stores: (first: depot x,y; then: satellites x,y,maxCap)
300,400   400,300,777   420,410,777   370,690,777   630,690,777
!----------------------------------------------------------------
!Trucks: (total#, cap, cost/dist, fixcost)
1,289,1,128   2,400,1,150   1,529,1,172
!----------------------------------------------------------------
!CityFreighters: (max cf/sat, total#, cap, cost/dist, fixcost, maxCharge, energyConsumption)
2,2,116,1,68,441,1   2,2,160,1,80,610,1   1,1,212,1,92,807,1
!----------------------------------------------------------------
!Customers: (x, y, demand, readyTime, dueDate, serviceTime, penalizationCost)
370,520,7,2004,2308,125,1   490,490,30,1761,2751,534,3   520,640,16,1611,2411,285,4   200,260,9,666,982,160,2   400,300,21,784,1464,374,1   210,470,15,617,1297,267,2   170,630,19,2362,2814,338,3   310,620,23,533,1461,409,2   520,330,11,1773,2033,196,4   510,210,5,1483,1685,89,2   420,410,19,112,878,338,3   310,320,29,30,1032,516,2   50,250,23,1298,1844,409,3   120,420,21,95,833,374,3   360,160,10,2844,3364,178,3   520,410,15,519,1129,267,3   270,230,3,2186,2276,53,1   170,330,41,0,1540,730,3   130,130,9,2653,2907,160,4   570,580,28,1088,1802,498,4   620,420,8,923,1235,142,3   420,570,8,121,327,142,1   160,570,16,1399,1961,285,4   80,520,10,537,841,178,5   70,380,28,1614,2726,498,5   270,680,7,2161,2339,125,3   300,480,15,2364,2904,267,5   430,670,14,2685,3337,249,2   580,480,6,1867,2097,107,4   580,270,19,2489,3101,338,1   370,690,11,2660,3036,196,2   380,460,12,181,623,214,1   460,100,23,1447,2453,409,3   610,330,26,304,1222,463,2   620,630,17,2086,2718,303,2   630,690,6,1236,1446,107,3   320,220,9,1568,1968,160,4   450,350,15,914,1416,267,2   590,150,14,1745,2333,249,3   50,60,7,1622,1948,125,4   100,170,27,566,1644,481,1   210,100,13,1781,2125,231,4   50,640,11,763,1227,196,1   300,150,16,1099,1705,285,2   390,100,10,1437,1783,178,2   320,390,5,2987,3151,89,5   250,320,25,932,1644,445,2   250,550,17,612,1224,303,3   480,280,18,662,1310,320,4   560,370,10,932,1396,178,5
!----------------------------------------------------------------
!Recharge stations: x,y
300,400   400,300   420,410   370,690   630,690

g inverse recharge rate 0.53
