!----------------------------------------------------------------
!Stores: (first: depot x,y; then: satellites x,y,maxCap)
2920,4950   3220,4370,29370   2950,4020,29370
!----------------------------------------------------------------
!Trucks: (total#, cap, cost/dist, fixcost)
1,14450,1,128   1,20000,1,150   1,26450,1,172
!----------------------------------------------------------------
!CityFreighters: (max cf/sat, total#, cap, cost/dist, fixcost, maxCharge, energyConsumption)
1,1,5780,1,68,600,1   2,2,8000,1,80,830,1   1,1,10580,1,92,1098,1
!----------------------------------------------------------------
!Customers: (x, y, demand, readyTime, dueDate, serviceTime, penalizationCost)
2980,4270,700,518,1102,210,5   3090,4450,400,2083,2329,120,4   3070,4640,400,1676,1940,120,3   3360,4750,1200,537,1035,359,1   3200,4390,40,2551,2573,12,4   3210,4370,80,2368,2408,24,1   3220,4370,2000,2091,3335,599,1   3230,4330,900,1339,1939,270,5   3240,4330,600,2015,2301,180,3   3230,4290,750,1111,1623,225,1   3140,4350,1500,1362,2306,449,5   3110,4420,150,1941,2019,45,1   3040,4270,250,2293,2397,75,2   2930,4210,1600,171,971,479,2   2960,4180,450,2388,2704,135,1   2610,3840,700,2245,2625,210,2   2970,4100,550,224,502,165,5   3150,4070,650,2343,2725,195,4   3140,4060,200,3090,3190,60,1   3210,3910,400,478,706,120,1   3210,3980,300,3046,3224,90,2   3140,3940,1300,580,1442,389,5   3130,3780,700,687,1195,210,4   3040,3820,750,2252,2894,225,3   2950,4020,1400,1972,2668,419,5   2830,4060,4000,0,1983,1198,4   2790,3990,600,246,636,180,5   2710,4010,1000,602,1246,300,4   2640,4140,500,2713,3067,150,5   2770,4390,2500,590,1284,749,2   2900,4340,1700,709,1581,509,4   3190,4330,1100,607,1139,329,1
!----------------------------------------------------------------
!Recharge stations: x,y
2920,4950   3220,4370   2950,4020   2940,4300   2900,3810

g inverse recharge rate 0.36
