!----------------------------------------------------------------
!Stores: (first: depot x,y; then: satellites x,y,maxCap)
300,400   270,680,777   320,390,777
!----------------------------------------------------------------
!Trucks: (total#, cap, cost/dist, fixcost)
1,289,1,128   1,400,1,150   1,529,1,172
!----------------------------------------------------------------
!CityFreighters: (max cf/sat, total#, cap, cost/dist, fixcost, maxCharge, energyConsumption)
2,2,116,1,68,455,1   2,2,160,1,80,630,1   1,1,212,1,92,833,1
!----------------------------------------------------------------
!Customers: (x, y, demand, readyTime, dueDate, serviceTime, penalizationCost)
370,520,7,1517,1747,115,5   490,490,30,1781,2791,494,3   520,640,16,798,1276,263,2   200,260,9,2573,2853,148,3   400,300,21,698,1554,346,1   210,470,15,2250,2782,247,1   170,630,19,2112,2594,313,5   310,620,23,918,1672,379,5   520,330,11,380,708,181,5   510,210,5,2392,2592,82,1   420,410,19,2344,3116,313,1   310,320,29,1683,2927,477,4   50,250,23,1906,2672,379,4   120,420,21,515,1309,346,1   360,160,10,387,823,165,4   520,410,15,1439,1987,247,5   270,230,3,2128,2252,49,2   170,330,41,185,1529,675,2   130,130,9,425,635,148,1   570,580,28,1133,1973,461,2   620,420,8,1224,1552,132,3   420,570,8,205,455,132,3   160,570,16,407,739,263,2   80,520,10,471,809,165,4   70,380,28,591,1615,461,2   270,680,7,2387,2611,115,1   300,480,15,541,937,247,1   430,670,14,2547,3055,230,4   580,480,6,1991,2269,99,3   580,270,19,478,894,313,5   370,690,11,177,647,181,3   380,460,12,668,1158,197,2   460,100,23,1445,2237,379,2   610,330,26,0,1063,428,1   620,630,17,1728,2278,280,5   630,690,6,318,592,99,3   320,220,9,604,960,148,1   450,350,15,2264,2880,247,5   590,150,14,1151,1599,230,4   50,60,7,2287,2475,115,4   100,170,27,1442,2360,444,5   210,100,13,1517,1805,214,4   50,640,11,726,1018,181,3   300,150,16,562,1168,263,3   390,100,10,2259,2547,165,3   320,390,5,2297,2407,82,2   250,320,25,2128,3022,411,2   250,550,17,319,805,280,3   480,280,18,977,1667,296,5   560,370,10,1834,2162,165,1
!----------------------------------------------------------------
!Recharge stations: x,y
300,400   270,680   320,390   470,250   620,170

g inverse recharge rate 0.47
