!----------------------------------------------------------------
!Stores: (first: depot x,y; then: satellites x,y,maxCap)
300,400   210,470,777   310,320,777
!----------------------------------------------------------------
!Trucks: (total#, cap, cost/dist, fixcost)
1,289,1,128   1,400,1,150   1,529,1,172
!----------------------------------------------------------------
!CityFreighters: (max cf/sat, total#, cap, cost/dist, fixcost, maxCharge, energyConsumption)
2,2,116,1,68,441,1   2,2,160,1,80,610,1   1,1,212,1,92,807,1
!----------------------------------------------------------------
!Customers: (x, y, demand, readyTime, dueDate, serviceTime, penalizationCost)
370,520,7,2178,2348,100,2   490,490,30,1660,2360,430,1   520,640,16,401,1001,230,4   200,260,9,2396,2566,129,1   400,300,21,2176,2694,301,3   210,470,15,1145,1687,215,2   170,630,19,393,885,273,4   310,620,23,890,1600,330,3   520,330,11,2186,2412,158,4   510,210,5,1006,1214,72,1   420,410,19,2049,2717,273,4   310,320,29,0,598,416,5   50,250,23,224,1028,330,4   120,420,21,2003,2563,301,5   360,160,10,1042,1288,143,4   520,410,15,535,893,215,4   270,230,3,1228,1302,43,3   170,330,41,595,2017,588,1   130,130,9,2398,2632,129,5   570,580,28,814,1582,402,4   620,420,8,959,1147,115,1   420,570,8,1714,2000,115,3   160,570,16,351,683,230,4   80,520,10,1026,1300,143,4   70,380,28,0,779,402,3   270,680,7,1866,2110,100,5   300,480,15,614,1060,215,3   430,670,14,1764,2136,201,5   580,480,6,374,560,86,3   580,270,19,1083,1513,273,5   370,690,11,1607,1919,158,3   380,460,12,196,516,172,5   460,100,23,934,1390,330,3   610,330,26,1316,2358,373,3   620,630,17,742,1238,244,1   630,690,6,1108,1244,86,2   320,220,9,2167,2429,129,1   450,350,15,722,1184,215,4   590,150,14,207,725,201,4   50,60,7,403,617,100,4   100,170,27,751,1665,387,5   210,100,13,662,1198,187,4   50,640,11,1977,2271,158,5   300,150,16,217,715,230,5   390,100,10,452,756,143,4   320,390,5,169,319,72,5   250,320,25,220,948,359,5   250,550,17,86,666,244,2   480,280,18,2011,2563,258,1   560,370,10,895,1057,143,5
!----------------------------------------------------------------
!Recharge stations: x,y
300,400   210,470   310,320   350,620   630,430

g inverse recharge rate 0.43
