!------------------------------------------------------------------------
!Trucks: total #, capacity, cost per distance, fixcost 
3,560,1,0
!------------------------------------------------------------------------
!CityFreighters: max cf/sat, total#, cap, cost/dist, fixcost, maxCharge, energyConsumption
75,75,140,1,0,610,1
!------------------------------------------------------------------------
!Stores: first: depot x, y; then: satellites x,y,handlingCost,maxCap,fixCost 
10,10  400,660,0.0,1364,0  70,430,0.0,1364,0  670,410,0.0,1364,0  360,60,0.0,1364,0
!------------------------------------------------------------------------
!Customers: x,y,demand 
220,220,18  360,260,26  210,450,11  450,350,30  550,200,21  330,340,19  500,500,15  550,450,16  260,590,29  400,660,26  550,650,37  350,510,16  620,350,12  620,570,31  620,240,8  210,360,19  330,440,20  90,560,13  620,480,15  660,140,22  440,130,28  260,130,12  110,280,6  70,430,27  170,640,14  410,460,18  550,340,17  350,160,29  520,260,13  430,260,22  310,760,25  220,530,28  260,290,27  500,400,19  550,500,10  540,100,12  600,150,14  470,660,24  300,600,16  300,500,33  120,170,15  150,140,11  160,190,18  210,480,17  500,300,21  510,420,27  500,150,19  480,210,20  120,380,5  150,560,22  290,390,12  540,380,19  550,570,22  670,410,16  100,700,7  60,250,26  650,270,14  400,600,21  700,640,24  640,40,13  360,60,15  300,200,18  200,300,11  150,50,28  500,700,9  570,720,37  450,420,30  380,330,10  500,40,8  660,80,11  590,50,3  350,600,1  270,240,6  400,200,10  400,370,20  
!------------------------------------------------------------------------
!Recharging stations: x,y
10,10  400,660  70,430  670,410  360,60  400,400  540,480  