!------------------------------------------------------------------------
!Trucks: total #, capacity, cost per distance, fixcost 
3,20000,1,0
!------------------------------------------------------------------------
!CityFreighters: max cf/sat, total#, cap, cost/dist, fixcost, maxCharge, energyConsumption
4,4,8000,1,0,840,1
!------------------------------------------------------------------------
!Stores: first: depot x, y; then: satellites x,y,handlingCost,maxCap,fixCost 
2600,3750  2610,3840,0.0,29370,0  3040,3820,0.0,29370,0
!------------------------------------------------------------------------
!Customers: x,y,demand 
2980,4270,700  3090,4450,400  3070,4640,400  3360,4750,1200  3200,4390,40  3210,4370,80  3220,4370,2000  3230,4330,900  3240,4330,600  3230,4290,750  3140,4350,1500  3110,4420,150  3040,4270,250  2930,4210,1600  2960,4180,450  2610,3840,700  2970,4100,550  3150,4070,650  3140,4060,200  3210,3910,400  3210,3980,300  3140,3940,1300  3130,3780,700  3040,3820,750  2950,4020,1400  2830,4060,4000  2790,3990,600  2710,4010,1000  2640,4140,500  2770,4390,2500  2900,4340,1700  3190,4330,1100  
!------------------------------------------------------------------------
!Recharging stations: x,y
2600,3750  2610,3840  3040,3820  2760,4580  3300,4320  3120,4580  