!----------------------------------------------------------------
!Stores: (first: depot x,y; then: satellites x,y,maxCap)
2920,4950   2930,4210,29370   3140,3940,29370
!----------------------------------------------------------------
!Trucks: (total#, cap, cost/dist, fixcost)
1,14450,1,128   1,20000,1,150   1,26450,1,172
!----------------------------------------------------------------
!CityFreighters: (max cf/sat, total#, cap, cost/dist, fixcost, maxCharge, energyConsumption)
1,1,5780,1,68,527,1   2,2,8000,1,80,730,1   1,1,10580,1,92,965,1
!----------------------------------------------------------------
!Customers: (x, y, demand, readyTime, dueDate, serviceTime, penalizationCost)
2930,4210,1600,2485,3429,484,2   3140,3940,1300,0,630,394,2   2960,4180,450,2812,3090,136,2   3210,3910,400,3193,3433,121,3   2980,4270,700,496,922,212,1   3210,3980,300,671,887,91,3   2970,4100,550,1717,2041,166,1   3140,4060,200,2606,2730,61,5   3040,4270,250,3056,3198,76,4   3150,4070,650,1200,1674,197,5   2900,4340,1700,344,1278,515,5   3040,3820,750,1145,1627,227,1   3130,3780,700,1673,2237,212,2   2830,4060,4000,0,2212,1211,2   2950,4020,1400,787,1421,424,4
!----------------------------------------------------------------
!Recharge stations: x,y
2930,4210   3140,3940   2810,4140   3320,4580

g inverse recharge rate 0.42