!----------------------------------------------------------------
!Stores: (first: depot x,y; then: satellites x,y,maxCap)
2600,3750   2950,4020,29370   2710,4010,29370
!----------------------------------------------------------------
!Trucks: (total#, cap, cost/dist, fixcost)
1,14450,1,128   1,20000,1,150   1,26450,1,172
!----------------------------------------------------------------
!CityFreighters: (max cf/sat, total#, cap, cost/dist, fixcost, maxCharge, energyConsumption)
1,1,5780,1,68,845,1   2,2,8000,1,80,1170,1   1,1,10580,1,92,1547,1
!----------------------------------------------------------------
!Customers: (x, y, demand, readyTime, dueDate, serviceTime, penalizationCost)
2950,4020,1400,2739,3943,498,3   2710,4010,1000,2450,3152,356,1   2970,4100,550,3112,3482,196,5   2790,3990,600,1251,1665,213,2   2830,4060,4000,0,1586,1422,5   2640,4140,500,880,1258,178,3   2960,4180,450,1520,1760,160,4   2930,4210,1600,1448,2542,569,3   3140,4060,200,3703,3851,71,5   2610,3840,700,2403,2879,249,2   3150,4070,650,934,1504,231,1   3140,3940,1300,2940,3896,462,4   3040,3820,750,951,1417,267,3   2980,4270,700,1879,2301,249,5   3210,3980,300,324,468,107,2
!----------------------------------------------------------------
!Recharge stations: x,y
2950,4020   2710,4010   2680,4220   2930,4300

g inverse recharge rate 0.31