!----------------------------------------------------------------
!Stores: (first: depot x,y; then: satellites x,y,maxCap)
2920,4950   3090,4450,29370   3040,4270,29370
!----------------------------------------------------------------
!Trucks: (total#, cap, cost/dist, fixcost)
1,14450,1,128   1,20000,1,150   1,26450,1,172
!----------------------------------------------------------------
!CityFreighters: (max cf/sat, total#, cap, cost/dist, fixcost, maxCharge, energyConsumption)
1,1,5780,1,68,657,1   2,2,8000,1,80,910,1   1,1,10580,1,92,1203,1
!----------------------------------------------------------------
!Customers: (x, y, demand, readyTime, dueDate, serviceTime, penalizationCost)
3090,4450,400,1736,2000,113,4   3040,4270,250,2407,2545,71,4   3110,4420,150,760,856,43,5   2980,4270,700,2952,3246,198,4   3140,4350,1500,640,1408,425,1   2960,4180,450,533,723,128,1   3200,4390,40,1010,1042,11,4   2930,4210,1600,0,863,454,5   3210,4370,80,476,532,23,4   3220,4370,2000,1318,2402,567,2   3190,4330,1100,1330,1762,312,3   2900,4340,1700,1659,2457,482,1   3230,4330,900,2067,2475,255,3   2970,4100,550,816,1116,156,5   3070,4640,400,803,1085,113,1
!----------------------------------------------------------------
!Recharge stations: x,y
3090,4450   3040,4270   2950,4050   2610,4640

g inverse recharge rate 0.31