!----------------------------------------------------------------
!Stores: (first: depot x,y; then: satellites x,y,maxCap)
2600,3750   3140,4060,29370   2830,4060,29370
!----------------------------------------------------------------
!Trucks: (total#, cap, cost/dist, fixcost)
1,14450,1,128   1,20000,1,150   1,26450,1,172
!----------------------------------------------------------------
!CityFreighters: (max cf/sat, total#, cap, cost/dist, fixcost, maxCharge, energyConsumption)
1,1,5780,1,68,571,1   2,2,8000,1,80,790,1   1,1,10580,1,92,1045,1
!----------------------------------------------------------------
!Customers: (x, y, demand, readyTime, dueDate, serviceTime, penalizationCost)
3140,4060,200,2085,2175,61,5   2830,4060,4000,771,2551,1225,3   3150,4070,650,2978,3276,199,4   2790,3990,600,162,476,184,2   3210,3980,300,2548,2688,92,4   3140,3940,1300,2349,3217,398,4   2950,4020,1400,1796,2794,429,1   2710,4010,1000,2703,3305,306,5   2970,4100,550,2936,3318,168,2   3210,3910,400,206,500,123,4   2960,4180,450,2785,3109,138,2   2930,4210,1600,1471,2469,490,4   2640,4140,500,2715,3031,153,2   3040,4270,250,1264,1414,77,2   3230,4290,750,2136,2512,230,3
!----------------------------------------------------------------
!Recharge stations: x,y
3140,4060   2830,4060   2970,4340   2600,3750

g inverse recharge rate 0.39