!----------------------------------------------------------------
!Stores: (first: depot x,y; then: satellites x,y,maxCap)
1250,1750   1290,1890,22500
!----------------------------------------------------------------
!Trucks: (total#, cap, cost/dist, fixcost)
1,10837,1,128   1,15000,1,150   1,19837,1,172
!----------------------------------------------------------------
!CityFreighters: (max cf/sat, total#, cap, cost/dist, fixcost, maxCharge, energyConsumption)
1,1,4335,1,68,816,1   2,2,6000,1,80,1130,1   1,1,7935,1,92,1494,1
!----------------------------------------------------------------
!Customers: (x, y, demand, readyTime, dueDate, serviceTime, penalizationCost)
1290,1890,2500,1969,2971,799,2   1390,1820,700,3200,3318,224,3   1470,1930,1000,1859,2619,320,5   1410,2060,2100,1969,3075,671,2   1290,2140,1300,1377,2067,416,2   1460,2080,300,882,990,96,4   1550,1850,1800,1125,2595,576,3   1640,1930,900,697,1205,288,3   1560,2170,1300,0,781,416,3   1640,2080,900,1825,2431,288,4
!----------------------------------------------------------------
!Recharge stations: x,y
1290,1890   1250,1750   1470,1930

g inverse recharge rate 0.33