!----------------------------------------------------------------
!Stores: (first: depot x,y; then: satellites x,y,maxCap)
1250,1750   1290,1890,22500   1390,1820,22500
!----------------------------------------------------------------
!Trucks: (total#, cap, cost/dist, fixcost)
1,10837,1,128   1,15000,1,150   1,19837,1,172
!----------------------------------------------------------------
!CityFreighters: (max cf/sat, total#, cap, cost/dist, fixcost, maxCharge, energyConsumption)
1,1,4335,1,68,636,1   2,2,6000,1,80,880,1   1,1,7935,1,92,1164,1
!----------------------------------------------------------------
!Customers: (x, y, demand, readyTime, dueDate, serviceTime, penalizationCost)
1290,1890,2500,0,1317,888,3   1390,1820,700,1346,1874,249,3   1470,1930,1000,2684,3498,355,5   1550,1850,1800,146,1256,639,1   1410,2060,2100,2741,4219,746,3   1290,2140,1300,3635,4535,462,1   1460,2080,300,812,1086,107,5   1640,1930,900,1392,1964,320,4   1640,2080,900,2401,3023,320,1   1560,2170,1300,3620,4278,462,2   1280,2310,1200,2773,3435,426,5   1480,2320,600,3564,4148,213,3   1420,2390,100,3039,3107,36,2   1630,2360,500,1109,1433,178,2   1460,2460,400,2127,2555,142,1
!----------------------------------------------------------------
!Recharge stations: x,y
1250,1750   1290,1890   1390,1820   1510,2650

g inverse recharge rate 0.48