!----------------------------------------------------------------
!Stores: (first: depot x,y; then: satellites x,y,maxCap)
1250,1750   1470,1930,22500
!----------------------------------------------------------------
!Trucks: (total#, cap, cost/dist, fixcost)
1,10837,1,128   1,15000,1,150   1,19837,1,172
!----------------------------------------------------------------
!CityFreighters: (max cf/sat, total#, cap, cost/dist, fixcost, maxCharge, energyConsumption)
1,1,4335,1,68,448,1   2,2,6000,1,80,620,1   1,1,7935,1,92,820,1
!----------------------------------------------------------------
!Customers: (x, y, demand, readyTime, dueDate, serviceTime, penalizationCost)
1470,1930,1000,2110,2642,277,5   1550,1850,1800,1411,2499,498,4   1390,1820,700,1600,1894,194,1   1410,2060,2100,218,1452,581,5   1460,2080,300,3287,3483,83,2   1640,1930,900,692,1214,249,3   1290,1890,2500,519,2059,692,3   1640,2080,900,2072,2738,249,1   1560,2170,1300,2167,2851,360,5   1290,2140,1300,0,776,360,2
!----------------------------------------------------------------
!Recharge stations: x,y
1470,1930   1290,2140   1250,1750

g inverse recharge rate 0.53