!----------------------------------------------------------------
!Stores: (first: depot x,y; then: satellites x,y,maxCap)
2600,3750   2610,3840,29370
!----------------------------------------------------------------
!Trucks: (total#, cap, cost/dist, fixcost)
1,14450,1,128   1,20000,1,150   1,26450,1,172
!----------------------------------------------------------------
!CityFreighters: (max cf/sat, total#, cap, cost/dist, fixcost, maxCharge, energyConsumption)
1,1,5780,1,68,607,1   2,2,8000,1,80,840,1   1,1,10580,1,92,1111,1
!----------------------------------------------------------------
!Customers: (x, y, demand, readyTime, dueDate, serviceTime, penalizationCost)
2610,3840,700,2632,3278,336,2   2710,4010,1000,3567,4305,480,3   2790,3990,600,4235,4917,288,1   2640,4140,500,774,1154,240,1   2830,4060,4000,0,2708,1922,5   2950,4020,1400,3387,4347,673,5   3040,3820,750,1742,2458,360,1   2970,4100,550,4607,5079,264,5   2960,4180,450,3655,4099,216,5   2930,4210,1600,3320,4204,769,2
!----------------------------------------------------------------
!Recharge stations: x,y
2610,3840   2600,3750   3040,3820

g inverse recharge rate 0.58