!----------------------------------------------------------------
!Stores: (first: depot x,y; then: satellites x,y,maxCap)
2600,3750   2610,3840,29370   3140,3940,29370
!----------------------------------------------------------------
!Trucks: (total#, cap, cost/dist, fixcost)
1,14450,1,128   1,20000,1,150   1,26450,1,172
!----------------------------------------------------------------
!CityFreighters: (max cf/sat, total#, cap, cost/dist, fixcost, maxCharge, energyConsumption)
1,1,5780,1,68,585,1   2,2,8000,1,80,810,1   1,1,10580,1,92,1071,1
!----------------------------------------------------------------
!Customers: (x, y, demand, readyTime, dueDate, serviceTime, penalizationCost)
2610,3840,700,3005,3455,312,3   3140,3940,1300,3035,4291,580,3   3210,3910,400,3937,4329,178,4   3210,3980,300,3972,4138,134,3   3140,4060,200,4430,4628,89,5   3150,4070,650,4434,5176,290,2   3040,3820,750,1895,2435,334,3   3130,3780,700,3080,3736,312,4   2710,4010,1000,444,996,446,1   2950,4020,1400,3060,4506,624,4   2970,4100,550,4034,4712,245,1   2790,3990,600,907,1199,267,2   2960,4180,450,1647,2029,201,4   2640,4140,500,4271,4697,223,3   2830,4060,4000,0,3166,1783,2
!----------------------------------------------------------------
!Recharge stations: x,y
2610,3840   3140,3940   2600,3750   3060,4360

g inverse recharge rate 0.56