!----------------------------------------------------------------
!Stores: (first: depot x,y; then: satellites x,y,maxCap)
1450,2150   1480,2320,22500   1460,2080,22500
!----------------------------------------------------------------
!Trucks: (total#, cap, cost/dist, fixcost)
1,10837,1,128   1,15000,1,150   1,19837,1,172
!----------------------------------------------------------------
!CityFreighters: (max cf/sat, total#, cap, cost/dist, fixcost, maxCharge, energyConsumption)
1,1,4335,1,68,419,1   2,2,6000,1,80,580,1   1,1,7935,1,92,767,1
!----------------------------------------------------------------
!Customers: (x, y, demand, readyTime, dueDate, serviceTime, penalizationCost)
1480,2320,600,1881,2169,135,2   1460,2080,300,1033,1169,67,1   1410,2060,2100,346,1306,471,3   1420,2390,100,2925,2971,22,1   1560,2170,1300,0,620,292,2   1460,2460,400,348,458,90,3   1470,1930,1000,2113,2577,224,4   1630,2360,500,2460,2598,112,4   1610,2420,800,469,821,180,4   1290,2140,1300,2080,2650,292,4   1640,2080,900,789,1251,202,4   1280,2310,1200,1417,1913,269,2   1630,2470,2100,1060,1698,471,1   1640,1930,900,1515,1881,202,1   1550,1850,1800,1563,2215,404,1
!----------------------------------------------------------------
!Recharge stations: x,y
1450,2150   1480,2320   1460,2080   1600,2500

g inverse recharge rate 0.46