!----------------------------------------------------------------
!Stores: (first: depot x,y; then: satellites x,y,maxCap)
2920,4950   3220,4370,29370   2950,4020,29370
!----------------------------------------------------------------
!Trucks: (total#, cap, cost/dist, fixcost)
1,14450,1,128   1,20000,1,150   1,26450,1,172
!----------------------------------------------------------------
!CityFreighters: (max cf/sat, total#, cap, cost/dist, fixcost, maxCharge, energyConsumption)
1,1,5780,1,68,600,1   2,2,8000,1,80,830,1   1,1,10580,1,92,1098,1
!----------------------------------------------------------------
!Customers: (x, y, demand, readyTime, dueDate, serviceTime, penalizationCost)
3220,4370,2000,2091,3335,599,1   2950,4020,1400,1972,2668,419,5   3210,4370,80,2368,2408,24,1   3200,4390,40,2551,2573,12,4   3230,4330,900,1339,1939,270,5   3240,4330,600,2015,2301,180,3   3190,4330,1100,607,1139,329,1   3230,4290,750,1111,1623,225,1   3140,4350,1500,1362,2306,449,5   2970,4100,550,224,502,165,5   3110,4420,150,1941,2019,45,1   2830,4060,4000,0,1983,1198,4   3090,4450,400,2083,2329,120,4   2960,4180,450,2388,2704,135,1   2790,3990,600,246,636,180,5
!----------------------------------------------------------------
!Recharge stations: x,y
3220,4370   2950,4020   2900,3810   2940,4300

g inverse recharge rate 0.36