!----------------------------------------------------------------
!Stores: (first: depot x,y; then: satellites x,y,maxCap)
2920,4950   2980,4270,29370
!----------------------------------------------------------------
!Trucks: (total#, cap, cost/dist, fixcost)
1,14450,1,128   1,20000,1,150   1,26450,1,172
!----------------------------------------------------------------
!CityFreighters: (max cf/sat, total#, cap, cost/dist, fixcost, maxCharge, energyConsumption)
1,1,5780,1,68,831,1   2,2,8000,1,80,1150,1   1,1,10580,1,92,1521,1
!----------------------------------------------------------------
!Customers: (x, y, demand, readyTime, dueDate, serviceTime, penalizationCost)
2980,4270,700,562,1120,195,1   3040,4270,250,2398,2566,70,3   2930,4210,1600,196,1036,445,4   2960,4180,450,1236,1388,125,2   2900,4340,1700,175,1169,473,1   2970,4100,550,2166,2428,153,3   3140,4350,1500,1331,2055,417,2   3110,4420,150,501,587,42,2   3090,4450,400,2617,2867,111,1   3190,4330,1100,2373,3073,306,5
!----------------------------------------------------------------
!Recharge stations: x,y
2980,4270   2920,4390   3240,4330

g inverse recharge rate 0.24