!----------------------------------------------------------------
!Stores: (first: depot x,y; then: satellites x,y,maxCap)
2920,4950   3070,4640,29370   2970,4100,29370
!----------------------------------------------------------------
!Trucks: (total#, cap, cost/dist, fixcost)
1,14450,1,128   1,20000,1,150   1,26450,1,172
!----------------------------------------------------------------
!CityFreighters: (max cf/sat, total#, cap, cost/dist, fixcost, maxCharge, energyConsumption)
1,1,5780,1,68,585,1   2,2,8000,1,80,810,1   1,1,10580,1,92,1071,1
!----------------------------------------------------------------
!Customers: (x, y, demand, readyTime, dueDate, serviceTime, penalizationCost)
3070,4640,400,1953,2275,145,1   2970,4100,550,2163,2467,199,5   2960,4180,450,524,804,163,3   2950,4020,1400,1246,2374,506,5   2930,4210,1600,217,1673,578,3   2830,4060,4000,59,1361,1445,1   2980,4270,700,2250,2914,253,4   3140,4060,200,846,984,72,3   3150,4070,650,2414,2686,235,1   3040,4270,250,562,692,90,5   3090,4450,400,1579,1913,145,4   2790,3990,600,3419,3913,217,3   3110,4420,150,2801,2943,54,4   3140,3940,1300,2176,3346,470,3   2900,4340,1700,1581,3197,614,1
!----------------------------------------------------------------
!Recharge stations: x,y
3070,4640   2970,4100   2990,4010   2750,4200

g inverse recharge rate 0.45