!----------------------------------------------------------------
!Stores: (first: depot x,y; then: satellites x,y,maxCap)
1450,2150   1560,2170,22500   1410,2060,22500
!----------------------------------------------------------------
!Trucks: (total#, cap, cost/dist, fixcost)
1,10837,1,128   1,15000,1,150   1,19837,1,172
!----------------------------------------------------------------
!CityFreighters: (max cf/sat, total#, cap, cost/dist, fixcost, maxCharge, energyConsumption)
1,1,4335,1,68,614,1   2,2,6000,1,80,850,1   1,1,7935,1,92,1124,1
!----------------------------------------------------------------
!Customers: (x, y, demand, readyTime, dueDate, serviceTime, penalizationCost)
1560,2170,1300,113,831,306,1   1410,2060,2100,2117,2951,494,5   1460,2080,300,536,672,71,3   1640,2080,900,1412,1600,212,1   1470,1930,1000,319,645,235,2   1290,2140,1300,385,1103,306,3   1480,2320,600,158,342,141,2   1630,2360,500,910,1128,118,5   1290,1890,2500,757,1863,588,3   1390,1820,700,1805,2157,165,2   1550,1850,1800,2018,2858,423,5   1640,1930,900,385,887,212,3   1610,2420,800,2657,2943,188,2   1420,2390,100,1233,1287,24,3   1280,2310,1200,1085,1709,282,4
!----------------------------------------------------------------
!Recharge stations: x,y
1450,2150   1560,2170   1410,2060   1250,2490

g inverse recharge rate 0.33