!----------------------------------------------------------------
!Stores: (first: depot x,y; then: satellites x,y,maxCap)
1450,2150   1460,2460,22500   1470,1930,22500
!----------------------------------------------------------------
!Trucks: (total#, cap, cost/dist, fixcost)
1,10837,1,128   1,15000,1,150   1,19837,1,172
!----------------------------------------------------------------
!CityFreighters: (max cf/sat, total#, cap, cost/dist, fixcost, maxCharge, energyConsumption)
1,1,4335,1,68,340,1   2,2,6000,1,80,470,1   1,1,7935,1,92,622,1
!----------------------------------------------------------------
!Customers: (x, y, demand, readyTime, dueDate, serviceTime, penalizationCost)
1460,2460,400,170,392,108,4   1470,1930,1000,860,1278,270,5   1420,2390,100,1234,1298,27,2   1550,1850,1800,206,1694,487,5   1390,1820,700,887,1233,189,4   1480,2320,600,2442,2756,162,3   1410,2060,2100,0,915,568,3   1460,2080,300,2401,2545,81,1   1610,2420,800,2520,2912,216,5   1630,2470,2100,1238,2434,568,5   1640,1930,900,1409,1799,243,4   1300,2540,800,1958,2390,216,2   1290,1890,2500,1475,3001,676,5   1510,2640,1100,2518,3020,298,3   1280,2520,1400,976,1854,379,5
!----------------------------------------------------------------
!Recharge stations: x,y
1450,2150   1460,2460   1470,1930   1200,2430

g inverse recharge rate 0.68