!----------------------------------------------------------------
!Stores: (first: depot x,y; then: satellites x,y,maxCap)
2600,3750   2830,4060,29370
!----------------------------------------------------------------
!Trucks: (total#, cap, cost/dist, fixcost)
1,14450,1,128   1,20000,1,150   1,26450,1,172
!----------------------------------------------------------------
!CityFreighters: (max cf/sat, total#, cap, cost/dist, fixcost, maxCharge, energyConsumption)
1,1,5780,1,68,571,1   2,2,8000,1,80,790,1   1,1,10580,1,92,1045,1
!----------------------------------------------------------------
!Customers: (x, y, demand, readyTime, dueDate, serviceTime, penalizationCost)
2830,4060,4000,771,2551,1225,3   2790,3990,600,162,476,184,2   2950,4020,1400,1796,2794,429,1   2710,4010,1000,2703,3305,306,5   2970,4100,550,2936,3318,168,2   2960,4180,450,2785,3109,138,2   2930,4210,1600,1471,2469,490,4   2640,4140,500,2715,3031,153,2   2980,4270,700,242,628,214,1   2900,4340,1700,2369,2919,521,5
!----------------------------------------------------------------
!Recharge stations: x,y
2830,4060   3140,4060   2970,4340

g inverse recharge rate 0.39