!----------------------------------------------------------------
!Stores: (first: depot x,y; then: satellites x,y)
1450,2150   1460,2460   1470,1930
!----------------------------------------------------------------
!Trucks: (total#, cap, cost/dist, fixcost)
1,9600,1,120   1,15000,1,150   1,21600,1,180
!----------------------------------------------------------------
!CityFreighters: (max cf/sat, total#, cap, cost/dist, fixcost, maxCharge, energyConsumption)
1,1,3840,1,64,301,1   2,2,6000,1,80,470,1   1,1,8640,1,96,677,1
!----------------------------------------------------------------
!Customers: (x, y, demand, readyTime, dueDate, serviceTime, penalizationCost)
1390,1820,700,1609,2027,189,1   1290,1890,2500,1153,2535,676,1   1470,1930,1000,2941,3449,270,1   1550,1850,1800,594,1436,487,1   1410,2060,2100,1348,2694,568,1   1460,2080,300,2411,2581,81,1   1640,1930,900,1175,1685,243,1   1290,2140,1300,190,908,352,1   1640,2080,900,2744,3270,243,1   1560,2170,1300,798,1418,352,1   1280,2310,1200,1675,2495,325,1   1480,2320,600,232,562,162,1   1420,2390,100,1184,1238,27,1   1630,2360,500,2626,2864,135,1   1610,2420,800,812,1266,216,1
!----------------------------------------------------------------
!Recharge stations: x,y
1450,2150   1460,2460   1470,1930   1200,2430

g inverse recharge rate 3
T min departure time 0
