!----------------------------------------------------------------
!Stores: (first: depot x,y; then: satellites x,y)
1450,2150   1630,2360
!----------------------------------------------------------------
!Trucks: (total#, cap, cost/dist, fixcost)
1,9600,1,120   1,15000,1,150   1,21600,1,180
!----------------------------------------------------------------
!CityFreighters: (max cf/sat, total#, cap, cost/dist, fixcost, maxCharge, energyConsumption)
1,1,3840,1,64,512,1   2,2,6000,1,80,800,1   1,1,8640,1,96,1152,1
!----------------------------------------------------------------
!Customers: (x, y, demand, readyTime, dueDate, serviceTime, penalizationCost)
1630,2360,500,1312,1640,150,1   1610,2420,800,3067,3653,239,1   1630,2470,2100,1495,2663,628,1   1480,2320,600,3140,3552,180,1   1460,2460,400,1633,1881,120,1   1560,2170,1300,1408,2186,389,1   1420,2390,100,2704,2776,30,1   1590,2610,700,2485,2769,209,1   1640,2080,900,1369,1913,269,1   1510,2640,1100,1852,2544,329,1
!----------------------------------------------------------------
!Recharge stations: x,y
1450,2150   1630,2360   1510,1870

g inverse recharge rate 2
T min departure time 0
