!----------------------------------------------------------------
!Stores: (first: depot x,y; then: satellites x,y)
1250,1750   1290,2140   1460,2080
!----------------------------------------------------------------
!Trucks: (total#, cap, cost/dist, fixcost)
1,9600,1,120   1,15000,1,150   1,21600,1,180
!----------------------------------------------------------------
!CityFreighters: (max cf/sat, total#, cap, cost/dist, fixcost, maxCharge, energyConsumption)
1,1,3840,1,64,422,1   2,2,6000,1,80,660,1   1,1,8640,1,96,950,1
!----------------------------------------------------------------
!Customers: (x, y, demand, readyTime, dueDate, serviceTime, penalizationCost)
1390,1820,700,2806,3118,173,1   1290,1890,2500,1220,2248,619,1   1470,1930,1000,2387,2847,248,1   1550,1850,1800,725,1699,446,1   1410,2060,2100,0,598,520,1   1460,2080,300,2801,2957,74,1   1640,1930,900,1497,1887,223,1   1290,2140,1300,1682,2374,322,1   1640,2080,900,302,708,223,1   1560,2170,1300,691,1269,322,1   1280,2310,1200,751,1423,297,1   1480,2320,600,2813,3057,149,1   1420,2390,100,2327,2375,25,1   1630,2360,500,637,891,124,1   1610,2420,800,714,1134,198,1
!----------------------------------------------------------------
!Recharge stations: x,y
1250,1750   1290,2140   1460,2080   1440,2630

g inverse recharge rate 2
T min departure time 0
