!----------------------------------------------------------------
!Stores: (first: depot x,y; then: satellites x,y)
1250,1750   1410,2060
!----------------------------------------------------------------
!Trucks: (total#, cap, cost/dist, fixcost)
1,9600,1,120   1,15000,1,150   1,21600,1,180
!----------------------------------------------------------------
!CityFreighters: (max cf/sat, total#, cap, cost/dist, fixcost, maxCharge, energyConsumption)
1,1,3840,1,64,390,1   2,2,6000,1,80,610,1   1,1,8640,1,96,878,1
!----------------------------------------------------------------
!Customers: (x, y, demand, readyTime, dueDate, serviceTime, penalizationCost)
1410,2060,2100,727,2085,531,1   1460,2080,300,2126,2272,76,1   1470,1930,1000,112,716,253,1   1290,2140,1300,1502,2110,329,1   1560,2170,1300,431,1115,329,1   1290,1890,2500,63,871,632,1   1640,2080,900,2216,2692,227,1   1390,1820,700,1121,1495,177,1   1550,1850,1800,2019,2959,455,1   1640,1930,900,186,514,227,1
!----------------------------------------------------------------
!Recharge stations: x,y
1410,2060   1290,2140   1460,2340

g inverse recharge rate 2
T min departure time 0
