!----------------------------------------------------------------
!Stores: (first: depot x,y; then: satellites x,y)
1450,2150   1480,2320
!----------------------------------------------------------------
!Trucks: (total#, cap, cost/dist, fixcost)
1,9600,1,120   1,15000,1,150   1,21600,1,180
!----------------------------------------------------------------
!CityFreighters: (max cf/sat, total#, cap, cost/dist, fixcost, maxCharge, energyConsumption)
1,1,3840,1,64,371,1   2,2,6000,1,80,580,1   1,1,8640,1,96,835,1
!----------------------------------------------------------------
!Customers: (x, y, demand, readyTime, dueDate, serviceTime, penalizationCost)
1630,2360,500,1424,1648,112,1   1610,2420,800,445,777,180,1   1630,2470,2100,1686,2316,471,1   1480,2320,600,98,334,135,1   1460,2460,400,2187,2371,90,1   1560,2170,1300,1099,1651,292,1   1420,2390,100,754,794,22,1   1590,2610,700,822,1134,157,1   1640,2080,900,775,1125,202,1   1510,2640,1100,896,1328,247,1
!----------------------------------------------------------------
!Recharge stations: x,y
1450,2150   1460,2080   1480,2320

g inverse recharge rate 2
T min departure time 0
