!----------------------------------------------------------------
!Stores: (first: depot x,y; then: satellites x,y)
1250,1750   1460,2080
!----------------------------------------------------------------
!Trucks: (total#, cap, cost/dist, fixcost)
1,9600,1,120   1,15000,1,150   1,21600,1,180
!----------------------------------------------------------------
!CityFreighters: (max cf/sat, total#, cap, cost/dist, fixcost, maxCharge, energyConsumption)
1,1,3840,1,64,653,1   2,2,6000,1,80,1020,1   1,1,8640,1,96,1469,1
!----------------------------------------------------------------
!Customers: (x, y, demand, readyTime, dueDate, serviceTime, penalizationCost)
1630,2360,500,665,829,145,1   1610,2420,800,1303,1705,233,1   1630,2470,2100,2135,3087,610,1   1480,2320,600,2322,2662,174,1   1460,2460,400,2332,2474,116,1   1560,2170,1300,2457,3343,378,1   1420,2390,100,2627,2683,29,1   1590,2610,700,625,1041,203,1   1640,2080,900,3140,3638,262,1   1510,2640,1100,641,1249,320,1
!----------------------------------------------------------------
!Recharge stations: x,y
1250,1750   1290,1890   1460,2080

g inverse recharge rate 1
T min departure time 0
