!----------------------------------------------------------------
!Stores: (first: depot x,y; then: satellites x,y)
1250,1750   1470,1930
!----------------------------------------------------------------
!Trucks: (total#, cap, cost/dist, fixcost)
1,9600,1,120   1,15000,1,150   1,21600,1,180
!----------------------------------------------------------------
!CityFreighters: (max cf/sat, total#, cap, cost/dist, fixcost, maxCharge, energyConsumption)
1,1,3840,1,64,723,1   2,2,6000,1,80,1130,1   1,1,8640,1,96,1627,1
!----------------------------------------------------------------
!Customers: (x, y, demand, readyTime, dueDate, serviceTime, penalizationCost)
1630,2360,500,2440,2802,160,1   1610,2420,800,983,1463,256,1   1630,2470,2100,733,2117,671,1   1480,2320,600,2925,3283,192,1   1460,2460,400,1052,1272,128,1   1560,2170,1300,0,788,416,1   1420,2390,100,1467,1535,32,1   1590,2610,700,2545,3007,224,1   1640,2080,900,2293,2973,288,1   1510,2640,1100,2054,2928,352,1
!----------------------------------------------------------------
!Recharge stations: x,y
1250,1750   1290,1890   1470,1930

g inverse recharge rate 1
T min departure time 0
