!----------------------------------------------------------------
!Stores: (first: depot x,y; then: satellites x,y)
1250,1750   1290,1890
!----------------------------------------------------------------
!Trucks: (total#, cap, cost/dist, fixcost)
1,9600,1,120   1,15000,1,150   1,21600,1,180
!----------------------------------------------------------------
!CityFreighters: (max cf/sat, total#, cap, cost/dist, fixcost, maxCharge, energyConsumption)
1,1,3840,1,64,563,1   2,2,6000,1,80,880,1   1,1,8640,1,96,1267,1
!----------------------------------------------------------------
!Customers: (x, y, demand, readyTime, dueDate, serviceTime, penalizationCost)
1630,2360,500,1690,2002,178,1   1610,2420,800,3312,3898,284,1   1630,2470,2100,1818,3184,746,1   1480,2320,600,2778,3208,213,1   1460,2460,400,4063,4317,142,1   1560,2170,1300,1743,2505,462,1   1420,2390,100,3743,3799,36,1   1590,2610,700,3548,3974,249,1   1640,2080,900,1826,2410,320,1   1510,2640,1100,3411,4075,391,1
!----------------------------------------------------------------
!Recharge stations: x,y
1250,1750   1290,1890   1390,1820

g inverse recharge rate 2
T min departure time 0
