!----------------------------------------------------------------
!Stores: (first: depot x,y; then: satellites x,y)
2920,4950   2930,4210
!----------------------------------------------------------------
!Trucks: (total#, cap, cost/dist, fixcost)
1,12800,1,120   1,20000,1,150   1,28800,1,180
!----------------------------------------------------------------
!CityFreighters: (max cf/sat, total#, cap, cost/dist, fixcost, maxCharge, energyConsumption)
1,1,5120,1,64,467,1   2,2,8000,1,80,730,1   1,1,11520,1,96,1051,1
!----------------------------------------------------------------
!Customers: (x, y, demand, readyTime, dueDate, serviceTime, penalizationCost)
3150,4070,650,2338,2736,197,1   3140,4060,200,3077,3215,61,1   3210,3980,300,1349,1527,91,1   3140,3940,1300,1862,2562,394,1   3210,3910,400,1070,1300,121,1   2970,4100,550,2286,2656,166,1   2950,4020,1400,664,1492,424,1   2960,4180,450,546,788,136,1   3040,4270,250,694,836,76,1   3230,4290,750,2019,2379,227,1
!----------------------------------------------------------------
!Recharge stations: x,y
2920,4950   3320,4580   2930,4210

g inverse recharge rate 2
T min departure time 0
