!----------------------------------------------------------------
!Stores: (first: depot x,y; then: satellites x,y)
2920,4950   2980,4270   3240,4330
!----------------------------------------------------------------
!Trucks: (total#, cap, cost/dist, fixcost)
1,12800,1,120   1,20000,1,150   1,28800,1,180
!----------------------------------------------------------------
!CityFreighters: (max cf/sat, total#, cap, cost/dist, fixcost, maxCharge, energyConsumption)
1,1,5120,1,64,736,1   2,2,8000,1,80,1150,1   1,1,11520,1,96,1656,1
!----------------------------------------------------------------
!Customers: (x, y, demand, readyTime, dueDate, serviceTime, penalizationCost)
3090,4450,400,502,668,111,1   3110,4420,150,1030,1098,42,1   3140,4350,1500,209,1027,417,1   3200,4390,40,2376,2398,11,1   3210,4370,80,1372,1418,22,1   3220,4370,2000,214,1548,557,1   3190,4330,1100,12,678,306,1   3230,4330,900,1563,2141,250,1   3040,4270,250,1211,1335,70,1   3070,4640,400,381,599,111,1   3240,4330,600,265,603,167,1   2980,4270,700,2360,2776,195,1   3230,4290,750,2138,2618,209,1   2900,4340,1700,106,1042,473,1   2930,4210,1600,113,821,445,1
!----------------------------------------------------------------
!Recharge stations: x,y
2920,4950   2920,4390   2980,4270   3240,4330

g inverse recharge rate 1
T min departure time 0
