!----------------------------------------------------------------
!Stores: (first: depot x,y; then: satellites x,y)
2920,4950   3070,4640   2970,4100
!----------------------------------------------------------------
!Trucks: (total#, cap, cost/dist, fixcost)
1,12800,1,120   1,20000,1,150   1,28800,1,180
!----------------------------------------------------------------
!CityFreighters: (max cf/sat, total#, cap, cost/dist, fixcost, maxCharge, energyConsumption)
1,1,5120,1,64,518,1   2,2,8000,1,80,810,1   1,1,11520,1,96,1166,1
!----------------------------------------------------------------
!Customers: (x, y, demand, readyTime, dueDate, serviceTime, penalizationCost)
3070,4640,400,187,379,145,1   2970,4100,550,1717,2045,199,1   2960,4180,450,2349,2703,163,1   2950,4020,1400,1535,2641,506,1   2930,4210,1600,841,2247,578,1   2830,4060,4000,94,3132,1445,1   2980,4270,700,2200,2784,253,1   3140,4060,200,551,701,72,1   3150,4070,650,202,662,235,1   3040,4270,250,260,450,90,1   3090,4450,400,1962,2310,145,1   2790,3990,600,2757,3201,217,1   3110,4420,150,1132,1262,54,1   3140,3940,1300,2674,3524,470,1   2900,4340,1700,749,1825,614,1
!----------------------------------------------------------------
!Recharge stations: x,y
3070,4640   2970,4100   2990,4010   2750,4200

g inverse recharge rate 2
T min departure time 0
