!----------------------------------------------------------------
!Stores: (first: depot x,y; then: satellites x,y)
2920,4950   3070,4640
!----------------------------------------------------------------
!Trucks: (total#, cap, cost/dist, fixcost)
1,12800,1,120   1,20000,1,150   1,28800,1,180
!----------------------------------------------------------------
!CityFreighters: (max cf/sat, total#, cap, cost/dist, fixcost, maxCharge, energyConsumption)
1,1,5120,1,64,518,1   2,2,8000,1,80,810,1   1,1,11520,1,96,1166,1
!----------------------------------------------------------------
!Customers: (x, y, demand, readyTime, dueDate, serviceTime, penalizationCost)
3070,4640,400,187,379,145,1   3090,4450,400,1962,2310,145,1   3110,4420,150,1132,1262,54,1   3200,4390,40,841,869,14,1   3140,4350,1500,2312,3144,542,1   3210,4370,80,2310,2368,29,1   3220,4370,2000,0,1206,723,1   3360,4750,1200,1523,2521,434,1   3190,4330,1100,886,1550,397,1   2900,4340,1700,749,1825,614,1
!----------------------------------------------------------------
!Recharge stations: x,y
3070,4640   2920,4950   2750,4200

g inverse recharge rate 2
T min departure time 0
