!----------------------------------------------------------------
!Stores: (first: depot x,y; then: satellites x,y)
2920,4950   3220,4370   2950,4020
!----------------------------------------------------------------
!Trucks: (total#, cap, cost/dist, fixcost)
1,12800,1,120   1,20000,1,150   1,28800,1,180
!----------------------------------------------------------------
!CityFreighters: (max cf/sat, total#, cap, cost/dist, fixcost, maxCharge, energyConsumption)
1,1,5120,1,64,531,1   2,2,8000,1,80,830,1   1,1,11520,1,96,1195,1
!----------------------------------------------------------------
!Customers: (x, y, demand, readyTime, dueDate, serviceTime, penalizationCost)
3090,4450,400,1238,1504,120,1   3110,4420,150,300,390,45,1   3140,4350,1500,1698,2544,449,1   3200,4390,40,1036,1060,12,1   3210,4370,80,1718,1764,24,1   3220,4370,2000,267,1351,599,1   3190,4330,1100,885,1331,329,1   3230,4330,900,502,848,270,1   3040,4270,250,2062,2274,75,1   3070,4640,400,2936,3206,120,1   3240,4330,600,2058,2444,180,1   2980,4270,700,869,1339,210,1   3230,4290,750,1071,1609,225,1   2900,4340,1700,451,1591,509,1   2930,4210,1600,514,1468,479,1
!----------------------------------------------------------------
!Recharge stations: x,y
2920,4950   2940,4300   3220,4370   2950,4020

g inverse recharge rate 2
T min departure time 0
