!----------------------------------------------------------------
!Stores: (first: depot x,y; then: satellites x,y)
2600,3750   2610,3840
!----------------------------------------------------------------
!Trucks: (total#, cap, cost/dist, fixcost)
1,12800,1,120   1,20000,1,150   1,28800,1,180
!----------------------------------------------------------------
!CityFreighters: (max cf/sat, total#, cap, cost/dist, fixcost, maxCharge, energyConsumption)
1,1,5120,1,64,518,1   2,2,8000,1,80,810,1   1,1,11520,1,96,1166,1
!----------------------------------------------------------------
!Customers: (x, y, demand, readyTime, dueDate, serviceTime, penalizationCost)
2610,3840,700,267,957,312,1   2710,4010,1000,451,1491,446,1   2790,3990,600,1165,1729,267,1   2640,4140,500,641,1135,223,1   2830,4060,4000,0,3088,1783,1   2950,4020,1400,1573,2899,624,1   3040,3820,750,234,796,334,1   2970,4100,550,2635,3203,245,1   2960,4180,450,1891,2467,201,1   2930,4210,1600,2889,4273,713,1
!----------------------------------------------------------------
!Recharge stations: x,y
2610,3840   2600,3750   2720,4300

g inverse recharge rate 2
T min departure time 0
