!----------------------------------------------------------------
!Stores: (first: depot x,y; then: satellites x,y)
1450,2150   1280,2310   1560,2170
!----------------------------------------------------------------
!Trucks: (total#, cap, cost/dist, fixcost)
1,9600,1,120   1,15000,1,150   1,21600,1,180
!----------------------------------------------------------------
!CityFreighters: (max cf/sat, total#, cap, cost/dist, fixcost, maxCharge, energyConsumption)
1,1,3840,1,64,435,1   2,2,6000,1,80,680,1   1,1,8640,1,96,979,1
!----------------------------------------------------------------
!Customers: (x, y, demand, readyTime, dueDate, serviceTime, penalizationCost)
1390,1820,700,1512,1856,171,1   1290,1890,2500,1250,2260,609,1   1470,1930,1000,787,1275,244,1   1550,1850,1800,938,1730,439,1   1410,2060,2100,747,1787,512,1   1460,2080,300,2990,3114,73,1   1640,1930,900,1203,1713,219,1   1290,2140,1300,2590,3270,317,1   1640,2080,900,1475,2043,219,1   1560,2170,1300,1046,1708,317,1   1280,2310,1200,1898,2370,292,1   1480,2320,600,965,1273,146,1   1420,2390,100,2960,3006,24,1   1630,2360,500,2752,2952,122,1   1610,2420,800,556,796,195,1
!----------------------------------------------------------------
!Recharge stations: x,y
1450,2150   1280,2310   1560,2170   1370,2520

g inverse recharge rate 2
T min departure time 0
