!----------------------------------------------------------------
!Stores: (first: depot x,y; then: satellites x,y)
2600,3750   2610,3840   3040,3820
!----------------------------------------------------------------
!Trucks: (total#, cap, cost/dist, fixcost)
1,12800,1,120   1,20000,1,150   1,28800,1,180
!----------------------------------------------------------------
!CityFreighters: (max cf/sat, total#, cap, cost/dist, fixcost, maxCharge, energyConsumption)
1,1,5120,1,64,538,1   2,2,8000,1,80,840,1   1,1,11520,1,96,1210,1
!----------------------------------------------------------------
!Customers: (x, y, demand, readyTime, dueDate, serviceTime, penalizationCost)
2610,3840,700,3629,4389,336,1   3040,3820,750,3957,4705,360,1   3130,3780,700,4665,5417,336,1   3140,3940,1300,661,1607,625,1   3210,3910,400,3004,3390,192,1   2710,4010,1000,2277,3529,480,1   2950,4020,1400,3527,5027,673,1   3210,3980,300,1240,1538,144,1   2790,3990,600,4553,5209,288,1   3140,4060,200,958,1152,96,1   3150,4070,650,542,1164,312,1   2970,4100,550,1454,1856,264,1   2640,4140,500,898,1378,240,1   2830,4060,4000,0,2391,1922,1   2960,4180,450,3180,3610,216,1
!----------------------------------------------------------------
!Recharge stations: x,y
2610,3840   3040,3820   2600,3750   3300,4320

g inverse recharge rate 3
T min departure time 0
