!----------------------------------------------------------------
!Stores: (first: depot x,y; then: satellites x,y)
2600,3750   3140,4060
!----------------------------------------------------------------
!Trucks: (total#, cap, cost/dist, fixcost)
1,12800,1,120   1,20000,1,150   1,28800,1,180
!----------------------------------------------------------------
!CityFreighters: (max cf/sat, total#, cap, cost/dist, fixcost, maxCharge, energyConsumption)
1,1,5120,1,64,506,1   2,2,8000,1,80,790,1   1,1,11520,1,96,1138,1
!----------------------------------------------------------------
!Customers: (x, y, demand, readyTime, dueDate, serviceTime, penalizationCost)
3150,4070,650,905,1345,199,1   3140,4060,200,1878,1980,61,1   3210,3980,300,1662,1854,92,1   3140,3940,1300,923,1669,398,1   3210,3910,400,263,499,123,1   2970,4100,550,137,477,168,1   2950,4020,1400,274,1070,429,1   2960,4180,450,3163,3433,138,1   3040,4270,250,2435,2541,77,1   3230,4290,750,2390,2844,230,1
!----------------------------------------------------------------
!Recharge stations: x,y
2600,3750   2830,4060   3140,4060

g inverse recharge rate 2
T min departure time 0
