!----------------------------------------------------------------
!Stores: (first: depot x,y; then: satellites x,y)
2600,3750   3140,4060   2830,4060
!----------------------------------------------------------------
!Trucks: (total#, cap, cost/dist, fixcost)
1,12800,1,120   1,20000,1,150   1,28800,1,180
!----------------------------------------------------------------
!CityFreighters: (max cf/sat, total#, cap, cost/dist, fixcost, maxCharge, energyConsumption)
1,1,5120,1,64,506,1   2,2,8000,1,80,790,1   1,1,11520,1,96,1138,1
!----------------------------------------------------------------
!Customers: (x, y, demand, readyTime, dueDate, serviceTime, penalizationCost)
3230,4330,900,1031,1747,276,1   3240,4330,600,210,630,184,1   3230,4290,750,2390,2844,230,1   3190,4330,1100,341,875,337,1   3220,4370,2000,1598,2726,613,1   3210,4370,80,457,501,25,1   3200,4390,40,1564,1586,12,1   3140,4350,1500,954,2108,459,1   3110,4420,150,1290,1368,46,1   3090,4450,400,909,1115,123,1   3040,4270,250,2435,2541,77,1   2980,4270,700,272,696,214,1   3150,4070,650,905,1345,199,1   3140,4060,200,1878,1980,61,1   2960,4180,450,3163,3433,138,1
!----------------------------------------------------------------
!Recharge stations: x,y
2970,4340   2850,4540   2830,4060   3140,4060

g inverse recharge rate 2
T min departure time 0
