!----------------------------------------------------------------
!Stores: (first: depot x,y; then: satellites x,y)
2600,3750   3140,3940
!----------------------------------------------------------------
!Trucks: (total#, cap, cost/dist, fixcost)
1,12800,1,120   1,20000,1,150   1,28800,1,180
!----------------------------------------------------------------
!CityFreighters: (max cf/sat, total#, cap, cost/dist, fixcost, maxCharge, energyConsumption)
1,1,5120,1,64,602,1   2,2,8000,1,80,940,1   1,1,11520,1,96,1354,1
!----------------------------------------------------------------
!Customers: (x, y, demand, readyTime, dueDate, serviceTime, penalizationCost)
3150,4070,650,375,787,217,1   3140,4060,200,939,1029,67,1   3210,3980,300,700,958,100,1   3140,3940,1300,2928,3738,433,1   3210,3910,400,2578,2928,133,1   2970,4100,550,622,1076,183,1   2950,4020,1400,1714,2640,466,1   2960,4180,450,1838,2204,150,1   3040,4270,250,409,565,83,1   3230,4290,750,1621,2043,250,1
!----------------------------------------------------------------
!Recharge stations: x,y
2600,3750   2830,4060   3140,3940

g inverse recharge rate 2
T min departure time 0
