!----------------------------------------------------------------
!Stores: (first: depot x,y; then: satellites x,y)
2600,3750   3140,3940   2830,4060
!----------------------------------------------------------------
!Trucks: (total#, cap, cost/dist, fixcost)
1,12800,1,120   1,20000,1,150   1,28800,1,180
!----------------------------------------------------------------
!CityFreighters: (max cf/sat, total#, cap, cost/dist, fixcost, maxCharge, energyConsumption)
1,1,5120,1,64,602,1   2,2,8000,1,80,940,1   1,1,11520,1,96,1354,1
!----------------------------------------------------------------
!Customers: (x, y, demand, readyTime, dueDate, serviceTime, penalizationCost)
3230,4330,900,1677,2257,300,1   3240,4330,600,549,1015,200,1   3230,4290,750,1621,2043,250,1   3190,4330,1100,2175,2895,367,1   3220,4370,2000,735,2459,666,1   3210,4370,80,3247,3305,27,1   3200,4390,40,1052,1084,13,1   3140,4350,1500,1457,2341,500,1   3110,4420,150,1081,1191,50,1   3090,4450,400,1803,2101,133,1   3040,4270,250,409,565,83,1   2980,4270,700,2138,2656,233,1   3150,4070,650,375,787,217,1   3140,4060,200,939,1029,67,1   2960,4180,450,1838,2204,150,1
!----------------------------------------------------------------
!Recharge stations: x,y
3230,4300   2990,4420   3140,3940   2830,4060

g inverse recharge rate 2
T min departure time 0
