!----------------------------------------------------------------
!Stores: (first: depot x,y; then: satellites x,y)
2600,3750   3040,3820
!----------------------------------------------------------------
!Trucks: (total#, cap, cost/dist, fixcost)
1,12800,1,120   1,20000,1,150   1,28800,1,180
!----------------------------------------------------------------
!CityFreighters: (max cf/sat, total#, cap, cost/dist, fixcost, maxCharge, energyConsumption)
1,1,5120,1,64,634,1   2,2,8000,1,80,990,1   1,1,11520,1,96,1426,1
!----------------------------------------------------------------
!Customers: (x, y, demand, readyTime, dueDate, serviceTime, penalizationCost)
3150,4070,650,700,1150,266,1   3140,4060,200,4161,4301,82,1   3210,3980,300,2914,3228,123,1   3140,3940,1300,0,945,532,1   3210,3910,400,2065,2373,164,1   2970,4100,550,1685,2225,225,1   2950,4020,1400,2129,2987,573,1   2960,4180,450,3776,4154,184,1   3040,4270,250,2922,3160,102,1   3230,4290,750,3009,3773,307,1
!----------------------------------------------------------------
!Recharge stations: x,y
2600,3750   2710,4010   3040,3820

g inverse recharge rate 2
T min departure time 0
