!----------------------------------------------------------------
!Stores: (first: depot x,y; then: satellites x,y)
2600,3750   3040,3820   2710,4010
!----------------------------------------------------------------
!Trucks: (total#, cap, cost/dist, fixcost)
1,12800,1,120   1,20000,1,150   1,28800,1,180
!----------------------------------------------------------------
!CityFreighters: (max cf/sat, total#, cap, cost/dist, fixcost, maxCharge, energyConsumption)
1,1,5120,1,64,634,1   2,2,8000,1,80,990,1   1,1,11520,1,96,1426,1
!----------------------------------------------------------------
!Customers: (x, y, demand, readyTime, dueDate, serviceTime, penalizationCost)
3230,4330,900,954,1662,368,1   3240,4330,600,896,1462,246,1   3230,4290,750,3009,3773,307,1   3190,4330,1100,2354,3280,450,1   3220,4370,2000,1695,3491,819,1   3210,4370,80,3584,3652,33,1   3200,4390,40,1819,1851,16,1   3140,4350,1500,2002,3072,614,1   3110,4420,150,1301,1383,61,1   3090,4450,400,2679,2981,164,1   3040,4270,250,2922,3160,102,1   2980,4270,700,1764,2270,287,1   3150,4070,650,700,1150,266,1   3140,4060,200,4161,4301,82,1   2960,4180,450,3776,4154,184,1
!----------------------------------------------------------------
!Recharge stations: x,y
3020,4020   3040,3820   3210,4160   2710,4010

g inverse recharge rate 2
T min departure time 0
