!----------------------------------------------------------------
!Stores: (first: depot x,y; then: satellites x,y)
2600,3750   2950,4020   2710,4010
!----------------------------------------------------------------
!Trucks: (total#, cap, cost/dist, fixcost)
1,12800,1,120   1,20000,1,150   1,28800,1,180
!----------------------------------------------------------------
!CityFreighters: (max cf/sat, total#, cap, cost/dist, fixcost, maxCharge, energyConsumption)
1,1,5120,1,64,749,1   2,2,8000,1,80,1170,1   1,1,11520,1,96,1685,1
!----------------------------------------------------------------
!Customers: (x, y, demand, readyTime, dueDate, serviceTime, penalizationCost)
3230,4330,900,283,1035,320,1   3240,4330,600,851,1219,213,1   3230,4290,750,1898,2436,267,1   3190,4330,1100,1936,2872,391,1   3220,4370,2000,346,2218,711,1   3210,4370,80,651,711,28,1   3200,4390,40,1217,1249,14,1   3140,4350,1500,2111,3233,533,1   3110,4420,150,3664,3790,53,1   3090,4450,400,3544,3836,142,1   3040,4270,250,2189,2357,89,1   2980,4270,700,2391,2903,249,1   3150,4070,650,406,818,231,1   3140,4060,200,3750,3882,71,1   2960,4180,450,2068,2338,160,1
!----------------------------------------------------------------
!Recharge stations: x,y
3230,4180   2950,4020   2930,4300   2710,4010

g inverse recharge rate 1
T min departure time 0
