!----------------------------------------------------------------
!Stores: (first: depot x,y; then: satellites x,y)
1450,2150   1410,2060
!----------------------------------------------------------------
!Trucks: (total#, cap, cost/dist, fixcost)
1,9600,1,120   1,15000,1,150   1,21600,1,180
!----------------------------------------------------------------
!CityFreighters: (max cf/sat, total#, cap, cost/dist, fixcost, maxCharge, energyConsumption)
1,1,3840,1,64,544,1   2,2,6000,1,80,850,1   1,1,8640,1,96,1224,1
!----------------------------------------------------------------
!Customers: (x, y, demand, readyTime, dueDate, serviceTime, penalizationCost)
1410,2060,2100,927,1881,494,1   1460,2080,300,334,448,71,1   1470,1930,1000,2314,2740,235,1   1290,2140,1300,40,560,306,1   1560,2170,1300,1170,1902,306,1   1290,1890,2500,1311,2545,588,1   1640,2080,900,2718,3196,212,1   1390,1820,700,1149,1419,165,1   1550,1850,1800,2014,2874,423,1   1640,1930,900,2007,2411,212,1
!----------------------------------------------------------------
!Recharge stations: x,y
1410,2060   1450,2150   1560,2170

g inverse recharge rate 1
T min departure time 0
