!----------------------------------------------------------------
!Stores: (first: depot x,y; then: satellites x,y,maxCap)
2920,4950   3070,4640,29370   2970,4100,29370
!----------------------------------------------------------------
!Trucks: (total#, cap, cost/dist, fixcost)
3,20000,1,150
!----------------------------------------------------------------
!CityFreighters: (max cf/sat, total#, cap, cost/dist, fixcost, maxCharge, energyConsumption)
4,4,8000,1,80,810,1
!----------------------------------------------------------------
!Customers: (x, y, demand, readyTime, dueDate, serviceTime, penalizationCost)
2980,4270,700,1294,1806,253,3   3090,4450,400,703,1031,145,2   3070,4640,400,2694,2976,145,2   3360,4750,1200,390,1322,434,2   3200,4390,40,2950,2976,14,1   3210,4370,80,404,450,29,4   3220,4370,2000,1980,3146,723,2   3230,4330,900,3509,3963,325,4   3240,4330,600,731,1073,217,3   3230,4290,750,1524,2066,271,3   3140,4350,1500,684,1794,542,2   3110,4420,150,2987,3131,54,4   3040,4270,250,380,516,90,1   2930,4210,1600,2423,3343,578,4   2960,4180,450,3533,3943,163,1   2610,3840,700,1887,2301,253,1   2970,4100,550,3640,4014,199,3   3150,4070,650,939,1287,235,3   3140,4060,200,3734,3956,72,2   3210,3910,400,2995,3347,145,4   3210,3980,300,834,1004,108,3   3140,3940,1300,895,2005,470,2   3130,3780,700,2717,3253,253,2   3040,3820,750,3073,3705,271,1   2950,4020,1400,360,1336,506,2   2830,4060,4000,0,2093,1445,1   2790,3990,600,3182,3604,217,4   2710,4010,1000,2649,3383,361,3   2640,4140,500,527,999,181,4   2770,4390,2500,1962,3690,903,2   2900,4340,1700,2562,3752,614,1   3190,4330,1100,2754,3626,397,5
!----------------------------------------------------------------
!Recharge stations: x,y
2920,4950   3070,4640   2970,4100   2750,4200   2990,4010

g inverse recharge rate 0.45
