!----------------------------------------------------------------
!Stores: (first: depot x,y; then: satellites x,y,maxCap)
300,400   420,410,777   130,130,777
!----------------------------------------------------------------
!Trucks: (total#, cap, cost/dist, fixcost)
3,400,1,150
!----------------------------------------------------------------
!CityFreighters: (max cf/sat, total#, cap, cost/dist, fixcost, maxCharge, energyConsumption)
5,5,160,1,80,650,1
!----------------------------------------------------------------
!Customers: (x, y, demand, readyTime, dueDate, serviceTime, penalizationCost)
370,520,7,850,1072,121,2   490,490,30,1228,2532,519,4   520,640,16,2074,2514,277,4   200,260,9,2500,2898,156,4   400,300,21,1283,2131,363,4   210,470,15,644,1154,259,3   170,630,19,325,809,328,1   310,620,23,1416,2096,398,4   520,330,11,2881,3289,190,1   510,210,5,1351,1523,86,1   420,410,19,470,904,328,5   310,320,29,499,1619,501,2   50,250,23,408,742,398,4   120,420,21,1723,2545,363,2   360,160,10,1237,1647,173,2   520,410,15,418,876,259,5   270,230,3,1920,2044,52,4   170,330,41,1631,2967,709,2   130,130,9,1552,1830,156,5   570,580,28,403,1163,484,2   620,420,8,1284,1586,138,1   420,570,8,809,1089,138,2   160,570,16,2512,3170,277,3   80,520,10,773,1061,173,4   70,380,28,1456,2690,484,2   270,680,7,809,1013,121,3   300,480,15,184,750,259,4   430,670,14,2515,3009,242,2   580,480,6,858,1078,104,5   580,270,19,727,1223,328,2   370,690,11,2603,3085,190,3   380,460,12,1564,2058,207,4   460,100,23,412,892,398,1   610,330,26,1109,1899,449,1   620,630,17,2052,2604,294,4   630,690,6,2247,2501,104,4   320,220,9,2823,3123,156,1   450,350,15,2446,2996,259,4   590,150,14,2315,2809,242,2   50,60,7,292,556,121,1   100,170,27,305,1295,467,1   210,100,13,2202,2662,225,5   50,640,11,2529,2783,190,3   300,150,16,1629,2051,277,1   390,100,10,1169,1535,173,4   320,390,5,768,926,86,4   250,320,25,1128,1894,432,4   250,550,17,1433,2025,294,3   480,280,18,1644,2042,311,2   560,370,10,1072,1422,173,1
!----------------------------------------------------------------
!Recharge stations: x,y
300,400   420,410   130,130   540,140   300,160

g inverse recharge rate 0.46
