!----------------------------------------------------------------
!Stores: (first: depot x,y; then: satellites x,y,maxCap)
300,400   370,690,777   630,690,777
!----------------------------------------------------------------
!Trucks: (total#, cap, cost/dist, fixcost)
3,400,1,150
!----------------------------------------------------------------
!CityFreighters: (max cf/sat, total#, cap, cost/dist, fixcost, maxCharge, energyConsumption)
5,5,160,1,80,760,1
!----------------------------------------------------------------
!Customers: (x, y, demand, readyTime, dueDate, serviceTime, penalizationCost)
370,520,7,2338,2694,155,1   490,490,30,1977,3535,663,5   520,640,16,0,679,354,1   200,260,9,2885,3251,199,5   400,300,21,668,1436,464,3   210,470,15,1055,1927,332,3   170,630,19,3304,4274,420,3   310,620,23,3158,4460,509,5   520,330,11,824,1352,243,4   510,210,5,3314,3536,111,3   420,410,19,658,1500,420,1   310,320,29,2233,3151,641,3   50,250,23,2927,3813,509,1   120,420,21,881,1939,464,1   360,160,10,1953,2437,221,5   520,410,15,1807,2321,332,5   270,230,3,3758,3890,66,4   170,330,41,0,1574,906,4   130,130,9,1384,1738,199,1   570,580,28,1748,3080,619,1   620,420,8,2707,2963,177,1   420,570,8,2211,2537,177,2   160,570,16,988,1978,354,3   80,520,10,2842,3314,221,2   70,380,28,1695,2851,619,5   270,680,7,2674,2978,155,3   300,480,15,1460,2038,332,4   430,670,14,483,1119,310,4   580,480,6,1255,1511,133,2   580,270,19,182,946,420,4   370,690,11,1250,1764,243,5   380,460,12,131,469,265,3   460,100,23,2425,4133,509,5   610,330,26,191,947,575,5   620,630,17,2547,3573,376,3   630,690,6,651,917,133,1   320,220,9,1504,1848,199,5   450,350,15,810,1438,332,1   590,150,14,1664,2242,310,2   50,60,7,1806,2178,155,4   100,170,27,1543,2519,597,4   210,100,13,644,1096,287,5   50,640,11,1683,2029,243,3   300,150,16,2228,2804,354,1   390,100,10,2062,2546,221,2   320,390,5,393,611,111,3   250,320,25,39,1179,553,3   250,550,17,1046,1838,376,2   480,280,18,2435,3247,398,2   560,370,10,1866,2252,221,1
!----------------------------------------------------------------
!Recharge stations: x,y
300,400   370,690   630,690   40,710   300,190

g inverse recharge rate 0.5
