!----------------------------------------------------------------
!Stores: (first: depot x,y; then: satellites x,y,maxCap)
300,400   300,480,777   250,320,777
!----------------------------------------------------------------
!Trucks: (total#, cap, cost/dist, fixcost)
3,400,1,150
!----------------------------------------------------------------
!CityFreighters: (max cf/sat, total#, cap, cost/dist, fixcost, maxCharge, energyConsumption)
5,5,160,1,80,590,1
!----------------------------------------------------------------
!Customers: (x, y, demand, readyTime, dueDate, serviceTime, penalizationCost)
370,520,7,1536,1676,98,1   490,490,30,380,928,421,5   520,640,16,1301,1671,225,4   200,260,9,401,661,126,3   400,300,21,1925,2467,295,5   210,470,15,1237,1789,211,4   170,630,19,838,1380,267,3   310,620,23,904,1570,323,5   520,330,11,772,1094,154,5   510,210,5,908,1052,70,2   420,410,19,0,550,267,4   310,320,29,674,1398,407,1   50,250,23,1304,2014,323,4   120,420,21,426,1022,295,2   360,160,10,1456,1742,140,1   520,410,15,930,1448,211,3   270,230,3,214,330,42,1   170,330,41,1363,2347,576,2   130,130,9,1660,1882,126,4   570,580,28,1269,2047,393,1   620,420,8,2310,2476,112,5   420,570,8,274,458,112,4   160,570,16,1014,1438,225,3   80,520,10,419,733,140,5   70,380,28,0,862,393,1   270,680,7,2123,2333,98,2   300,480,15,618,1190,211,2   430,670,14,1853,2261,197,5   580,480,6,1110,1286,84,2   580,270,19,1439,1827,267,1   370,690,11,1547,2037,154,1   380,460,12,1764,2214,168,2   460,100,23,1527,1985,323,4   610,330,26,1466,2020,365,3   620,630,17,529,945,239,1   630,690,6,1136,1332,84,2   320,220,9,1430,1670,126,3   450,350,15,1534,2024,211,2   590,150,14,1779,2069,197,3   50,60,7,451,577,98,4   100,170,27,1278,1982,379,2   210,100,13,374,798,183,3   50,640,11,1701,2045,154,4   300,150,16,30,510,225,4   390,100,10,818,1040,140,5   320,390,5,1397,1565,70,5   250,320,25,335,1003,351,3   250,550,17,398,860,239,3   480,280,18,232,660,253,1   560,370,10,1342,1558,140,1
!----------------------------------------------------------------
!Recharge stations: x,y
300,400   300,480   250,320   620,360   30,260

g inverse recharge rate 0.41
