!----------------------------------------------------------------
!Stores: (first: depot x,y; then: satellites x,y,maxCap)
2920,4950   3360,4750,29370   3200,4390,29370
!----------------------------------------------------------------
!Trucks: (total#, cap, cost/dist, fixcost)
3,20000,1,150
!----------------------------------------------------------------
!CityFreighters: (max cf/sat, total#, cap, cost/dist, fixcost, maxCharge, energyConsumption)
4,4,8000,1,80,1070,1
!----------------------------------------------------------------
!Customers: (x, y, demand, readyTime, dueDate, serviceTime, penalizationCost)
2980,4270,700,4050,4728,319,2   3090,4450,400,2334,2680,182,4   3070,4640,400,3219,3573,182,3   3360,4750,1200,4127,5183,546,1   3200,4390,40,3138,3164,18,1   3210,4370,80,777,873,36,4   3220,4370,2000,3260,4854,910,2   3230,4330,900,1038,1946,410,5   3240,4330,600,2217,2675,273,3   3230,4290,750,3149,3911,341,3   3140,4350,1500,0,1205,683,4   3110,4420,150,1077,1179,68,3   3040,4270,250,4073,4311,114,1   2930,4210,1600,1212,2506,728,5   2960,4180,450,4036,4394,205,2   2610,3840,700,1234,1704,319,5   2970,4100,550,3214,3784,250,4   3150,4070,650,965,1693,296,4   3140,4060,200,853,1051,91,2   3210,3910,400,533,929,182,4   3210,3980,300,861,1131,137,5   3140,3940,1300,3655,4789,592,3   3130,3780,700,2837,3523,319,2   3040,3820,750,1860,2328,341,4   2950,4020,1400,1969,3423,637,2   2830,4060,4000,0,3615,1820,4   2790,3990,600,1346,1840,273,3   2710,4010,1000,471,1307,455,3   2640,4140,500,3416,3728,228,5   2770,4390,2500,2282,4632,1138,3   2900,4340,1700,825,2601,774,5   3190,4330,1100,3940,4922,501,3
!----------------------------------------------------------------
!Recharge stations: x,y
2920,4950   3360,4750   3200,4390   2680,4370   3220,4130

g inverse recharge rate 0.43
