!----------------------------------------------------------------
!Stores: (first: depot x,y; then: satellites x,y,maxCap)
300,400   370,520,777   520,640,777   520,410,777   390,100,777
!----------------------------------------------------------------
!Trucks: (total#, cap, cost/dist, fixcost)
4,400,1,150
!----------------------------------------------------------------
!CityFreighters: (max cf/sat, total#, cap, cost/dist, fixcost, maxCharge, energyConsumption)
5,5,160,1,80,660,1
!----------------------------------------------------------------
!Customers: (x, y, demand, readyTime, dueDate, serviceTime, penalizationCost)
370,520,7,369,575,120,5   490,490,30,542,1418,513,5   520,640,16,909,1277,274,3   200,260,9,2053,2401,154,1   400,300,21,521,1371,359,1   210,470,15,2479,2815,257,1   170,630,19,2134,2926,325,1   310,620,23,472,1188,393,2   520,330,11,1667,2105,188,3   510,210,5,2452,2636,86,4   420,410,19,2487,3199,325,1   310,320,29,2180,3312,496,3   50,250,23,1098,1586,393,4   120,420,21,192,1058,359,3   360,160,10,2058,2422,171,5   520,410,15,717,1189,257,5   270,230,3,808,898,51,2   170,330,41,456,1750,701,1   130,130,9,764,1118,154,1   570,580,28,16,768,479,1   620,420,8,641,983,137,4   420,570,8,815,1101,137,2   160,570,16,365,871,274,3   80,520,10,490,838,171,3   70,380,28,1302,2274,479,2   270,680,7,1508,1726,120,5   300,480,15,1923,2379,257,2   430,670,14,974,1480,239,2   580,480,6,2504,2654,103,3   580,270,19,1546,2110,325,4   370,690,11,337,755,188,2   380,460,12,1678,2082,205,5   460,100,23,124,898,393,2   610,330,26,39,817,445,3   620,630,17,879,1637,291,2   630,690,6,1767,1989,103,4   320,220,9,2525,2879,154,1   450,350,15,2523,3123,257,5   590,150,14,1130,1622,239,5   50,60,7,2149,2363,120,2   100,170,27,949,1911,462,3   210,100,13,2522,2830,222,3   50,640,11,2275,2643,188,5   300,150,16,1219,1965,274,3   390,100,10,2241,2597,171,3   320,390,5,630,814,86,2   250,320,25,882,1802,428,5   250,550,17,1178,1860,291,1   480,280,18,112,668,308,2   560,370,10,951,1225,171,4
!----------------------------------------------------------------
!Recharge stations: x,y
300,400   370,520   520,640   520,410   390,100

g inverse recharge rate 0.45
