!----------------------------------------------------------------
!Stores: (first: depot x,y; then: satellites x,y,maxCap)
300,400   210,470,777   310,320,777
!----------------------------------------------------------------
!Trucks: (total#, cap, cost/dist, fixcost)
3,400,1,150
!----------------------------------------------------------------
!CityFreighters: (max cf/sat, total#, cap, cost/dist, fixcost, maxCharge, energyConsumption)
5,5,160,1,80,610,1
!----------------------------------------------------------------
!Customers: (x, y, demand, readyTime, dueDate, serviceTime, penalizationCost)
370,520,7,1323,1541,100,1   490,490,30,703,1609,430,2   520,640,16,314,966,230,4   200,260,9,2161,2361,129,1   400,300,21,1492,2172,301,3   210,470,15,1181,1699,215,1   170,630,19,1874,2254,273,1   310,620,23,213,699,330,5   520,330,11,637,891,158,1   510,210,5,523,661,72,4   420,410,19,1259,1809,273,5   310,320,29,1939,2695,416,5   50,250,23,307,1145,330,1   120,420,21,1797,2343,301,4   360,160,10,1999,2303,143,1   520,410,15,1105,1637,215,3   270,230,3,1541,1635,43,5   170,330,41,0,1159,588,1   130,130,9,150,462,129,4   570,580,28,67,1181,402,1   620,420,8,656,866,115,2   420,570,8,1619,1821,115,2   160,570,16,2229,2769,230,5   80,520,10,323,641,143,2   70,380,28,280,1064,402,4   270,680,7,1621,1825,100,3   300,480,15,1514,1966,215,4   430,670,14,1189,1475,201,3   580,480,6,331,473,86,4   580,270,19,1435,1831,273,5   370,690,11,380,694,158,4   380,460,12,162,640,172,1   460,100,23,1779,2321,330,5   610,330,26,462,1094,373,4   620,630,17,966,1594,244,1   630,690,6,1434,1610,86,5   320,220,9,707,995,129,5   450,350,15,455,847,215,3   590,150,14,1479,1845,201,4   50,60,7,2349,2571,100,2   100,170,27,22,1102,387,4   210,100,13,1086,1530,187,3   50,640,11,744,1128,158,4   300,150,16,1365,1949,230,1   390,100,10,1710,1988,143,3   320,390,5,433,599,72,5   250,320,25,576,1164,359,1   250,550,17,429,877,244,4   480,280,18,1588,1962,258,3   560,370,10,1475,1707,143,5
!----------------------------------------------------------------
!Recharge stations: x,y
300,400   210,470   310,320   350,620   630,430

g inverse recharge rate 0.41
