!----------------------------------------------------------------
!Stores: (first: depot x,y; then: satellites x,y,maxCap)
300,400   510,210,777   170,330,777   270,680,777   320,390,777
!----------------------------------------------------------------
!Trucks: (total#, cap, cost/dist, fixcost)
4,400,1,150
!----------------------------------------------------------------
!CityFreighters: (max cf/sat, total#, cap, cost/dist, fixcost, maxCharge, energyConsumption)
5,5,160,1,80,630,1
!----------------------------------------------------------------
!Customers: (x, y, demand, readyTime, dueDate, serviceTime, penalizationCost)
370,520,7,2646,2898,116,1   490,490,30,0,606,497,3   520,640,16,1521,2055,265,4   200,260,9,1226,1536,149,4   400,300,21,1316,1880,348,2   210,470,15,1236,1716,249,5   170,630,19,908,1478,315,1   310,620,23,1849,2903,381,5   520,330,11,1945,2239,182,5   510,210,5,2612,2814,83,3   420,410,19,1923,2501,315,1   310,320,29,251,959,480,4   50,250,23,1011,1631,381,4   120,420,21,0,810,348,3   360,160,10,1122,1442,166,5   520,410,15,823,1425,249,1   270,230,3,1169,1277,50,4   170,330,41,0,1068,679,4   130,130,9,423,671,149,2   570,580,28,1238,1836,464,3   620,420,8,1935,2193,133,1   420,570,8,1514,1800,133,5   160,570,16,1344,1910,265,4   80,520,10,2244,2584,166,2   70,380,28,1280,2482,464,1   270,680,7,1030,1230,116,4   300,480,15,177,717,249,2   430,670,14,2444,2934,232,5   580,480,6,1660,1872,99,5   580,270,19,2189,2643,315,3   370,690,11,511,863,182,5   380,460,12,2400,2816,199,2   460,100,23,1066,1688,381,4   610,330,26,1575,2453,431,5   620,630,17,1886,2616,282,5   630,690,6,2176,2442,99,5   320,220,9,662,856,149,3   450,350,15,2514,3140,249,4   590,150,14,873,1169,232,1   50,60,7,1297,1517,116,3   100,170,27,1210,1998,447,3   210,100,13,1187,1475,215,5   50,640,11,2610,2928,182,1   300,150,16,2136,2676,265,1   390,100,10,2520,2902,166,3   320,390,5,659,839,83,4   250,320,25,1903,2813,414,1   250,550,17,756,1212,282,2   480,280,18,471,1161,298,3   560,370,10,2598,3114,166,1
!----------------------------------------------------------------
!Recharge stations: x,y
300,400   510,210   170,330   270,680   320,390

g inverse recharge rate 0.45
