!----------------------------------------------------------------
!Stores: (first: depot x,y; then: satellites x,y,maxCap)
300,400   490,490,777   270,230,777
!----------------------------------------------------------------
!Trucks: (total#, cap, cost/dist, fixcost)
3,400,1,150
!----------------------------------------------------------------
!CityFreighters: (max cf/sat, total#, cap, cost/dist, fixcost, maxCharge, energyConsumption)
5,5,160,1,80,590,1
!----------------------------------------------------------------
!Customers: (x, y, demand, readyTime, dueDate, serviceTime, penalizationCost)
370,520,7,728,958,107,4   490,490,30,0,766,458,2   520,640,16,2109,2619,245,2   200,260,9,2211,2491,138,2   400,300,21,640,1244,321,3   210,470,15,1856,2228,229,4   170,630,19,1959,2375,290,5   310,620,23,338,1184,351,2   520,330,11,1845,2105,168,3   510,210,5,769,947,76,1   420,410,19,0,587,290,5   310,320,29,539,1381,443,2   50,250,23,2067,2613,351,4   120,420,21,1063,1737,321,4   360,160,10,2110,2396,153,1   520,410,15,1009,1627,229,3   270,230,3,1897,1981,46,2   170,330,41,505,1511,627,5   130,130,9,1955,2299,138,3   570,580,28,1160,2360,428,3   620,420,8,1324,1614,122,3   420,570,8,1029,1281,122,3   160,570,16,1522,1802,245,5   80,520,10,2392,2690,153,5   70,380,28,0,946,428,5   270,680,7,2154,2404,107,3   300,480,15,262,758,229,4   430,670,14,859,1285,214,3   580,480,6,252,354,92,3   580,270,19,311,875,290,5   370,690,11,2089,2341,168,5   380,460,12,1627,2017,183,4   460,100,23,1943,2505,351,5   610,330,26,1725,2495,397,5   620,630,17,1868,2502,260,2   630,690,6,1529,1693,92,2   320,220,9,2414,2696,138,3   450,350,15,660,1150,229,2   590,150,14,1198,1628,214,4   50,60,7,2087,2267,107,4   100,170,27,1757,2583,413,3   210,100,13,2282,2658,199,3   50,640,11,914,1208,168,1   300,150,16,750,1276,245,1   390,100,10,2014,2330,153,2   320,390,5,1337,1459,76,3   250,320,25,2169,2675,382,5   250,550,17,532,1176,260,1   480,280,18,912,1520,275,2   560,370,10,2539,2855,153,4
!----------------------------------------------------------------
!Recharge stations: x,y
300,400   490,490   270,230   90,240   280,70

g inverse recharge rate 0.45
