!----------------------------------------------------------------
!Stores: (first: depot x,y; then: satellites x,y,maxCap)
1450,2150   1630,2360,22500   1290,1890,22500
!----------------------------------------------------------------
!Trucks: (total#, cap, cost/dist, fixcost)
3,15000,1,150
!----------------------------------------------------------------
!CityFreighters: (max cf/sat, total#, cap, cost/dist, fixcost, maxCharge, energyConsumption)
4,4,6000,1,80,800,1
!----------------------------------------------------------------
!Customers: (x, y, demand, readyTime, dueDate, serviceTime, penalizationCost)
1510,2640,1100,1357,2133,329,2   1590,2610,700,2632,3072,209,1   1300,2540,800,675,1047,239,2   1280,2520,1400,0,1066,419,5   1630,2470,2100,418,874,628,1   1460,2460,400,2545,2783,120,3   1610,2420,800,1522,2050,239,5   1420,2390,100,2316,2386,30,2   1630,2360,500,2950,3378,150,1   1480,2320,600,1400,1564,180,1   1280,2310,1200,2988,3652,359,4   1560,2170,1300,2247,3101,389,5   1290,2140,1300,2143,3167,389,1   1460,2080,300,2775,3013,90,4   1640,2080,900,931,1477,269,5   1410,2060,2100,2265,3943,628,4   1470,1930,1000,2756,3310,299,3   1640,1930,900,2399,3037,269,2   1290,1890,2500,1685,3413,748,2   1550,1850,1800,996,1908,539,4   1390,1820,700,813,1239,209,5
!----------------------------------------------------------------
!Recharge stations: x,y
1450,2150   1630,2360   1290,1890   1510,1870

g inverse recharge rate 0.45
