!----------------------------------------------------------------
!Stores: (first: depot x,y; then: satellites x,y,maxCap)
300,400   370,520,777   520,410,777
!----------------------------------------------------------------
!Trucks: (total#, cap, cost/dist, fixcost)
3,400,1,150
!----------------------------------------------------------------
!CityFreighters: (max cf/sat, total#, cap, cost/dist, fixcost, maxCharge, energyConsumption)
5,5,160,1,80,660,1
!----------------------------------------------------------------
!Customers: (x, y, demand, readyTime, dueDate, serviceTime, penalizationCost)
370,520,7,43,267,103,5   490,490,30,895,1753,440,2   520,640,16,2325,2733,235,5   200,260,9,332,664,132,2   400,300,21,890,1500,308,1   210,470,15,272,726,220,5   170,630,19,757,1243,279,3   310,620,23,1638,2224,338,1   520,330,11,2185,2407,162,4   510,210,5,1869,2029,73,5   420,410,19,539,1137,279,3   310,320,29,1206,2068,426,4   50,250,23,912,1816,338,3   120,420,21,1579,2105,308,1   360,160,10,1286,1590,147,4   520,410,15,1796,2354,220,2   270,230,3,915,991,44,4   170,330,41,1264,2296,602,5   130,130,9,795,1025,132,2   570,580,28,1323,2243,411,3   620,420,8,2200,2402,117,4   420,570,8,156,306,117,4   160,570,16,2080,2692,235,5   80,520,10,1744,2150,147,3   70,380,28,1488,2268,411,2   270,680,7,608,888,103,2   300,480,15,320,786,220,3   430,670,14,581,741,206,4   580,480,6,2708,2800,88,3   580,270,19,1507,2007,279,1   370,690,11,431,785,162,3   380,460,12,1127,1555,176,3   460,100,23,647,1393,338,1   610,330,26,545,1083,382,5   620,630,17,1082,1658,250,5   630,690,6,620,798,88,3   320,220,9,500,804,132,1   450,350,15,1454,1868,220,5   590,150,14,2367,2591,206,1   50,60,7,1380,1632,103,5   100,170,27,1767,2303,396,5   210,100,13,1061,1399,191,1   50,640,11,2174,2464,162,5   300,150,16,2142,2648,235,3   390,100,10,227,543,147,4   320,390,5,2140,2312,73,5   250,320,25,535,1229,367,4   250,550,17,1463,1929,250,2   480,280,18,1463,1761,264,2   560,370,10,2042,2424,147,3
!----------------------------------------------------------------
!Recharge stations: x,y
300,400   370,520   520,410   480,250   50,70

g inverse recharge rate 0.38
