!----------------------------------------------------------------
!Stores: (first: depot x,y; then: satellites x,y,maxCap)
1450,2150   1480,2320,22500   1460,2080,22500
!----------------------------------------------------------------
!Trucks: (total#, cap, cost/dist, fixcost)
3,15000,1,150
!----------------------------------------------------------------
!CityFreighters: (max cf/sat, total#, cap, cost/dist, fixcost, maxCharge, energyConsumption)
4,4,6000,1,80,580,1
!----------------------------------------------------------------
!Customers: (x, y, demand, readyTime, dueDate, serviceTime, penalizationCost)
1510,2640,1100,612,1170,247,4   1590,2610,700,915,1203,157,2   1300,2540,800,1221,1625,180,2   1280,2520,1400,184,858,314,4   1630,2470,2100,402,1024,471,4   1460,2460,400,1327,1531,90,4   1610,2420,800,1513,1921,180,1   1420,2390,100,1747,1803,22,2   1630,2360,500,324,586,112,4   1480,2320,600,1132,1506,135,1   1280,2310,1200,282,818,269,4   1560,2170,1300,1862,2540,292,4   1290,2140,1300,2020,2772,292,3   1460,2080,300,96,234,67,4   1640,2080,900,1642,1998,202,5   1410,2060,2100,1178,2336,471,5   1470,1930,1000,1012,1400,224,2   1640,1930,900,588,1012,202,3   1290,1890,2500,1105,2151,561,2   1550,1850,1800,1797,2581,404,3   1390,1820,700,1399,1785,157,1
!----------------------------------------------------------------
!Recharge stations: x,y
1450,2150   1480,2320   1460,2080   1600,2500

g inverse recharge rate 0.46
