!----------------------------------------------------------------
!Stores: (first: depot x,y; then: satellites x,y,maxCap)
2920,4950   3220,4370,29370   2950,4020,29370
!----------------------------------------------------------------
!Trucks: (total#, cap, cost/dist, fixcost)
3,20000,1,150
!----------------------------------------------------------------
!CityFreighters: (max cf/sat, total#, cap, cost/dist, fixcost, maxCharge, energyConsumption)
4,4,8000,1,80,830,1
!----------------------------------------------------------------
!Customers: (x, y, demand, readyTime, dueDate, serviceTime, penalizationCost)
2980,4270,700,2952,3432,210,1   3090,4450,400,2941,3127,120,5   3070,4640,400,1694,1962,120,4   3360,4750,1200,1132,1866,359,4   3200,4390,40,3017,3049,12,3   3210,4370,80,2925,2967,24,1   3220,4370,2000,268,1178,599,4   3230,4330,900,1262,1720,270,1   3240,4330,600,77,457,180,1   3230,4290,750,2005,2731,225,4   3140,4350,1500,1524,2364,449,3   3110,4420,150,2207,2283,45,4   3040,4270,250,3276,3398,75,1   2930,4210,1600,1524,2302,479,1   2960,4180,450,2667,2877,135,4   2610,3840,700,628,978,210,1   2970,4100,550,2278,2696,165,1   3150,4070,650,2383,2989,195,3   3140,4060,200,1088,1204,60,5   3210,3910,400,2221,2419,120,2   3210,3980,300,2271,2383,90,2   3140,3940,1300,932,1932,389,5   3130,3780,700,677,1219,210,1   3040,3820,750,1585,2025,225,5   2950,4020,1400,417,1301,419,5   2830,4060,4000,264,2164,1198,5   2790,3990,600,2450,2638,180,3   2710,4010,1000,1382,1990,300,4   2640,4140,500,2262,2506,150,1   2770,4390,2500,1661,3059,749,5   2900,4340,1700,2138,2892,509,2   3190,4330,1100,1473,2121,329,4
!----------------------------------------------------------------
!Recharge stations: x,y
2920,4950   3220,4370   2950,4020   2940,4300   2900,3810

g inverse recharge rate 0.37
