!----------------------------------------------------------------
!Stores: (first: depot x,y; then: satellites x,y,maxCap)
300,400   520,640,777   390,100,777
!----------------------------------------------------------------
!Trucks: (total#, cap, cost/dist, fixcost)
3,400,1,150
!----------------------------------------------------------------
!CityFreighters: (max cf/sat, total#, cap, cost/dist, fixcost, maxCharge, energyConsumption)
5,5,160,1,80,630,1
!----------------------------------------------------------------
!Customers: (x, y, demand, readyTime, dueDate, serviceTime, penalizationCost)
370,520,7,2461,2731,137,3   490,490,30,846,2326,586,2   520,640,16,2886,3444,312,4   200,260,9,3166,3580,176,4   400,300,21,2576,3256,410,1   210,470,15,1534,2262,293,3   170,630,19,291,1225,371,2   310,620,23,1142,2198,449,4   520,330,11,1117,1683,215,1   510,210,5,1519,1707,98,2   420,410,19,2928,3732,371,4   310,320,29,1424,2246,566,3   50,250,23,2034,3008,449,5   120,420,21,869,2007,410,4   360,160,10,3183,3535,195,3   520,410,15,1946,2520,293,2   270,230,3,626,712,59,1   170,330,41,0,1565,800,3   130,130,9,2469,2823,176,3   570,580,28,1436,2578,547,1   620,420,8,2423,2733,156,1   420,570,8,120,490,156,3   160,570,16,1414,2016,312,2   80,520,10,580,1024,195,5   70,380,28,520,1554,547,3   270,680,7,2653,3027,137,3   300,480,15,2697,3407,293,5   430,670,14,943,1469,273,4   580,480,6,777,1007,117,3   580,270,19,2347,3019,371,1   370,690,11,260,744,215,3   380,460,12,868,1220,234,4   460,100,23,1036,2404,449,1   610,330,26,336,1616,508,4   620,630,17,2013,3013,332,5   630,690,6,1729,1993,117,5   320,220,9,2531,2899,176,5   450,350,15,2812,3444,293,2   590,150,14,609,1171,273,2   50,60,7,2609,2939,137,2   100,170,27,169,1151,527,1   210,100,13,2546,3100,254,5   50,640,11,2382,2928,215,4   300,150,16,1692,2076,312,3   390,100,10,2238,2718,195,4   320,390,5,1550,1762,98,4   250,320,25,767,1735,488,3   250,550,17,2168,2902,332,2   480,280,18,1214,1934,351,4   560,370,10,2558,2980,195,3
!----------------------------------------------------------------
!Recharge stations: x,y
300,400   520,640   390,100   520,220   280,660

g inverse recharge rate 0.54
