!----------------------------------------------------------------
!Stores: (first: depot x,y; then: satellites x,y,maxCap)
2920,4950   2930,4210,29370   3140,3940,29370
!----------------------------------------------------------------
!Trucks: (total#, cap, cost/dist, fixcost)
3,20000,1,150
!----------------------------------------------------------------
!CityFreighters: (max cf/sat, total#, cap, cost/dist, fixcost, maxCharge, energyConsumption)
4,4,8000,1,80,730,1
!----------------------------------------------------------------
!Customers: (x, y, demand, readyTime, dueDate, serviceTime, penalizationCost)
2980,4270,700,1776,2196,212,4   3090,4450,400,1096,1364,121,4   3070,4640,400,2488,2718,121,3   3360,4750,1200,1307,2349,363,4   3200,4390,40,1991,2009,12,4   3210,4370,80,2432,2466,24,2   3220,4370,2000,209,1741,605,3   3230,4330,900,2109,2907,272,1   3240,4330,600,711,1095,182,3   3230,4290,750,1062,1490,227,5   3140,4350,1500,2264,2894,454,2   3110,4420,150,1840,1932,45,4   3040,4270,250,295,401,76,3   2930,4210,1600,2244,3184,484,4   2960,4180,450,1123,1361,136,3   2610,3840,700,445,787,212,4   2970,4100,550,1192,1492,166,2   3150,4070,650,862,1268,197,4   3140,4060,200,2075,2169,61,2   3210,3910,400,2594,2846,121,3   3210,3980,300,3110,3274,91,5   3140,3940,1300,2183,2859,394,4   3130,3780,700,2105,2461,212,3   3040,3820,750,588,1190,227,2   2950,4020,1400,611,1501,424,5   2830,4060,4000,0,2510,1211,2   2790,3990,600,2128,2602,182,2   2710,4010,1000,2390,2796,303,4   2640,4140,500,1256,1606,151,4   2770,4390,2500,175,1543,757,4   2900,4340,1700,362,1248,515,1   3190,4330,1100,1117,1533,333,3
!----------------------------------------------------------------
!Recharge stations: x,y
2920,4950   2930,4210   3140,3940   3320,4580   2810,4140

g inverse recharge rate 0.42
