!----------------------------------------------------------------
!Stores: (first: depot x,y; then: satellites x,y,maxCap)
300,400   420,410,777   130,130,777   300,480,777   250,320,777
!----------------------------------------------------------------
!Trucks: (total#, cap, cost/dist, fixcost)
4,400,1,150
!----------------------------------------------------------------
!CityFreighters: (max cf/sat, total#, cap, cost/dist, fixcost, maxCharge, energyConsumption)
5,5,160,1,80,570,1
!----------------------------------------------------------------
!Customers: (x, y, demand, readyTime, dueDate, serviceTime, penalizationCost)
370,520,7,692,846,110,5   490,490,30,1129,1833,470,5   520,640,16,141,773,251,4   200,260,9,1739,2029,141,1   400,300,21,1333,2001,329,3   210,470,15,0,652,235,2   170,630,19,1590,2146,298,4   310,620,23,1677,2469,360,5   520,330,11,2599,2779,172,3   510,210,5,335,453,78,2   420,410,19,1789,2337,298,1   310,320,29,1520,2486,454,1   50,250,23,923,1819,360,3   120,420,21,0,774,329,4   360,160,10,325,665,157,1   520,410,15,2180,2524,235,3   270,230,3,652,784,47,4   170,330,41,369,1549,642,3   130,130,9,1993,2313,141,3   570,580,28,1438,2424,439,2   620,420,8,2446,2762,125,4   420,570,8,833,1061,125,3   160,570,16,1504,1960,251,3   80,520,10,2255,2633,157,3   70,380,28,627,1855,439,2   270,680,7,987,1275,110,4   300,480,15,1175,1781,235,4   430,670,14,230,772,219,1   580,480,6,2272,2420,94,2   580,270,19,362,934,298,3   370,690,11,1203,1501,172,4   380,460,12,522,990,188,2   460,100,23,1412,2192,360,3   610,330,26,1543,2293,407,2   620,630,17,1824,2378,266,4   630,690,6,1975,2107,94,1   320,220,9,2666,2920,141,2   450,350,15,2022,2460,235,3   590,150,14,180,680,219,3   50,60,7,2653,2853,110,1   100,170,27,1725,2533,423,2   210,100,13,2245,2559,204,2   50,640,11,2495,2719,172,1   300,150,16,1780,2182,251,1   390,100,10,2175,2523,157,5   320,390,5,911,1087,78,4   250,320,25,0,822,392,3   250,550,17,622,1138,266,1   480,280,18,1246,1772,282,2   560,370,10,1937,2195,157,4
!----------------------------------------------------------------
!Recharge stations: x,y
300,400   420,410   130,130   300,480   250,320

g inverse recharge rate 0.47
