!----------------------------------------------------------------
!Stores: (first: depot x,y; then: satellites x,y,maxCap)
2920,4950   3090,4450,29370   3040,4270,29370
!----------------------------------------------------------------
!Trucks: (total#, cap, cost/dist, fixcost)
3,20000,1,150
!----------------------------------------------------------------
!CityFreighters: (max cf/sat, total#, cap, cost/dist, fixcost, maxCharge, energyConsumption)
4,4,8000,1,80,910,1
!----------------------------------------------------------------
!Customers: (x, y, demand, readyTime, dueDate, serviceTime, penalizationCost)
2980,4270,700,2672,3028,198,5   3090,4450,400,2715,2919,113,3   3070,4640,400,1325,1601,113,2   3360,4750,1200,632,1122,340,4   3200,4390,40,1360,1372,11,2   3210,4370,80,2009,2053,23,3   3220,4370,2000,2083,3249,567,1   3230,4330,900,2455,2917,255,4   3240,4330,600,2856,3144,170,2   3230,4290,750,2497,2921,213,3   3140,4350,1500,1334,2372,425,3   3110,4420,150,1653,1753,43,3   3040,4270,250,888,1036,71,5   2930,4210,1600,1414,2372,454,2   2960,4180,450,275,565,128,5   2610,3840,700,2123,2505,198,3   2970,4100,550,2883,3147,156,4   3150,4070,650,788,1196,184,3   3140,4060,200,2946,3060,57,2   3210,3910,400,1678,1890,113,5   3210,3980,300,402,568,85,2   3140,3940,1300,150,982,368,2   3130,3780,700,1294,1760,198,4   3040,3820,750,1872,2314,213,3   2950,4020,1400,1851,2295,397,5   2830,4060,4000,0,2161,1134,2   2790,3990,600,1096,1298,170,3   2710,4010,1000,2116,2720,283,5   2640,4140,500,654,1010,142,3   2770,4390,2500,0,1681,709,1   2900,4340,1700,823,1757,482,2   3190,4330,1100,1335,1651,312,3
!----------------------------------------------------------------
!Recharge stations: x,y
2920,4950   3090,4450   3040,4270   2610,4640   2950,4050

g inverse recharge rate 0.32
