!----------------------------------------------------------------
!Stores: (first: depot x,y; then: satellites x,y,maxCap)
300,0   1982,476,1000   985,805,1000   1474,624,1000   1117,188,1000
!----------------------------------------------------------------
!Trucks: (total#, cap, cost/dist, fixcost)
2,181,1,128   2,250,1,150   2,331,1,172
!----------------------------------------------------------------
!CityFreighters: (max cf/sat, total#, cap, cost/dist, fixcost, maxCharge, energyConsumption)
3,3,90,1,68,650,1   4,4,125,1,80,900,1   3,3,165,1,92,1190,1
!----------------------------------------------------------------
!Customers: (x, y, demand, readyTime, dueDate, serviceTime, penalizationCost)
615,600,27,4905,7137,1042,1   1511,329,23,4459,6217,888,5   1782,526,8,694,1222,309,2   509,649,9,4935,5929,347,3   450,391,4,2263,2535,154,3   1103,297,6,3478,4058,232,5   1090,759,8,1418,2110,309,3   1777,471,16,2692,4032,617,1   503,585,9,4380,5184,347,3   991,253,27,543,2047,1042,3   236,534,13,5710,6608,502,4   1027,793,24,4798,6456,926,2   1206,221,6,2995,3541,232,5   1774,556,7,1052,1724,270,3   500,471,22,107,1937,849,4   220,533,17,5011,6095,656,1   270,402,22,1431,2567,849,1   370,540,17,3097,4395,656,1   248,532,7,5086,5640,270,1   1473,452,19,1990,3708,733,2   1005,700,6,4780,5290,232,1   1218,251,4,925,1183,154,2   1461,480,29,2222,4428,1119,4   729,658,4,4984,5246,154,1   1377,537,25,2417,4735,965,4   1747,396,8,3879,4605,309,1   524,662,7,2619,2973,270,2   490,273,19,2677,4633,733,5   217,544,6,3390,3832,232,4   445,318,24,4161,4949,926,2   1401,748,23,3727,5669,888,3   858,647,16,2086,3116,617,2   1700,356,25,3029,4045,965,5   1207,342,12,3423,4305,463,1   924,339,5,4202,4566,193,2   1074,619,25,2280,4810,965,2   1391,295,26,1483,3301,1003,3   789,284,18,4096,5396,695,4   884,539,16,3237,4709,617,5   277,552,23,1752,2818,888,4   1234,712,29,2150,4336,1119,2   1048,910,5,4265,4729,193,4   1718,576,27,3519,5893,1042,2   629,161,16,3049,4173,617,5   363,216,5,5043,5457,193,1   1205,170,29,1305,3317,1119,4   993,642,8,6770,7164,309,2   1381,476,7,4555,5009,270,3   1648,835,20,3030,4428,772,4   1243,138,19,4603,6525,733,1
!----------------------------------------------------------------
!Recharge stations: x,y
300,0   1982,476   985,805   1474,624   1117,188   470,426   1269,663   687,469   521,365   1752,431   808,433   718,386   674,489   539,450   698,349   1401,422   1427,512   467,422   1207,579   91,480   1482,486   1531,472   1263,685   1496,216   586,610

g inverse recharge rate 0.73
