!----------------------------------------------------------------
!Stores: (first: depot x,y; then: satellites x,y,maxCap)
300,0   737,750,1000   1403,735,1000   1207,746,1000   214,536,1000
!----------------------------------------------------------------
!Trucks: (total#, cap, cost/dist, fixcost)
2,181,1,128   2,250,1,150   2,331,1,172
!----------------------------------------------------------------
!CityFreighters: (max cf/sat, total#, cap, cost/dist, fixcost, maxCharge, energyConsumption)
3,3,90,1,68,722,1   4,4,125,1,80,1000,1   3,3,165,1,92,1322,1
!----------------------------------------------------------------
!Customers: (x, y, demand, readyTime, dueDate, serviceTime, penalizationCost)
381,672,25,2247,3977,848,3   235,448,15,3052,3910,509,5   1527,689,11,4918,5694,373,5   991,692,10,4394,5048,339,4   1381,463,24,3695,5563,815,3   1331,325,10,799,1617,339,4   280,463,3,5319,5569,102,1   1649,482,20,1783,3083,679,3   1251,279,18,2629,3735,611,1   772,424,19,4844,6298,645,2   601,399,5,3221,3511,170,5   826,529,15,5207,6467,509,1   530,700,4,3115,3317,136,4   1347,369,20,2796,3682,679,5   358,653,26,582,2698,882,3   1456,310,20,1588,2520,679,4   432,545,11,1258,2050,373,5   308,637,10,3382,3912,339,3   715,262,27,4103,5869,916,3   870,441,5,855,1021,170,5   1624,425,17,4292,6006,577,5   253,551,5,3573,3849,170,2   630,527,19,1834,3292,645,2   1106,459,12,2186,3058,407,4   968,772,26,3629,5615,882,3   993,689,13,1506,2626,441,4   242,444,28,2945,4857,950,2   1479,590,20,3418,4610,679,4   1436,406,20,1343,2791,679,3   516,737,26,635,2289,882,3   1581,667,26,3648,5270,882,5   1019,358,16,1707,2849,543,4   1616,672,13,1984,2892,441,2   557,378,18,1696,2708,611,2   1394,537,22,0,1516,747,2   1601,345,21,4534,5862,713,1   769,350,14,4311,5557,475,5   1790,485,17,836,2088,577,3   814,743,26,0,1300,882,2   399,364,29,4202,6560,984,5   835,490,8,4133,4447,272,2   533,911,20,4639,6567,679,4   630,548,10,3738,4350,339,2   1296,446,14,3942,4712,475,3   1428,556,6,4832,5362,204,5   278,269,6,2485,2907,204,2   646,530,3,6360,6574,102,3   1658,532,14,4668,5520,475,2   470,622,19,4,1266,645,2   1838,751,9,2488,3002,305,5
!----------------------------------------------------------------
!Recharge stations: x,y
300,0   737,750   1403,735   1207,746   214,536   1130,505   1578,314   1186,382   970,162   665,917   1713,789   37,542   1171,701   275,335   1325,207   585,786   855,801   517,331   1820,216   1356,325   756,278   383,615   1193,217   485,339   559,431

g inverse recharge rate 0.59
