!----------------------------------------------------------------
!Stores: (first: depot x,y; then: satellites x,y,maxCap)
300,0   54,456,1000   164,276,1000   1745,570,1000   1076,323,1000
!----------------------------------------------------------------
!Trucks: (total#, cap, cost/dist, fixcost)
2,181,1,128   2,250,1,150   2,331,1,172
!----------------------------------------------------------------
!CityFreighters: (max cf/sat, total#, cap, cost/dist, fixcost, maxCharge, energyConsumption)
3,3,90,1,68,578,1   4,4,125,1,80,800,1   3,3,165,1,92,1058,1
!----------------------------------------------------------------
!Customers: (x, y, demand, readyTime, dueDate, serviceTime, penalizationCost)
1267,379,15,3830,5330,656,3   588,332,25,2778,4822,1093,5   359,385,20,870,3004,875,1   1711,446,21,5014,6394,918,2   1748,553,14,5177,6439,612,1   501,610,4,5830,6192,175,3   743,356,4,562,772,175,2   1253,700,20,3316,4928,875,5   212,516,11,4293,5225,481,4   817,431,25,1323,3235,1093,1   473,323,12,2894,4174,525,1   884,530,20,3481,5165,875,5   319,527,29,1790,4008,1268,2   1013,202,12,2610,3764,525,5   666,690,7,3782,4586,306,5   1380,521,10,7011,8169,437,2   1542,585,17,454,2170,743,1   218,469,18,1722,3472,787,2   1642,509,17,5220,7034,743,2   1370,431,25,1778,4330,1093,1   1398,390,15,603,1409,656,5   1556,315,11,1727,2479,481,3   294,594,4,6386,6786,175,3   350,659,5,2705,3135,219,4   446,593,14,2162,3182,612,2   1467,397,23,2741,5075,1006,2   205,524,8,5731,6289,350,2   790,276,27,0,1970,1181,4   364,353,18,1430,3218,787,1   1157,436,21,6044,7796,918,5   254,501,28,5621,8085,1224,5   1672,607,20,4278,6182,875,2   1391,587,26,3151,5545,1137,4   1096,593,4,1697,1999,175,1   1335,471,6,7530,8044,262,5   1178,614,23,1093,3697,1006,5   662,563,13,3491,3973,568,3   956,365,21,161,2421,918,4   1175,619,22,2615,4085,962,4   1492,323,24,1218,4034,1049,2   1622,680,5,5417,6093,219,2   254,287,26,1502,4028,1137,5   1860,336,17,5032,6162,743,4   1588,369,10,4343,5149,437,4   1199,247,5,3102,3684,219,2   885,670,11,2674,3510,481,4   108,629,6,2765,3555,262,1   1456,199,9,4224,5192,394,4   599,646,12,6356,7420,525,5   384,157,5,905,1467,219,4
!----------------------------------------------------------------
!Recharge stations: x,y
300,0   54,456   164,276   1745,570   1076,323   895,312   1052,600   1666,701   1481,567   588,510   226,568   243,479   1265,205   1665,402   160,494   955,546   269,603   1421,693   639,189   1800,542   949,499   336,352   768,838   1590,129   266,356

g inverse recharge rate 0.92
