!----------------------------------------------------------------
!Stores: (first: depot x,y; then: satellites x,y,maxCap)
300,0   1314,650,1000   548,85,1000   70,356,1000   844,731,1000
!----------------------------------------------------------------
!Trucks: (total#, cap, cost/dist, fixcost)
2,181,1,128   2,250,1,150   2,331,1,172
!----------------------------------------------------------------
!CityFreighters: (max cf/sat, total#, cap, cost/dist, fixcost, maxCharge, energyConsumption)
3,3,90,1,68,722,1   4,4,125,1,80,1000,1   3,3,165,1,92,1322,1
!----------------------------------------------------------------
!Customers: (x, y, demand, readyTime, dueDate, serviceTime, penalizationCost)
1140,489,22,4011,5723,844,1   1210,344,10,5503,6475,384,2   283,552,7,5471,5891,269,1   1743,579,11,2439,3175,422,4   660,253,15,6277,7681,575,2   808,679,4,719,983,153,3   288,610,3,5155,5417,115,4   1320,570,10,2750,3194,384,5   984,331,29,3886,6478,1112,3   1198,680,17,2771,4107,652,1   1390,344,18,3395,5035,691,3   1427,604,7,5979,6339,269,4   1264,777,19,2320,3844,729,4   1192,450,16,4451,5331,614,4   1350,439,21,2964,4954,806,1   890,676,22,1587,4141,844,3   1265,750,17,263,1823,652,1   1488,311,23,260,1924,882,4   1676,533,17,4231,5841,652,5   232,547,26,0,1938,997,5   1548,424,16,4253,5475,614,3   1087,469,19,5289,6819,729,5   577,324,11,2118,3074,422,1   200,500,25,1242,4082,959,4   1621,484,11,6098,7012,422,1   1585,514,27,0,2133,1036,3   457,347,10,6387,7033,384,5   1507,592,12,5216,5986,460,3   316,368,13,3207,4011,499,5   512,602,9,1921,2635,345,3   1445,645,28,2220,4396,1074,5   805,561,5,5347,5875,192,5   342,511,23,5143,7253,882,1   1639,556,18,822,1778,691,3   825,343,7,2618,3234,269,1   1751,499,18,2189,3663,691,3   1684,637,18,317,1937,691,1   1472,666,8,6749,7247,307,5   1094,424,11,412,1256,422,1   1701,426,18,2817,4103,691,3   1345,660,19,3599,5197,729,2   878,16,28,2588,5018,1074,5   216,792,7,4803,5257,269,1   961,798,21,4709,6391,806,2   1184,801,12,1315,2205,460,2   1274,186,22,0,1716,844,5   928,905,19,3203,4407,729,3   1061,989,25,2074,3754,959,2   474,471,11,1804,2672,422,5   248,292,11,4915,5539,422,3
!----------------------------------------------------------------
!Recharge stations: x,y
300,0   1314,650   548,85   70,356   844,731   273,357   372,710   1529,261   1270,389   655,302   1674,380   1396,767   244,452   1523,709   426,287   921,702   861,575   1356,580   529,269   122,368   690,624   750,182   364,612   1301,231   417,330

g inverse recharge rate 0.67
