!----------------------------------------------------------------
!Stores: (first: depot x,y; then: satellites x,y,maxCap)
300,0   202,728,1000   890,151,1000   513,786,1000   1784,582,1000
!----------------------------------------------------------------
!Trucks: (total#, cap, cost/dist, fixcost)
2,181,1,128   2,250,1,150   2,331,1,172
!----------------------------------------------------------------
!CityFreighters: (max cf/sat, total#, cap, cost/dist, fixcost, maxCharge, energyConsumption)
3,3,90,1,68,867,1   4,4,125,1,80,1200,1   3,3,165,1,92,1587,1
!----------------------------------------------------------------
!Customers: (x, y, demand, readyTime, dueDate, serviceTime, penalizationCost)
1750,415,9,4455,5183,325,1   841,486,16,3377,4721,577,5   899,411,18,2875,4267,650,1   388,556,12,4920,5814,433,4   393,583,29,0,1874,1046,2   839,230,24,567,2619,866,3   643,498,20,5953,7475,722,1   337,493,29,573,2569,1046,5   999,763,12,5116,5974,433,5   1500,311,15,3954,4984,541,2   963,247,4,4746,5038,144,2   798,280,29,0,1737,1046,5   577,520,6,1537,1931,217,1   1797,503,9,5367,5961,325,4   677,431,16,4224,5624,577,2   824,704,7,4025,4469,253,3   459,457,24,899,2807,866,1   1114,683,29,46,1890,1046,1   619,594,18,5390,6476,650,5   1160,259,7,4070,4716,253,1   1047,255,26,1754,3498,938,5   343,365,6,3581,3955,217,3   441,433,9,4239,4751,325,2   473,433,12,5925,6783,433,4   407,687,26,1128,3512,938,3   790,432,16,4856,6136,577,3   1297,414,19,2702,4224,686,2   405,375,3,7158,7416,108,2   1439,389,25,5278,7152,902,3   594,417,9,5220,5764,325,3   341,609,23,1542,2914,830,3   775,660,11,2716,3300,397,1   352,634,22,837,3201,794,5   357,638,10,341,1111,361,5   1159,427,3,5719,5937,108,2   281,607,27,953,3219,974,5   1068,421,25,1156,3044,902,5   905,634,14,1575,2759,505,1   1419,319,20,5690,7154,722,4   1686,485,28,713,2727,1010,1   944,857,27,1771,3457,974,4   1666,342,10,2165,3073,361,3   1434,829,9,1760,2122,325,1   1057,640,13,808,1812,469,3   364,687,25,4157,6129,902,2   409,496,20,1240,2776,722,5   1720,468,29,3956,6056,1046,1   1379,702,24,3009,4459,866,4   1772,212,16,1774,2870,577,2   1585,896,7,1225,1789,253,4
!----------------------------------------------------------------
!Recharge stations: x,y
300,0   202,728   890,151   513,786   1784,582   448,468   986,218   351,644   341,622   717,273   826,244   365,552   746,715   636,773   1015,235   1683,331   143,585   1643,462   660,516   260,418   461,471   450,654   1756,444   260,623   1744,579

g inverse recharge rate 0.56
