!----------------------------------------------------------------
!Stores: (first: depot x,y; then: satellites x,y,maxCap)
300,0   1258,707,1000   742,378,1000   174,458,1000   1537,247,1000
!----------------------------------------------------------------
!Trucks: (total#, cap, cost/dist, fixcost)
2,181,1,128   2,250,1,150   2,331,1,172
!----------------------------------------------------------------
!CityFreighters: (max cf/sat, total#, cap, cost/dist, fixcost, maxCharge, energyConsumption)
3,3,90,1,68,1156,1   4,4,125,1,80,1600,1   3,3,165,1,92,2116,1
!----------------------------------------------------------------
!Customers: (x, y, demand, readyTime, dueDate, serviceTime, penalizationCost)
1078,257,15,4514,5292,480,5   918,628,27,656,2234,865,1   381,345,29,762,2782,929,2   816,329,22,3388,5192,705,4   799,696,8,1965,2531,256,1   423,464,10,1833,2587,320,2   1346,338,25,4587,6729,801,3   844,755,4,729,919,128,5   1010,342,6,2008,2274,192,5   825,749,29,1011,3313,929,3   873,553,22,7,1659,705,4   1364,513,29,1431,3053,929,1   582,247,10,3835,4465,320,2   202,518,18,731,1919,576,3   919,267,22,3497,4867,705,1   1686,510,4,4438,4710,128,3   1105,394,23,429,2229,737,5   569,729,20,2915,4443,641,1   660,568,20,1965,3643,641,2   1089,463,7,2499,3011,224,1   489,348,24,2081,3997,769,3   644,327,9,4006,4510,288,2   517,331,4,4552,4784,128,4   420,358,16,2026,3274,512,1   1669,384,22,2757,4653,705,1   394,671,10,5687,6303,320,4   1266,371,26,3657,5241,833,1   1260,399,28,259,1919,897,3   1148,529,24,3385,5425,769,3   1161,311,13,698,1458,416,2   1216,736,4,1919,2137,128,2   1065,715,5,4659,4903,160,5   1540,609,23,538,2104,737,1   543,522,6,3161,3447,192,5   567,444,13,2328,3156,416,2   904,516,22,3024,4424,705,1   1716,406,6,3075,3619,192,4   460,677,18,355,1709,576,5   1277,456,22,320,1740,705,2   921,466,12,4614,5582,384,5   1801,385,27,4205,5915,865,1   197,438,21,1442,2370,673,1   1520,513,12,2651,3653,384,5   866,783,25,3627,4897,801,3   939,892,22,2457,3807,705,1   1033,424,29,2805,4509,929,5   535,761,10,5541,6257,320,4   1986,442,10,2528,3204,320,5   664,627,3,6136,6352,96,1   1583,153,25,333,2301,801,5
!----------------------------------------------------------------
!Recharge stations: x,y
300,0   1258,707   742,378   174,458   1537,247   934,581   1805,572   524,736   1767,528   1779,612   1046,238   1769,517   1339,698   824,700   762,402   1424,448   996,706   1842,529   555,586   1101,584   787,361   1107,409   1572,359   889,355   1722,382

g inverse recharge rate 0.37
