!----------------------------------------------------------------
!Stores: (first: depot x,y; then: satellites x,y,maxCap)
300,0   1982,476,1000   985,805,1000   1474,624,1000   1117,188,1000
!----------------------------------------------------------------
!Trucks: (total#, cap, cost/dist, fixcost)
2,181,1,128   2,250,1,150   2,331,1,172
!----------------------------------------------------------------
!CityFreighters: (max cf/sat, total#, cap, cost/dist, fixcost, maxCharge, energyConsumption)
3,3,90,1,68,722,1   4,4,125,1,80,1000,1   3,3,165,1,92,1322,1
!----------------------------------------------------------------
!Customers: (x, y, demand, readyTime, dueDate, serviceTime, penalizationCost)
615,600,27,2610,5318,1042,2   1511,329,23,5440,7024,888,2   1782,526,8,4311,4961,309,4   509,649,9,3271,3701,347,3   450,391,4,3678,3982,154,5   1103,297,6,1649,2097,232,5   1090,759,8,6777,7399,309,1   1777,471,16,4780,6202,617,4   503,585,9,5081,5641,347,2   991,253,27,1156,3464,1042,2   236,534,13,4626,5668,502,4   1027,793,24,1931,4399,926,4   1206,221,6,4911,5435,232,5   1774,556,7,2057,2609,270,2   500,471,22,2758,4738,849,3   220,533,17,2595,3545,656,3   270,402,22,4693,6293,849,3   370,540,17,4179,5567,656,4   248,532,7,4245,4937,270,2   1473,452,19,4949,6343,733,4   1005,700,6,6495,6991,232,2   1218,251,4,3399,3711,154,1   1461,480,29,1225,4085,1119,5   729,658,4,871,1187,154,2   1377,537,25,1093,2735,965,5   1747,396,8,3251,4021,309,1   524,662,7,5598,6146,270,4   490,273,19,4224,5478,733,2   217,544,6,3700,4210,232,2   445,318,24,1667,3739,926,1   1401,748,23,2167,3709,888,2   858,647,16,1900,3066,617,1   1700,356,25,2909,4619,965,3   1207,342,12,4775,5977,463,5   924,339,5,2374,2796,193,1   1074,619,25,3039,4725,965,2   1391,295,26,4908,6674,1003,1   789,284,18,4522,5400,695,5   884,539,16,451,1533,617,4   277,552,23,3642,5792,888,3   1234,712,29,3007,5251,1119,2   1048,910,5,3640,3854,193,3   1718,576,27,3587,5787,1042,3   629,161,16,3750,4786,617,1   363,216,5,1586,2130,193,3   1205,170,29,2855,4741,1119,4   993,642,8,1189,1831,309,5   1381,476,7,3903,4497,270,4   1648,835,20,337,2233,772,1   1243,138,19,3011,4203,733,3
!----------------------------------------------------------------
!Recharge stations: x,y
300,0   1982,476   985,805   1474,624   1117,188   470,426   1269,663   687,469   521,365   1752,431   808,433   718,386   674,489   539,450   698,349   1401,422   1427,512   467,422   1207,579   91,480   1482,486   1531,472   1263,685   1496,216   586,610

g inverse recharge rate 0.66
