!----------------------------------------------------------------
!Stores: (first: depot x,y; then: satellites x,y,maxCap)
300,0   674,747,1000   1212,82,1000   1820,396,1000   146,610,1000
!----------------------------------------------------------------
!Trucks: (total#, cap, cost/dist, fixcost)
2,181,1,128   2,250,1,150   2,331,1,172
!----------------------------------------------------------------
!CityFreighters: (max cf/sat, total#, cap, cost/dist, fixcost, maxCharge, energyConsumption)
3,3,90,1,68,1156,1   4,4,125,1,80,1600,1   3,3,165,1,92,2116,1
!----------------------------------------------------------------
!Customers: (x, y, demand, readyTime, dueDate, serviceTime, penalizationCost)
780,646,22,299,1653,802,3   711,230,24,2823,4997,874,4   573,491,16,298,1066,583,2   466,713,9,2250,2874,328,5   580,515,15,3218,4366,547,5   785,684,29,625,1927,1057,5   1798,482,16,5968,7498,583,2   1254,401,11,1787,2703,401,1   1267,503,24,1907,4091,874,1   1692,387,19,1107,2191,692,5   1346,517,24,2542,4094,874,4   1640,434,7,2648,3308,255,3   952,712,29,4016,6262,1057,4   300,610,19,3594,4790,692,1   735,309,5,6835,7121,182,2   1201,417,19,3525,5149,692,5   912,561,22,2744,4284,802,2   682,725,16,944,2198,583,2   556,373,21,3372,4744,765,3   437,502,15,2931,4097,547,3   1244,258,8,4359,4889,291,5   346,373,24,3377,4785,874,2   1686,512,24,662,1922,874,2   1612,372,12,2575,3545,437,1   1369,252,28,2832,5332,1020,3   869,647,3,1938,2128,109,5   1517,668,12,3964,4812,437,3   875,666,6,2072,2634,219,3   421,332,19,3253,4795,692,1   1487,492,10,464,1334,364,2   734,421,8,5039,5649,291,4   555,624,25,3895,5731,911,3   1791,481,20,4699,5409,729,4   1089,427,3,6836,7060,109,4   1529,435,24,5590,7590,874,5   320,416,21,497,1461,765,5   1670,625,8,1411,1739,291,2   512,609,22,6138,7910,802,3   1644,378,28,1529,3941,1020,1   1538,497,23,749,2825,838,2   1697,615,20,2293,3649,729,1   106,330,22,4454,6006,802,2   1565,227,18,3023,4463,656,5   607,835,17,2076,3642,619,5   1837,538,13,4519,5483,474,5   1511,654,22,4622,5402,802,4   988,57,7,5968,6514,255,5   1437,655,29,1342,3464,1057,2   833,230,18,6021,7329,656,4   741,20,25,99,1981,911,2
!----------------------------------------------------------------
!Recharge stations: x,y
300,0   674,747   1212,82   1820,396   146,610   594,208   900,186   1024,417   1145,426   1792,477   576,776   239,630   1713,323   1471,501   1667,668   355,687   236,202   588,459   1324,526   153,521   239,502   1273,594   965,466   350,401   1270,734

g inverse recharge rate 0.44
