!----------------------------------------------------------------
!Stores: (first: depot x,y; then: satellites x,y,maxCap)
300,0   1659,775,1000   808,901,1000   1591,509,1000   392,464,1000
!----------------------------------------------------------------
!Trucks: (total#, cap, cost/dist, fixcost)
2,181,1,128   2,250,1,150   2,331,1,172
!----------------------------------------------------------------
!CityFreighters: (max cf/sat, total#, cap, cost/dist, fixcost, maxCharge, energyConsumption)
3,3,90,1,68,650,1   4,4,125,1,80,900,1   3,3,165,1,92,1190,1
!----------------------------------------------------------------
!Customers: (x, y, demand, readyTime, dueDate, serviceTime, penalizationCost)
792,282,11,3055,3691,383,1   1380,598,3,7023,7265,104,2   618,441,29,4756,6982,1009,2   1553,584,13,3219,4501,452,1   998,533,4,4483,4735,139,4   1244,774,6,5577,5971,209,3   884,770,19,3203,4337,661,1   1080,404,6,4475,4833,209,4   481,409,16,3295,4759,557,3   664,358,29,4081,6491,1009,3   1498,576,26,0,1671,905,3   1652,651,22,4813,6369,765,2   622,687,23,5615,7027,800,4   900,495,19,2304,3846,661,2   719,221,10,3938,4668,348,5   579,264,11,1048,1570,383,4   1361,307,10,1130,1674,348,2   365,366,21,2695,4167,731,2   1258,562,20,345,1535,696,3   1600,540,13,6322,7202,452,2   560,562,15,3797,5113,522,1   382,682,14,4409,5285,487,1   1757,481,28,2601,4143,974,1   1129,555,13,903,1911,452,5   1358,384,14,689,1743,487,3   1222,388,22,2421,3375,765,3   447,529,25,60,1830,870,1   986,327,10,1355,2087,348,3   1488,332,16,3277,4689,557,1   303,614,7,5512,5954,244,5   322,547,6,4484,4806,209,4   1167,396,19,2908,4022,661,4   1210,425,22,3233,4739,765,2   1031,395,23,140,1544,800,2   829,439,14,4460,5068,487,4   1062,223,29,4548,6716,1009,4   1714,373,20,5707,6965,696,4   1083,289,6,5863,6217,209,5   675,307,9,3384,3984,313,3   985,532,12,5677,6569,418,4   1507,186,27,3404,4888,939,1   1645,498,21,3558,4744,731,5   560,830,29,2708,4318,1009,3   46,552,28,2329,4105,974,5   98,507,12,3216,4032,418,1   1372,399,23,1081,2367,800,3   202,283,18,2822,3894,626,1   1186,634,22,2956,5084,765,4   764,580,6,4575,4865,209,3   1628,760,25,3777,5147,870,3
!----------------------------------------------------------------
!Recharge stations: x,y
300,0   1659,775   808,901   1591,509   392,464   1757,423   1107,6   1049,303   1705,574   1363,190   1397,760   456,754   119,636   897,432   1297,408   289,574   617,747   1580,499   1489,401   328,706   1562,584   1735,269   1433,279   1597,283   189,504

g inverse recharge rate 0.72
