!----------------------------------------------------------------
!Stores: (first: depot x,y; then: satellites x,y,maxCap)
300,0   1680,198,1000   1105,702,1000   1469,679,1000   967,345,1000
!----------------------------------------------------------------
!Trucks: (total#, cap, cost/dist, fixcost)
2,181,1,128   2,250,1,150   2,331,1,172
!----------------------------------------------------------------
!CityFreighters: (max cf/sat, total#, cap, cost/dist, fixcost, maxCharge, energyConsumption)
3,3,90,1,68,722,1   4,4,125,1,80,1000,1   3,3,165,1,92,1322,1
!----------------------------------------------------------------
!Customers: (x, y, demand, readyTime, dueDate, serviceTime, penalizationCost)
802,540,20,4311,5689,591,2   1641,343,5,2101,2445,148,4   1184,667,26,2895,4527,769,3   942,312,28,2922,4208,828,3   1136,426,11,3842,4376,325,1   1212,394,11,5302,5762,325,1   962,605,16,4988,5798,473,1   463,582,13,2892,3560,384,4   491,462,25,2474,4022,739,4   675,621,26,368,2118,769,1   1505,436,12,4192,4898,355,5   1719,382,10,4951,5571,296,1   378,359,25,3493,5151,739,1   843,452,14,3696,4506,414,2   625,721,19,3819,4719,562,4   1634,400,25,3856,5504,739,4   1057,607,29,2876,4530,857,3   768,507,10,1515,2013,296,3   1543,611,14,130,860,414,2   685,382,10,1820,2376,296,1   1027,322,17,2998,3996,503,1   816,578,7,2390,2784,207,5   727,698,8,4090,4480,237,2   1301,421,18,691,1743,532,2   358,485,13,4887,5505,384,4   1767,538,18,590,1764,532,1   310,555,15,3406,4464,443,3   693,574,18,2316,3330,532,1   878,305,18,1937,2847,532,3   976,524,23,0,1557,680,1   920,554,13,2403,3311,384,5   1291,546,23,4689,5685,680,5   799,506,10,4210,5000,296,1   890,602,24,31,1259,710,3   1746,558,19,0,1157,562,2   1331,642,25,0,1107,739,4   1567,456,27,2082,3810,798,2   1295,261,18,5093,6063,532,5   1304,310,5,2852,3132,148,3   681,714,14,4398,5514,414,4   809,607,16,2754,3628,473,2   725,388,8,2435,2895,237,4   103,632,4,4960,5220,118,1   1090,56,29,2251,3961,857,4   1906,663,25,443,1989,739,3   408,559,23,307,1897,680,2   387,541,25,529,2329,739,5   138,358,12,1990,2774,355,5   1414,489,25,3813,4595,739,2   1645,614,3,4862,4992,89,3
!----------------------------------------------------------------
!Recharge stations: x,y
300,0   1680,198   1105,702   1469,679   967,345   326,462   761,296   1152,234   351,436   675,802   1276,477   613,572   1479,418   544,246   1956,463   1135,317   504,633   604,809   1822,438   1035,378   916,153   270,616   1055,810   195,555   944,722

g inverse recharge rate 0.55
