!----------------------------------------------------------------
!Stores: (first: depot x,y; then: satellites x,y,maxCap)
300,0   1056,693,1000   103,661,1000   114,485,1000   1304,808,1000
!----------------------------------------------------------------
!Trucks: (total#, cap, cost/dist, fixcost)
2,181,1,128   2,250,1,150   2,331,1,172
!----------------------------------------------------------------
!CityFreighters: (max cf/sat, total#, cap, cost/dist, fixcost, maxCharge, energyConsumption)
3,3,90,1,68,795,1   4,4,125,1,80,1100,1   3,3,165,1,92,1455,1
!----------------------------------------------------------------
!Customers: (x, y, demand, readyTime, dueDate, serviceTime, penalizationCost)
1163,500,29,3065,4615,1042,4   1367,493,17,3933,5413,611,1   1485,607,26,3276,5116,934,2   1714,389,16,4799,5979,575,1   1141,670,10,2889,3507,359,5   342,564,29,3907,5987,1042,2   881,394,10,3675,4451,359,5   363,652,13,4558,5466,467,3   1144,739,20,2825,4011,719,2   262,395,5,5081,5455,180,4   1289,387,5,6147,6501,180,2   1060,256,28,4914,6646,1006,3   1137,712,4,5489,5739,144,5   877,554,6,3509,3905,216,4   387,602,17,4480,5552,611,3   499,280,28,4097,5987,1006,3   735,489,9,2498,3424,323,2   1138,223,5,6011,6295,180,5   1773,517,24,2970,4282,862,1   463,646,22,705,2633,791,2   225,513,28,1116,2888,1006,4   987,328,14,1240,2566,503,4   1718,618,10,4487,5221,359,5   527,297,15,6007,6933,539,5   1653,580,26,4437,5933,934,3   847,769,3,2653,2919,108,5   429,548,20,436,2052,719,2   745,448,19,2669,4201,683,4   1593,500,3,5180,5452,108,5   469,718,18,4187,5691,647,2   1343,759,21,4333,6271,755,5   1460,507,4,1831,2073,144,1   1261,735,24,2123,3543,862,3   722,686,29,586,2782,1042,2   1404,478,14,3301,4393,503,3   677,632,22,3757,4863,791,3   1007,383,4,4724,5032,144,1   461,675,26,2860,4478,934,3   1362,527,13,3174,4126,467,5   980,486,3,4637,4741,108,5   644,679,20,4290,5654,719,2   406,154,21,3521,5357,755,2   1111,292,15,5817,6891,539,1   367,807,6,755,1421,216,2   285,608,27,2175,3671,970,2   849,557,29,47,1425,1042,5   394,411,29,4831,6809,1042,5   637,836,17,5048,6410,611,2   462,155,6,6109,6351,216,1   334,751,11,1947,2891,395,3
!----------------------------------------------------------------
!Recharge stations: x,y
300,0   1056,693   103,661   114,485   1304,808   1615,737   1344,598   1012,905   103,417   1523,354   1299,814   158,541   567,722   1701,635   976,253   845,391   1608,700   459,496   1691,557   973,187   558,529   701,686   1708,812   514,389   271,327

g inverse recharge rate 0.59
