!----------------------------------------------------------------
!Stores: (first: depot x,y; then: satellites x,y,maxCap)
300,0   1301,770,1000   254,805,1000   1042,125,1000   1949,604,1000
!----------------------------------------------------------------
!Trucks: (total#, cap, cost/dist, fixcost)
2,181,1,128   2,250,1,150   2,331,1,172
!----------------------------------------------------------------
!CityFreighters: (max cf/sat, total#, cap, cost/dist, fixcost, maxCharge, energyConsumption)
3,3,90,1,68,1084,1   4,4,125,1,80,1500,1   3,3,165,1,92,1984,1
!----------------------------------------------------------------
!Customers: (x, y, demand, readyTime, dueDate, serviceTime, penalizationCost)
629,336,12,5218,5876,496,4   460,387,11,4226,5082,455,4   1688,429,16,648,1838,662,2   1449,542,25,3249,5941,1034,4   1029,651,18,4818,6530,745,5   747,647,19,1933,3235,786,1   944,670,19,4848,7208,786,2   459,321,9,5965,6701,372,5   748,672,13,1913,3079,538,3   1734,562,20,5504,7400,827,2   1006,523,10,4846,5518,414,4   1115,344,26,1457,3619,1075,5   525,572,20,336,1928,827,2   1099,637,15,4696,6312,620,4   1733,426,29,1137,3377,1200,4   1239,422,13,3541,4765,538,3   1582,312,21,5198,7020,869,3   1221,729,21,1553,2887,869,4   649,668,28,4861,6913,1158,4   1435,250,6,2152,2660,248,2   371,320,9,1498,2552,372,4   610,490,11,2065,3223,455,4   752,225,18,4471,6067,745,1   1763,453,14,3473,4517,579,2   865,652,6,1286,1802,248,2   749,601,9,4969,5735,372,2   397,456,7,4373,4889,290,3   716,621,10,4548,5732,414,4   1500,608,12,3027,3693,496,4   851,771,22,5394,6984,910,3   1686,622,13,5271,6111,538,1   1555,455,11,2025,2567,455,5   680,485,6,1760,2306,248,1   1377,463,6,5963,6425,248,4   1630,501,6,3943,4567,248,4   1619,511,20,5691,7351,827,4   1578,620,11,4465,5497,455,2   387,409,15,3486,5236,620,1   859,326,16,1036,2024,662,2   586,446,8,5632,6202,331,3   1582,357,9,5976,6746,372,4   814,501,29,4508,7626,1200,1   1113,156,28,4314,5680,1158,2   1276,752,24,2961,5477,993,4   1706,620,19,4298,6230,786,5   1741,645,14,3054,4602,579,3   1451,629,15,6375,7779,620,3   1925,391,14,1143,2201,579,4   1433,513,6,2058,2602,248,4   1047,330,18,973,2333,745,2
!----------------------------------------------------------------
!Recharge stations: x,y
300,0   1301,770   254,805   1042,125   1949,604   786,558   961,757   592,546   1796,454   1828,482   282,366   306,487   1226,891   1253,280   420,427   1251,482   1168,320   1721,411   990,186   1576,561   495,385   1383,371   615,242   587,320   238,365

g inverse recharge rate 0.46
