!----------------------------------------------------------------
!Stores: (first: depot x,y; then: satellites x,y,maxCap)
300,0   1258,707,1000   742,378,1000   174,458,1000   1537,247,1000
!----------------------------------------------------------------
!Trucks: (total#, cap, cost/dist, fixcost)
2,181,1,128   2,250,1,150   2,331,1,172
!----------------------------------------------------------------
!CityFreighters: (max cf/sat, total#, cap, cost/dist, fixcost, maxCharge, energyConsumption)
3,3,90,1,68,1084,1   4,4,125,1,80,1500,1   3,3,165,1,92,1984,1
!----------------------------------------------------------------
!Customers: (x, y, demand, readyTime, dueDate, serviceTime, penalizationCost)
1078,257,15,715,1905,480,5   918,628,27,1417,2951,865,3   381,345,29,3073,5267,929,5   816,329,22,2211,3545,705,4   799,696,8,2827,3343,256,3   423,464,10,727,1207,320,3   1346,338,25,2081,3281,801,4   844,755,4,5393,5671,128,4   1010,342,6,3097,3489,192,4   825,749,29,0,1779,929,3   873,553,22,0,1650,705,5   1364,513,29,3518,5536,929,5   582,247,10,2227,2885,320,1   202,518,18,228,1322,576,4   919,267,22,1529,2579,705,1   1686,510,4,1013,1355,128,2   1105,394,23,4017,5421,737,5   569,729,20,3480,4532,641,5   660,568,20,597,2407,641,2   1089,463,7,4458,5048,224,2   489,348,24,1337,2651,769,4   644,327,9,2058,2780,288,2   517,331,4,4151,4467,128,4   420,358,16,4882,6122,512,5   1669,384,22,3973,5347,705,4   394,671,10,2390,3088,320,3   1266,371,26,3334,5170,833,4   1260,399,28,3164,4592,897,4   1148,529,24,930,2812,769,1   1161,311,13,5462,6390,416,2   1216,736,4,5494,5786,128,4   1065,715,5,2000,2338,160,5   1540,609,23,1230,3152,737,1   543,522,6,1575,2007,192,5   567,444,13,4043,4911,416,4   904,516,22,2397,4099,705,4   1716,406,6,4008,4546,192,5   460,677,18,4163,5527,576,3   1277,456,22,688,2434,705,3   921,466,12,5439,6395,384,3   1801,385,27,3128,4770,865,2   197,438,21,3637,5075,673,3   1520,513,12,3898,4618,384,1   866,783,25,1860,3358,801,1   939,892,22,704,1842,705,4   1033,424,29,0,1812,929,5   535,761,10,4127,4837,320,4   1986,442,10,3318,3896,320,1   664,627,3,4435,4609,96,3   1583,153,25,3151,4429,801,3
!----------------------------------------------------------------
!Recharge stations: x,y
300,0   1258,707   742,378   174,458   1537,247   934,581   1805,572   524,736   1767,528   1779,612   1046,238   1769,517   1339,698   824,700   762,402   1424,448   996,706   1842,529   555,586   1101,584   787,361   1107,409   1572,359   889,355   1722,382

g inverse recharge rate 0.39
