!----------------------------------------------------------------
!Stores: (first: depot x,y; then: satellites x,y,maxCap)
300,0   19,412,1000   1569,459,1000   942,291,1000   915,886,1000
!----------------------------------------------------------------
!Trucks: (total#, cap, cost/dist, fixcost)
2,181,1,128   2,250,1,150   2,331,1,172
!----------------------------------------------------------------
!CityFreighters: (max cf/sat, total#, cap, cost/dist, fixcost, maxCharge, energyConsumption)
3,3,90,1,68,1084,1   4,4,125,1,80,1500,1   3,3,165,1,92,1984,1
!----------------------------------------------------------------
!Customers: (x, y, demand, readyTime, dueDate, serviceTime, penalizationCost)
351,600,3,3136,3348,99,2   1478,561,13,758,1560,429,5   343,526,13,5359,6325,429,3   1430,715,15,2382,3704,495,2   1180,363,24,2598,3866,793,5   1694,455,24,3202,5072,793,2   729,716,24,288,2078,793,1   1431,751,7,5587,5765,231,3   1121,679,13,4135,4947,429,3   1730,487,7,5527,6085,231,1   1011,611,13,5646,6800,429,4   936,759,3,3483,3689,99,4   566,574,25,3475,5169,826,1   1375,345,29,819,2251,958,4   1404,295,8,2353,2897,264,4   1157,552,18,1630,2926,594,1   1088,740,15,4291,5437,495,4   1156,345,28,3736,6048,925,2   297,560,11,4206,5134,363,5   335,368,23,5164,6330,760,1   455,416,20,3802,5064,661,3   1569,399,25,3250,5022,826,3   1106,454,25,5343,6651,826,1   1026,309,25,2923,4241,826,1   1712,607,26,4200,5608,859,2   1667,468,18,2127,3125,594,4   1326,541,21,155,1145,694,2   446,474,16,1248,2512,528,4   1027,276,15,4322,5198,495,4   601,343,28,5085,6735,925,4   1234,725,12,3560,4516,396,2   577,344,24,3754,5434,793,2   997,505,28,3482,5420,925,4   689,655,11,5312,6076,363,2   820,475,7,1555,1977,231,4   1386,363,12,2342,2948,396,4   1374,619,28,1065,2473,925,5   634,766,17,5976,6946,561,4   1069,762,11,2434,3250,363,3   1463,514,9,2362,2870,297,1   380,752,20,1636,2956,661,4   267,433,22,4623,5985,727,2   697,595,6,5387,5767,198,5   367,732,27,3566,5246,892,3   757,20,16,2128,3228,528,5   289,398,16,2031,3051,528,1   1696,780,24,3503,4691,793,3   1568,507,9,3043,3691,297,2   728,52,28,287,2009,925,4   708,701,21,2816,4988,694,1
!----------------------------------------------------------------
!Recharge stations: x,y
300,0   19,412   1569,459   942,291   915,886   472,502   1451,479   700,699   1437,418   1166,164   1531,323   568,226   1411,440   1451,451   320,860   1059,540   864,669   1521,408   1604,357   1541,246   1630,431   1036,722   761,47   868,333   249,687

g inverse recharge rate 0.43
