!----------------------------------------------------------------
!Stores: (first: depot x,y; then: satellites x,y,maxCap)
300,0   1680,198,1000   1105,702,1000   1469,679,1000   967,345,1000
!----------------------------------------------------------------
!Trucks: (total#, cap, cost/dist, fixcost)
2,181,1,128   2,250,1,150   2,331,1,172
!----------------------------------------------------------------
!CityFreighters: (max cf/sat, total#, cap, cost/dist, fixcost, maxCharge, energyConsumption)
3,3,90,1,68,578,1   4,4,125,1,80,800,1   3,3,165,1,92,1058,1
!----------------------------------------------------------------
!Customers: (x, y, demand, readyTime, dueDate, serviceTime, penalizationCost)
802,540,20,2167,3059,591,5   1641,343,5,3287,3591,148,5   1184,667,26,1030,2214,769,5   942,312,28,985,2315,828,5   1136,426,11,216,778,325,4   1212,394,11,3364,4026,325,5   962,605,16,2723,3993,473,1   463,582,13,4541,5427,384,3   491,462,25,4534,5652,739,2   675,621,26,112,1290,769,2   1505,436,12,1389,2009,355,3   1719,382,10,4441,5025,296,4   378,359,25,2735,4039,739,2   843,452,14,2867,3669,414,2   625,721,19,549,1473,562,5   1634,400,25,101,2123,739,1   1057,607,29,4447,6423,857,3   768,507,10,2192,3012,296,4   1543,611,14,2799,3499,414,1   685,382,10,4709,5445,296,2   1027,322,17,4621,5663,503,1   816,578,7,5427,5831,207,3   727,698,8,1289,1641,237,4   1301,421,18,2685,3535,532,1   358,485,13,4694,5430,384,5   1767,538,18,4189,5115,532,1   310,555,15,2001,2955,443,5   693,574,18,317,1433,532,1   878,305,18,2552,3708,532,1   976,524,23,2614,3938,680,3   920,554,13,3358,4026,384,4   1291,546,23,3005,4067,680,2   799,506,10,1039,1621,296,3   890,602,24,2647,3805,710,5   1746,558,19,4642,5776,562,4   1331,642,25,3497,5077,739,2   1567,456,27,0,1154,798,5   1295,261,18,3296,4054,532,4   1304,310,5,4601,4927,148,1   681,714,14,464,1034,414,4   809,607,16,2513,3505,473,3   725,388,8,5286,5812,237,4   103,632,4,2892,3132,118,5   1090,56,29,577,2261,857,1   1906,663,25,3203,4325,739,1   408,559,23,1351,2977,680,4   387,541,25,2306,3954,739,5   138,358,12,1844,2448,355,5   1414,489,25,1496,2712,739,2   1645,614,3,5259,5429,89,1
!----------------------------------------------------------------
!Recharge stations: x,y
300,0   1680,198   1105,702   1469,679   967,345   326,462   761,296   1152,234   351,436   675,802   1276,477   613,572   1479,418   544,246   1956,463   1135,317   504,633   604,809   1822,438   1035,378   916,153   270,616   1055,810   195,555   944,722

g inverse recharge rate 0.69
