!----------------------------------------------------------------
!Stores: (first: depot x,y; then: satellites x,y,maxCap)
300,0   1653,568,1000   1871,320,1000   1234,686,1000   279,699,1000
!----------------------------------------------------------------
!Trucks: (total#, cap, cost/dist, fixcost)
2,181,1,128   2,250,1,150   2,331,1,172
!----------------------------------------------------------------
!CityFreighters: (max cf/sat, total#, cap, cost/dist, fixcost, maxCharge, energyConsumption)
3,3,90,1,68,578,1   4,4,125,1,80,800,1   3,3,165,1,92,1058,1
!----------------------------------------------------------------
!Customers: (x, y, demand, readyTime, dueDate, serviceTime, penalizationCost)
1227,755,3,5596,5814,111,1   1781,476,27,5434,7466,996,5   1051,385,9,4984,5874,332,4   366,540,25,4718,6128,922,4   801,289,7,4485,4973,258,4   1193,317,10,4723,5213,369,3   1060,468,29,3702,6052,1070,1   982,744,6,2377,2793,221,4   590,349,21,3145,4471,775,2   679,272,25,5114,6260,922,2   810,399,7,6311,6747,258,1   977,713,16,2149,3443,590,2   934,265,11,6188,6772,406,1   458,492,21,4921,6877,775,2   1554,663,27,3000,4886,996,3   460,405,13,2427,3179,480,1   1375,264,19,4751,6385,701,2   784,295,7,4184,4868,258,3   1185,262,17,5102,5866,627,2   852,774,19,4421,5839,701,4   205,510,9,3495,4157,332,4   917,244,5,6837,7177,184,5   1339,726,18,4484,5376,664,5   1557,371,24,4566,6176,885,1   1252,738,16,4990,5948,590,5   1173,621,29,3746,6070,1070,1   1636,352,28,3215,5403,1033,5   1435,523,26,2643,4535,959,4   441,334,8,4444,4866,295,3   237,572,3,4002,4204,111,2   321,577,12,1608,2248,443,2   1428,570,29,3919,6527,1070,4   1536,287,20,4219,5675,738,3   794,332,27,5512,7482,996,1   1623,523,29,2869,5219,1070,2   203,497,12,5104,5980,443,1   461,697,25,5302,6920,922,4   439,477,10,6531,7351,369,3   1354,714,20,2618,4102,738,2   1710,494,14,1983,3065,516,1   638,433,11,5474,6100,406,4   1594,622,25,4460,6234,922,1   1350,165,5,4765,5067,184,4   1664,507,10,1962,2886,369,5   695,739,14,4409,5161,516,4   1215,830,24,4452,6306,885,1   1584,213,27,3091,5143,996,4   318,339,20,4922,6610,738,4   1588,508,22,3339,4743,812,4   138,336,19,2644,4332,701,3
!----------------------------------------------------------------
!Recharge stations: x,y
300,0   1653,568   1871,320   1234,686   279,699   661,466   1714,350   994,513   564,385   1804,498   949,186   1456,213   1683,691   740,798   1284,621   107,487   185,487   1486,215   1524,745   856,617   1515,676   1355,275   1007,173   1143,935   1282,788

g inverse recharge rate 0.87
