!----------------------------------------------------------------
!Stores: (first: depot x,y; then: satellites x,y,maxCap)
300,0   941,202,1000   764,856,1000   989,385,1000   706,294,1000
!----------------------------------------------------------------
!Trucks: (total#, cap, cost/dist, fixcost)
2,181,1,128   2,250,1,150   2,331,1,172
!----------------------------------------------------------------
!CityFreighters: (max cf/sat, total#, cap, cost/dist, fixcost, maxCharge, energyConsumption)
3,3,90,1,68,578,1   4,4,125,1,80,800,1   3,3,165,1,92,1058,1
!----------------------------------------------------------------
!Customers: (x, y, demand, readyTime, dueDate, serviceTime, penalizationCost)
395,389,21,913,2397,568,1   1351,406,17,3365,4149,459,4   811,620,26,0,1527,703,2   1558,318,7,3821,4317,189,2   1093,597,25,3555,4697,676,2   1670,525,9,2352,2902,243,1   1364,741,27,3100,4468,730,3   1108,353,6,5217,5455,162,3   811,277,23,2129,3609,622,5   570,613,13,4733,5581,351,2   695,289,23,2233,3317,622,4   617,241,8,1815,2373,216,3   1471,373,12,2067,2857,324,3   846,746,4,813,983,108,2   486,281,19,2084,3066,513,4   1423,306,24,1788,2894,649,1   1317,658,22,3026,4060,595,1   1613,640,25,2923,3883,676,5   1043,609,14,2251,2997,378,1   482,401,15,4222,5070,405,2   1375,313,14,4300,5126,378,3   1698,587,27,1160,2848,730,4   1425,250,7,3510,4038,189,2   1435,294,7,4330,4686,189,2   910,429,16,4873,5605,432,5   726,695,9,166,592,243,3   467,338,3,1216,1394,81,4   277,487,18,869,1847,486,5   1079,513,15,1550,2564,405,4   341,514,12,397,1005,324,1   875,338,16,156,818,432,4   331,498,15,2635,3521,405,5   314,395,15,1682,2404,405,4   616,561,23,409,2049,622,1   907,722,27,0,1437,730,3   855,247,21,572,1634,568,4   1116,540,27,3340,4568,730,2   1531,429,10,3170,3576,270,3   582,522,10,4978,5500,270,2   628,409,11,1001,1459,297,5   1717,715,8,2146,2548,216,2   336,142,27,1095,2495,730,5   1495,602,12,1418,2050,324,4   1059,62,13,3818,4506,351,2   1114,692,21,3858,5020,568,4   673,414,26,97,1165,703,3   527,885,11,1830,2250,297,4   1841,629,20,3878,4710,540,3   1315,472,23,817,2101,622,1   465,222,19,3995,5313,513,3
!----------------------------------------------------------------
!Recharge stations: x,y
300,0   941,202   764,856   989,385   706,294   1527,333   1472,253   261,554   532,279   384,280   947,742   1506,457   263,387   511,644   238,352   662,615   188,567   1827,519   1644,482   905,333   725,649   566,473   1323,721   725,650   116,684

g inverse recharge rate 0.61
