!----------------------------------------------------------------
!Stores: (first: depot x,y; then: satellites x,y,maxCap)
300,0   674,747,1000   1212,82,1000   1820,396,1000   146,610,1000
!----------------------------------------------------------------
!Trucks: (total#, cap, cost/dist, fixcost)
2,181,1,128   2,250,1,150   2,331,1,172
!----------------------------------------------------------------
!CityFreighters: (max cf/sat, total#, cap, cost/dist, fixcost, maxCharge, energyConsumption)
3,3,90,1,68,578,1   4,4,125,1,80,800,1   3,3,165,1,92,1058,1
!----------------------------------------------------------------
!Customers: (x, y, demand, readyTime, dueDate, serviceTime, penalizationCost)
780,646,22,6182,7804,802,4   711,230,24,6098,7350,874,5   573,491,16,4963,6195,583,5   466,713,9,4551,5199,328,2   580,515,15,708,1862,547,5   785,684,29,2239,4689,1057,3   1798,482,16,1756,2916,583,2   1254,401,11,4131,4913,401,2   1267,503,24,5175,7533,874,1   1692,387,19,285,1621,692,4   1346,517,24,2984,4396,874,4   1640,434,7,2319,2825,255,3   952,712,29,3423,5749,1057,2   300,610,19,3423,5065,692,4   735,309,5,3107,3419,182,2   1201,417,19,5922,6792,692,3   912,561,22,1107,2559,802,5   682,725,16,2475,3665,583,3   556,373,21,1989,2847,765,2   437,502,15,491,1689,547,2   1244,258,8,3491,4099,291,4   346,373,24,1560,3478,874,2   1686,512,24,4023,6065,874,1   1612,372,12,4068,4916,437,3   1369,252,28,2241,5007,1020,3   869,647,3,5819,6037,109,4   1517,668,12,1816,2510,437,3   875,666,6,1038,1396,219,5   421,332,19,2781,4129,692,4   1487,492,10,6054,6684,364,4   734,421,8,7260,7598,291,4   555,624,25,0,1731,911,5   1791,481,20,1378,3220,729,2   1089,427,3,6442,6662,109,4   1529,435,24,3141,5085,874,2   320,416,21,2177,3975,765,5   1670,625,8,1881,2371,291,1   512,609,22,2178,3926,802,5   1644,378,28,3129,5067,1020,3   1538,497,23,2974,4742,838,5   1697,615,20,4672,5928,729,2   106,330,22,2506,4106,802,5   1565,227,18,3894,5326,656,5   607,835,17,1523,2871,619,3   1837,538,13,4054,5112,474,5   1511,654,22,3510,4776,802,2   988,57,7,2140,2788,255,3   1437,655,29,2396,5272,1057,5   833,230,18,3978,4940,656,5   741,20,25,3650,5530,911,3
!----------------------------------------------------------------
!Recharge stations: x,y
300,0   674,747   1212,82   1820,396   146,610   594,208   900,186   1024,417   1145,426   1792,477   576,776   239,630   1713,323   1471,501   1667,668   355,687   236,202   588,459   1324,526   153,521   239,502   1273,594   965,466   350,401   1270,734

g inverse recharge rate 0.88
