!----------------------------------------------------------------
!Stores: (first: depot x,y; then: satellites x,y,maxCap)
300,0   737,750,1000   1403,735,1000   1207,746,1000   214,536,1000
!----------------------------------------------------------------
!Trucks: (total#, cap, cost/dist, fixcost)
2,181,1,128   2,250,1,150   2,331,1,172
!----------------------------------------------------------------
!CityFreighters: (max cf/sat, total#, cap, cost/dist, fixcost, maxCharge, energyConsumption)
3,3,90,1,68,1011,1   4,4,125,1,80,1400,1   3,3,165,1,92,1851,1
!----------------------------------------------------------------
!Customers: (x, y, demand, readyTime, dueDate, serviceTime, penalizationCost)
381,672,25,1528,3074,848,5   235,448,15,3763,5021,509,4   1527,689,11,451,1097,373,2   991,692,10,4867,5515,339,1   1381,463,24,1234,2894,815,4   1331,325,10,4286,4928,339,3   280,463,3,4379,4589,102,2   1649,482,20,874,2006,679,4   1251,279,18,746,2514,611,1   772,424,19,770,1808,645,2   601,399,5,2705,3111,170,3   826,529,15,1723,2805,509,1   530,700,4,1866,2104,136,3   1347,369,20,2385,3337,679,3   358,653,26,1859,3945,882,5   1456,310,20,985,2255,679,1   432,545,11,2535,3383,373,2   308,637,10,1881,2447,339,3   715,262,27,1001,2773,916,1   870,441,5,1500,1768,170,2   1624,425,17,3760,5228,577,4   253,551,5,2679,2983,170,3   630,527,19,2116,3388,645,1   1106,459,12,4589,5457,407,4   968,772,26,462,2238,882,4   993,689,13,2279,3079,441,4   242,444,28,2228,3980,950,1   1479,590,20,4437,5587,679,4   1436,406,20,2383,4319,679,2   516,737,26,1251,3381,882,3   1581,667,26,706,2390,882,3   1019,358,16,5312,6518,543,1   1616,672,13,1332,2546,441,5   557,378,18,1690,3006,611,2   1394,537,22,3985,5251,747,5   1601,345,21,1056,2268,713,2   769,350,14,3016,3816,475,5   1790,485,17,4363,5753,577,1   814,743,26,2928,4376,882,2   399,364,29,1820,3890,984,2   835,490,8,5681,6163,272,2   533,911,20,3927,5097,679,2   630,548,10,1011,1773,339,5   1296,446,14,596,1648,475,2   1428,556,6,1663,2121,204,2   278,269,6,4728,5334,204,2   646,530,3,4862,5106,102,3   1658,532,14,940,1776,475,3   470,622,19,3107,4779,645,1   1838,751,9,2216,2882,305,4
!----------------------------------------------------------------
!Recharge stations: x,y
300,0   737,750   1403,735   1207,746   214,536   1130,505   1578,314   1186,382   970,162   665,917   1713,789   37,542   1171,701   275,335   1325,207   585,786   855,801   517,331   1820,216   1356,325   756,278   383,615   1193,217   485,339   559,431

g inverse recharge rate 0.42
