!----------------------------------------------------------------
!Stores: (first: depot x,y; then: satellites x,y,maxCap)
300,0   732,403,1000   1811,773,1000   1333,923,1000   292,524,1000
!----------------------------------------------------------------
!Trucks: (total#, cap, cost/dist, fixcost)
2,181,1,128   2,250,1,150   2,331,1,172
!----------------------------------------------------------------
!CityFreighters: (max cf/sat, total#, cap, cost/dist, fixcost, maxCharge, energyConsumption)
3,3,90,1,68,1011,1   4,4,125,1,80,1400,1   3,3,165,1,92,1851,1
!----------------------------------------------------------------
!Customers: (x, y, demand, readyTime, dueDate, serviceTime, penalizationCost)
272,537,9,3812,4628,351,5   717,464,19,255,2197,741,5   753,610,16,4094,5042,624,2   1518,502,16,488,1600,624,1   1131,684,12,1122,2166,468,5   276,491,14,1978,2908,546,1   1242,541,20,1735,3453,780,2   1422,645,20,4789,6673,780,3   1749,415,25,4091,6571,974,4   841,499,16,1401,2793,624,5   557,543,10,3969,4399,390,1   522,388,24,940,2736,936,3   1258,718,12,186,1226,468,3   1072,451,15,2951,4413,585,4   1490,350,18,3234,4844,702,3   1141,314,12,1514,2328,468,1   484,494,10,6499,7487,390,4   428,624,18,2911,4285,702,2   342,653,23,3658,5156,897,5   578,526,22,1721,3633,858,5   1372,269,7,738,1402,273,3   830,523,4,632,936,156,5   482,297,5,6900,7330,195,4   1602,373,29,2047,4523,1130,1   1486,588,10,3180,3754,390,1   649,414,25,2442,4002,974,2   1025,382,17,5727,7103,663,1   1065,439,14,3161,4155,546,4   660,685,6,5345,5807,234,5   656,350,16,4408,5808,624,4   989,787,23,1102,2990,897,4   905,667,8,4405,5137,312,2   1641,625,25,4727,6449,974,3   438,562,7,2071,2667,273,1   769,310,22,3789,5917,858,5   1748,516,26,5027,6883,1013,4   487,628,16,2183,2869,624,2   572,723,10,5095,6151,390,2   216,479,6,1097,1423,234,5   798,595,22,1751,3817,858,3   1297,866,28,556,2012,1091,4   1021,106,11,6483,7321,429,3   1523,174,3,4025,4269,117,1   31,431,20,4086,6014,780,3   1776,656,3,2168,2336,117,2   1660,243,24,1011,2655,936,4   1965,617,14,2554,3940,546,2   284,442,8,2454,3208,312,1   312,522,25,893,2969,974,3   467,589,20,1981,3935,780,4
!----------------------------------------------------------------
!Recharge stations: x,y
300,0   732,403   1811,773   1333,923   292,524   532,607   1579,633   1365,729   1029,248   1581,368   930,657   1714,335   1549,605   1569,637   1008,253   1149,587   1442,744   1062,156   706,456   516,322   530,356   365,282   798,423   721,382   1015,299

g inverse recharge rate 0.48
