!----------------------------------------------------------------
!Stores: (first: depot x,y; then: satellites x,y,maxCap)
300,0   1314,650,1000   548,85,1000   70,356,1000   844,731,1000
!----------------------------------------------------------------
!Trucks: (total#, cap, cost/dist, fixcost)
2,181,1,128   2,250,1,150   2,331,1,172
!----------------------------------------------------------------
!CityFreighters: (max cf/sat, total#, cap, cost/dist, fixcost, maxCharge, energyConsumption)
3,3,90,1,68,1011,1   4,4,125,1,80,1400,1   3,3,165,1,92,1851,1
!----------------------------------------------------------------
!Customers: (x, y, demand, readyTime, dueDate, serviceTime, penalizationCost)
1140,489,22,5056,6468,844,2   1210,344,10,3224,3810,384,5   283,552,7,2668,3126,269,5   1743,579,11,3316,4278,422,5   660,253,15,5490,6386,575,4   808,679,4,5869,6141,153,5   288,610,3,6564,6842,115,1   1320,570,10,3721,4213,384,2   984,331,29,3261,4661,1112,3   1198,680,17,259,1173,652,3   1390,344,18,4072,5262,691,3   1427,604,7,3722,4378,269,3   1264,777,19,1788,3304,729,2   1192,450,16,4419,5439,614,4   1350,439,21,1119,2601,806,2   890,676,22,2227,4019,844,2   1265,750,17,4133,5405,652,3   1488,311,23,2277,4247,882,2   1676,533,17,528,1602,652,1   232,547,26,3832,5310,997,5   1548,424,16,4275,5729,614,4   1087,469,19,1819,2951,729,4   577,324,11,1527,2351,422,2   200,500,25,4488,6234,959,2   1621,484,11,788,1658,422,1   1585,514,27,3067,5069,1036,4   457,347,10,2971,3533,384,2   1507,592,12,5600,6370,460,2   316,368,13,4558,5444,499,3   512,602,9,6585,7423,345,5   1445,645,28,1744,4288,1074,2   805,561,5,3438,3798,192,5   342,511,23,1345,3019,882,2   1639,556,18,5646,6792,691,2   825,343,7,4546,5048,269,4   1751,499,18,2470,4024,691,1   1684,637,18,2514,3880,691,3   1472,666,8,3718,4522,307,2   1094,424,11,2835,3781,422,3   1701,426,18,5504,6738,691,2   1345,660,19,2685,4287,729,1   878,16,28,0,2090,1074,2   216,792,7,3701,4499,269,5   961,798,21,5260,6656,806,1   1184,801,12,4559,5455,460,4   1274,186,22,813,2089,844,5   928,905,19,1961,3459,729,3   1061,989,25,1381,3399,959,2   474,471,11,5779,6605,422,3   248,292,11,1173,1957,422,1
!----------------------------------------------------------------
!Recharge stations: x,y
300,0   1314,650   548,85   70,356   844,731   273,357   372,710   1529,261   1270,389   655,302   1674,380   1396,767   244,452   1523,709   426,287   921,702   861,575   1356,580   529,269   122,368   690,624   750,182   364,612   1301,231   417,330

g inverse recharge rate 0.48
