!----------------------------------------------------------------
!Stores: (first: depot x,y; then: satellites x,y,maxCap)
300,0   1002,917,1000   103,601,1000   426,696,1000   614,98,1000
!----------------------------------------------------------------
!Trucks: (total#, cap, cost/dist, fixcost)
2,181,1,128   2,250,1,150   2,331,1,172
!----------------------------------------------------------------
!CityFreighters: (max cf/sat, total#, cap, cost/dist, fixcost, maxCharge, energyConsumption)
3,3,90,1,68,1228,1   4,4,125,1,80,1700,1   3,3,165,1,92,2248,1
!----------------------------------------------------------------
!Customers: (x, y, demand, readyTime, dueDate, serviceTime, penalizationCost)
1347,608,18,4887,6589,772,1   411,612,7,4,810,300,2   852,558,4,6156,6418,172,5   953,749,6,4142,4692,257,2   1328,600,27,2258,3986,1159,3   1203,628,12,6067,7195,515,2   1401,354,21,4507,6795,901,4   1587,324,13,5186,6416,558,3   1522,633,5,854,1348,215,3   1253,424,10,5749,6617,429,3   1024,672,8,317,1089,343,5   1337,743,13,1215,2023,558,4   940,357,5,7438,7950,215,1   1311,642,16,2217,3589,687,1   1695,558,28,2238,3874,1202,2   585,586,19,1116,2994,815,5   1061,582,14,3898,5258,601,1   940,546,5,1405,1863,215,4   1386,509,26,4637,6963,1116,5   510,434,26,5163,7667,1116,3   1343,701,4,5085,5345,172,4   1721,609,23,3425,5467,987,5   1493,580,10,5244,5924,429,5   918,642,29,0,1834,1244,1   320,576,23,4629,6721,987,3   851,720,19,0,1687,815,2   437,347,18,21,1023,772,4   1773,549,8,2393,3143,343,4   587,656,18,9,1957,772,5   1318,469,25,4157,6217,1073,4   1086,232,6,3237,3531,257,1   959,214,19,2851,4171,815,3   359,442,5,7316,7778,215,5   702,558,21,6261,7703,901,4   1732,412,22,2148,3724,944,3   809,732,25,5093,6475,1073,1   1590,695,8,1830,2218,343,4   649,476,11,4915,5629,472,5   1725,509,24,4380,6014,1030,5   552,397,18,107,1911,772,2   1414,63,24,4431,6779,1030,2   1994,533,3,3923,4141,129,3   453,407,9,3333,4127,386,4   1327,714,27,4367,6293,1159,2   1354,537,18,4496,6132,772,3   1919,563,3,3359,3557,129,4   416,212,17,5414,6702,729,2   1372,201,23,3332,5968,987,4   1665,798,28,5393,7377,1202,2   1051,387,24,1963,4695,1030,5
!----------------------------------------------------------------
!Recharge stations: x,y
300,0   1002,917   103,601   426,696   614,98   1498,536   1333,640   1301,579   1751,599   1842,499   1007,805   1591,542   917,770   1495,365   101,677   925,760   1295,746   499,651   511,538   1266,703   804,818   170,509   979,253   171,427   253,647

g inverse recharge rate 0.44
