!----------------------------------------------------------------
!Stores: (first: depot x,y; then: satellites x,y,maxCap)
300,0   1653,568,1000   1871,320,1000   1234,686,1000   279,699,1000
!----------------------------------------------------------------
!Trucks: (total#, cap, cost/dist, fixcost)
2,181,1,128   2,250,1,150   2,331,1,172
!----------------------------------------------------------------
!CityFreighters: (max cf/sat, total#, cap, cost/dist, fixcost, maxCharge, energyConsumption)
3,3,90,1,68,722,1   4,4,125,1,80,1000,1   3,3,165,1,92,1322,1
!----------------------------------------------------------------
!Customers: (x, y, demand, readyTime, dueDate, serviceTime, penalizationCost)
1227,755,3,5748,6020,111,2   1781,476,27,5414,7480,996,4   1051,385,9,4290,5222,332,2   366,540,25,2280,4090,922,1   801,289,7,5880,6314,258,1   1193,317,10,4118,5008,369,3   1060,468,29,0,1561,1070,1   982,744,6,2374,2760,221,2   590,349,21,4955,6579,775,1   679,272,25,5224,7532,922,1   810,399,7,3639,4205,258,1   977,713,16,2294,3758,590,3   934,265,11,4725,5421,406,3   458,492,21,4398,5280,775,1   1554,663,27,5554,7168,996,3   460,405,13,1498,2492,480,5   1375,264,19,3263,4013,701,2   784,295,7,4318,4936,258,1   1185,262,17,2478,3510,627,3   852,774,19,1221,2143,701,1   205,510,9,2010,2582,332,1   917,244,5,5919,6209,184,1   1339,726,18,4256,5354,664,1   1557,371,24,2330,4148,885,2   1252,738,16,5431,6899,590,3   1173,621,29,519,2499,1070,3   1636,352,28,3011,5523,1033,2   1435,523,26,0,1480,959,4   441,334,8,2619,2963,295,4   237,572,3,3310,3542,111,3   321,577,12,6048,6980,443,4   1428,570,29,1243,3455,1070,2   1536,287,20,0,1592,738,1   794,332,27,2877,5313,996,2   1623,523,29,4082,6550,1070,1   203,497,12,5336,5958,443,5   461,697,25,5155,7595,922,2   439,477,10,6454,7506,369,1   1354,714,20,5644,7346,738,4   1710,494,14,4703,5923,516,4   638,433,11,4068,4788,406,2   1594,622,25,5631,7265,922,2   1350,165,5,650,1098,184,2   1664,507,10,3004,3920,369,5   695,739,14,810,1700,516,1   1215,830,24,4914,6776,885,2   1584,213,27,0,1785,996,5   318,339,20,1488,3226,738,4   1588,508,22,334,1590,812,3   138,336,19,2119,3141,701,5
!----------------------------------------------------------------
!Recharge stations: x,y
300,0   1653,568   1871,320   1234,686   279,699   661,466   1714,350   994,513   564,385   1804,498   949,186   1456,213   1683,691   740,798   1284,621   107,487   185,487   1486,215   1524,745   856,617   1515,676   1355,275   1007,173   1143,935   1282,788

g inverse recharge rate 0.7
