!----------------------------------------------------------------
!Stores: (first: depot x,y; then: satellites x,y,maxCap)
300,0   1002,917,1000   103,601,1000   426,696,1000   614,98,1000
!----------------------------------------------------------------
!Trucks: (total#, cap, cost/dist, fixcost)
2,181,1,128   2,250,1,150   2,331,1,172
!----------------------------------------------------------------
!CityFreighters: (max cf/sat, total#, cap, cost/dist, fixcost, maxCharge, energyConsumption)
3,3,90,1,68,650,1   4,4,125,1,80,900,1   3,3,165,1,92,1190,1
!----------------------------------------------------------------
!Customers: (x, y, demand, readyTime, dueDate, serviceTime, penalizationCost)
1347,608,18,4801,6491,772,3   411,612,7,5863,6483,300,5   852,558,4,964,1236,172,2   953,749,6,6827,7563,257,5   1328,600,27,5016,7092,1159,2   1203,628,12,6493,7625,515,3   1401,354,21,0,2127,901,3   1587,324,13,6823,7905,558,5   1522,633,5,3830,4336,215,4   1253,424,10,6451,7155,429,3   1024,672,8,521,1295,343,1   1337,743,13,6594,7504,558,4   940,357,5,5176,5642,215,4   1311,642,16,2414,3536,687,3   1695,558,28,4153,7197,1202,1   585,586,19,4870,6472,815,4   1061,582,14,5149,6227,601,4   940,546,5,5763,6151,215,3   1386,509,26,1987,4239,1116,4   510,434,26,6265,8695,1116,2   1343,701,4,4581,4837,172,5   1721,609,23,763,2463,987,5   1493,580,10,2441,3377,429,1   918,642,29,4411,6733,1244,3   320,576,23,3523,5589,987,1   851,720,19,2032,3848,815,3   437,347,18,2056,3738,772,4   1773,549,8,2259,2801,343,2   587,656,18,4943,6617,772,5   1318,469,25,1587,3711,1073,2   1086,232,6,1988,2410,257,4   959,214,19,4819,5955,815,4   359,442,5,4680,4952,215,1   702,558,21,534,2414,901,2   1732,412,22,2591,5051,944,2   809,732,25,4663,6727,1073,3   1590,695,8,1182,1866,343,5   649,476,11,495,1613,472,4   1725,509,24,5526,7440,1030,2   552,397,18,4805,6203,772,2   1414,63,24,4845,6663,1030,5   1994,533,3,3050,3320,129,1   453,407,9,5625,6171,386,1   1327,714,27,2131,4915,1159,1   1354,537,18,45,1981,772,3   1919,563,3,5581,5925,129,5   416,212,17,4149,5333,729,3   1372,201,23,4159,6353,987,2   1665,798,28,2568,5568,1202,1   1051,387,24,2797,6079,1030,4
!----------------------------------------------------------------
!Recharge stations: x,y
300,0   1002,917   103,601   426,696   614,98   1498,536   1333,640   1301,579   1751,599   1842,499   1007,805   1591,542   917,770   1495,365   101,677   925,760   1295,746   499,651   511,538   1266,703   804,818   170,509   979,253   171,427   253,647

g inverse recharge rate 0.83
