!----------------------------------------------------------------
!Stores: (first: depot x,y; then: satellites x,y,maxCap)
300,0   1653,568,1000   1871,320,1000   1234,686,1000   279,699,1000
!----------------------------------------------------------------
!Trucks: (total#, cap, cost/dist, fixcost)
2,181,1,128   2,250,1,150   2,331,1,172
!----------------------------------------------------------------
!CityFreighters: (max cf/sat, total#, cap, cost/dist, fixcost, maxCharge, energyConsumption)
3,3,90,1,68,1156,1   4,4,125,1,80,1600,1   3,3,165,1,92,2116,1
!----------------------------------------------------------------
!Customers: (x, y, demand, readyTime, dueDate, serviceTime, penalizationCost)
1227,755,3,1630,1932,111,3   1781,476,27,4642,6308,996,5   1051,385,9,5682,6404,332,5   366,540,25,3192,4898,922,1   801,289,7,5856,6468,258,5   1193,317,10,4878,5688,369,4   1060,468,29,1764,4312,1070,1   982,744,6,5616,6174,221,3   590,349,21,2016,3960,775,3   679,272,25,2811,5241,922,5   810,399,7,995,1629,258,3   977,713,16,302,1614,590,5   934,265,11,772,1976,406,5   458,492,21,2449,3631,775,5   1554,663,27,2669,4733,996,3   460,405,13,3069,4201,480,2   1375,264,19,1271,2869,701,2   784,295,7,6645,7147,258,2   1185,262,17,4475,5727,627,5   852,774,19,3153,4303,701,2   205,510,9,1511,2257,332,5   917,244,5,1711,2029,184,2   1339,726,18,3580,4912,664,2   1557,371,24,993,2727,885,1   1252,738,16,2390,3676,590,5   1173,621,29,1587,4077,1070,2   1636,352,28,499,3255,1033,5   1435,523,26,2859,4373,959,4   441,334,8,4047,4567,295,3   237,572,3,4242,4500,111,2   321,577,12,4946,5582,443,4   1428,570,29,568,2660,1070,2   1536,287,20,2211,4077,738,2   794,332,27,1571,3721,996,3   1623,523,29,1571,4127,1070,2   203,497,12,5588,6408,443,5   461,697,25,2066,3934,922,2   439,477,10,4806,5560,369,3   1354,714,20,126,1664,738,4   1710,494,14,6635,7777,516,3   638,433,11,456,1286,406,3   1594,622,25,1248,3080,922,1   1350,165,5,4422,4750,184,5   1664,507,10,4564,5200,369,4   695,739,14,1162,2100,516,2   1215,830,24,3846,5744,885,3   1584,213,27,3187,4473,996,3   318,339,20,3371,5417,738,4   1588,508,22,3522,5172,812,2   138,336,19,5535,6917,701,2
!----------------------------------------------------------------
!Recharge stations: x,y
300,0   1653,568   1871,320   1234,686   279,699   661,466   1714,350   994,513   564,385   1804,498   949,186   1456,213   1683,691   740,798   1284,621   107,487   185,487   1486,215   1524,745   856,617   1515,676   1355,275   1007,173   1143,935   1282,788

g inverse recharge rate 0.43
