!----------------------------------------------------------------
!Stores: (first: depot x,y; then: satellites x,y,maxCap)
300,0   202,728,1000   890,151,1000   513,786,1000   1784,582,1000
!----------------------------------------------------------------
!Trucks: (total#, cap, cost/dist, fixcost)
2,181,1,128   2,250,1,150   2,331,1,172
!----------------------------------------------------------------
!CityFreighters: (max cf/sat, total#, cap, cost/dist, fixcost, maxCharge, energyConsumption)
3,3,90,1,68,1228,1   4,4,125,1,80,1700,1   3,3,165,1,92,2248,1
!----------------------------------------------------------------
!Customers: (x, y, demand, readyTime, dueDate, serviceTime, penalizationCost)
1750,415,9,2951,3529,325,2   841,486,16,5891,7067,577,5   899,411,18,964,2100,650,5   388,556,12,2578,3678,433,1   393,583,29,231,1765,1046,2   839,230,24,2959,4379,866,3   643,498,20,1024,2682,722,5   337,493,29,229,2695,1046,4   999,763,12,3393,4119,433,5   1500,311,15,869,1969,541,2   963,247,4,6135,6405,144,1   798,280,29,3431,5309,1046,1   577,520,6,3859,4369,217,4   1797,503,9,3818,4414,325,3   677,431,16,2667,3369,577,5   824,704,7,4787,5415,253,3   459,457,24,1538,2568,866,4   1114,683,29,611,2737,1046,5   619,594,18,2237,3567,650,4   1160,259,7,4542,5122,253,4   1047,255,26,5078,6214,938,1   343,365,6,3829,4283,217,1   441,433,9,3346,3926,325,5   473,433,12,5074,5732,433,5   407,687,26,5210,6840,938,5   790,432,16,1672,2940,577,1   1297,414,19,3751,4923,686,5   405,375,3,2858,2994,108,5   1439,389,25,4276,6042,902,3   594,417,9,2249,2787,325,2   341,609,23,5676,7278,830,3   775,660,11,952,1622,397,2   352,634,22,3634,5536,794,5   357,638,10,498,998,361,4   1159,427,3,5793,6049,108,1   281,607,27,4684,6958,974,4   1068,421,25,3065,4429,902,3   905,634,14,1061,2003,505,1   1419,319,20,2158,2948,722,3   1686,485,28,2046,4334,1010,4   944,857,27,3311,5325,974,4   1666,342,10,3828,4526,361,4   1434,829,9,3173,3721,325,5   1057,640,13,5221,6171,469,1   364,687,25,3765,5709,902,2   409,496,20,5163,6575,722,5   1720,468,29,2774,4982,1046,1   1379,702,24,3986,5690,866,2   1772,212,16,1130,2420,577,5   1585,896,7,4939,5337,253,5
!----------------------------------------------------------------
!Recharge stations: x,y
300,0   202,728   890,151   513,786   1784,582   448,468   986,218   351,644   341,622   717,273   826,244   365,552   746,715   636,773   1015,235   1683,331   143,585   1643,462   660,516   260,418   461,471   450,654   1756,444   260,623   1744,579

g inverse recharge rate 0.39
