!----------------------------------------------------------------
!Stores: (first: depot x,y; then: satellites x,y,maxCap)
300,0   1056,693,1000   103,661,1000   114,485,1000   1304,808,1000
!----------------------------------------------------------------
!Trucks: (total#, cap, cost/dist, fixcost)
2,181,1,128   2,250,1,150   2,331,1,172
!----------------------------------------------------------------
!CityFreighters: (max cf/sat, total#, cap, cost/dist, fixcost, maxCharge, energyConsumption)
3,3,90,1,68,1156,1   4,4,125,1,80,1600,1   3,3,165,1,92,2116,1
!----------------------------------------------------------------
!Customers: (x, y, demand, readyTime, dueDate, serviceTime, penalizationCost)
1163,500,29,909,3819,1042,1   1367,493,17,520,1920,611,5   1485,607,26,844,2750,934,4   1714,389,16,3290,4456,575,2   1141,670,10,6205,6871,359,1   342,564,29,3068,5120,1042,2   881,394,10,4598,4994,359,2   363,652,13,2982,3640,467,3   1144,739,20,2589,3961,719,3   262,395,5,2200,2622,180,1   1289,387,5,3401,3801,180,5   1060,256,28,4439,6639,1006,2   1137,712,4,3979,4335,144,2   877,554,6,524,890,216,5   387,602,17,4878,6164,611,1   499,280,28,3282,4232,1006,5   735,489,9,2403,3231,323,3   1138,223,5,5074,5474,180,3   1773,517,24,3796,5940,862,2   463,646,22,1629,2777,791,2   225,513,28,0,2322,1006,4   987,328,14,2637,3841,503,3   1718,618,10,2039,2933,359,3   527,297,15,4497,5779,539,3   1653,580,26,3180,4622,934,5   847,769,3,5872,6048,108,4   429,548,20,4347,5765,719,2   745,448,19,2739,3955,683,5   1593,500,3,6202,6458,108,4   469,718,18,5743,7387,647,2   1343,759,21,3530,5362,755,5   1460,507,4,771,1009,144,3   1261,735,24,3505,4691,862,1   722,686,29,3524,6244,1042,1   1404,478,14,2240,3200,503,3   677,632,22,5085,6687,791,2   1007,383,4,3308,3586,144,3   461,675,26,2618,4426,934,4   1362,527,13,4712,6006,467,4   980,486,3,1296,1540,108,4   644,679,20,603,2119,719,2   406,154,21,1612,2796,755,4   1111,292,15,2415,2977,539,2   367,807,6,695,931,216,3   285,608,27,3959,6119,970,3   849,557,29,0,1857,1042,3   394,411,29,3548,4700,1042,2   637,836,17,4223,5293,611,3   462,155,6,6549,7007,216,1   334,751,11,6196,6986,395,2
!----------------------------------------------------------------
!Recharge stations: x,y
300,0   1056,693   103,661   114,485   1304,808   1615,737   1344,598   1012,905   103,417   1523,354   1299,814   158,541   567,722   1701,635   976,253   845,391   1608,700   459,496   1691,557   973,187   558,529   701,686   1708,812   514,389   271,327

g inverse recharge rate 0.4
