!----------------------------------------------------------------
!Stores: (first: depot x,y; then: satellites x,y,maxCap)
300,0   341,811,1000   468,469,1000   1903,681,1000   1739,317,1000
!----------------------------------------------------------------
!Trucks: (total#, cap, cost/dist, fixcost)
2,181,1,128   2,250,1,150   2,331,1,172
!----------------------------------------------------------------
!CityFreighters: (max cf/sat, total#, cap, cost/dist, fixcost, maxCharge, energyConsumption)
3,3,90,1,68,867,1   4,4,125,1,80,1200,1   3,3,165,1,92,1587,1
!----------------------------------------------------------------
!Customers: (x, y, demand, readyTime, dueDate, serviceTime, penalizationCost)
1457,621,29,1785,3667,1354,1   1369,514,15,892,2030,701,3   450,294,18,3651,5037,841,2   1201,625,4,2926,3220,187,4   303,393,10,6599,7257,467,4   626,373,9,1157,1781,420,5   986,751,21,3483,5835,981,3   1687,572,6,7039,7379,280,3   807,535,17,4398,5598,794,4   957,602,7,7455,8111,327,5   1341,466,14,1103,2391,654,4   868,335,19,4867,6343,887,2   1477,427,3,5957,6201,140,5   1710,513,7,7104,7762,327,1   297,516,18,4837,6415,841,5   1566,595,15,4853,6399,701,3   982,373,19,3480,4708,887,2   602,560,12,2576,3808,560,1   1018,575,17,3015,4797,794,3   681,511,19,1998,4226,887,4   390,389,12,2632,3838,560,3   1717,407,3,5018,5372,140,1   812,728,4,4214,4716,187,2   1482,411,11,6539,7649,514,2   1121,230,9,6013,6909,420,5   724,609,5,3216,3582,234,2   732,543,7,3873,4321,327,4   1701,427,5,1153,1643,234,5   1429,411,26,5674,8198,1214,3   1580,334,6,6641,7279,280,5   1542,363,4,826,1324,187,1   446,356,26,102,2506,1214,4   1325,511,28,2037,5181,1308,4   1040,543,14,527,1859,654,2   839,762,10,5459,5951,467,1   826,427,25,1646,4362,1168,5   1622,535,18,5286,7298,841,2   1205,493,22,0,2054,1027,4   1756,487,13,6300,7552,607,5   1757,458,13,4186,5466,607,4   1205,634,26,5811,7551,1214,4   968,82,17,5921,8277,794,5   552,907,29,1027,3443,1354,4   933,725,11,4238,5226,514,3   1702,535,16,4004,5716,747,2   1374,356,9,4038,4860,420,5   1225,149,10,1075,2199,467,5   1029,837,20,5261,6613,934,3   894,84,23,1457,3793,1074,2   210,630,15,3369,4957,701,4
!----------------------------------------------------------------
!Recharge stations: x,y
300,0   341,811   468,469   1903,681   1739,317   848,592   1099,507   911,413   213,615   548,783   383,254   565,713   1717,496   1501,750   472,394   835,532   1065,724   1063,755   378,567   1418,245   1695,575   395,552   357,294   1675,329   1330,785

g inverse recharge rate 0.61
