!----------------------------------------------------------------
!Stores: (first: depot x,y; then: satellites x,y,maxCap)
300,0   341,811,1000   468,469,1000   1903,681,1000   1739,317,1000
!----------------------------------------------------------------
!Trucks: (total#, cap, cost/dist, fixcost)
2,181,1,128   2,250,1,150   2,331,1,172
!----------------------------------------------------------------
!CityFreighters: (max cf/sat, total#, cap, cost/dist, fixcost, maxCharge, energyConsumption)
3,3,90,1,68,939,1   4,4,125,1,80,1300,1   3,3,165,1,92,1719,1
!----------------------------------------------------------------
!Customers: (x, y, demand, readyTime, dueDate, serviceTime, penalizationCost)
1457,621,29,0,2865,1354,2   1369,514,15,4639,5975,701,3   450,294,18,4232,5710,841,5   1201,625,4,784,1140,187,4   303,393,10,6622,7280,467,4   626,373,9,3663,4475,420,4   986,751,21,1497,3121,981,3   1687,572,6,2709,3433,280,1   807,535,17,5907,7321,794,5   957,602,7,3638,4310,327,5   1341,466,14,6562,7604,654,4   868,335,19,1473,2497,887,3   1477,427,3,7034,7378,140,4   1710,513,7,6606,7272,327,2   297,516,18,4068,4964,841,1   1566,595,15,3250,4944,701,2   982,373,19,5989,7819,887,5   602,560,12,1146,2190,560,5   1018,575,17,5608,6824,794,3   681,511,19,6159,7737,887,3   390,389,12,5402,6564,560,1   1717,407,3,4177,4425,140,3   812,728,4,6178,6516,187,4   1482,411,11,3703,4685,514,4   1121,230,9,795,1689,420,1   724,609,5,2329,2769,234,2   732,543,7,3135,3801,327,1   1701,427,5,4066,4500,234,1   1429,411,26,4432,6424,1214,4   1580,334,6,3344,3710,280,2   1542,363,4,3749,4009,187,4   446,356,26,2179,4143,1214,5   1325,511,28,5127,8091,1308,1   1040,543,14,4470,6218,654,2   839,762,10,1092,2314,467,5   826,427,25,2283,4761,1168,5   1622,535,18,2768,5022,841,5   1205,493,22,237,2063,1027,5   1756,487,13,5577,6773,607,2   1757,458,13,2393,3939,607,3   1205,634,26,1312,4430,1214,5   968,82,17,4554,6132,794,5   552,907,29,0,2782,1354,4   933,725,11,6036,7160,514,4   1702,535,16,819,2465,747,3   1374,356,9,6347,7043,420,1   1225,149,10,2900,4022,467,5   1029,837,20,5003,7147,934,1   894,84,23,2829,5429,1074,5   210,630,15,777,1963,701,2
!----------------------------------------------------------------
!Recharge stations: x,y
300,0   341,811   468,469   1903,681   1739,317   848,592   1099,507   911,413   213,615   548,783   383,254   565,713   1717,496   1501,750   472,394   835,532   1065,724   1063,755   378,567   1418,245   1695,575   395,552   357,294   1675,329   1330,785

g inverse recharge rate 0.56
