!----------------------------------------------------------------
!Stores: (first: depot x,y; then: satellites x,y,maxCap)
300,0   14,516,1000   900,857,1000   226,729,1000   1523,387,1000
!----------------------------------------------------------------
!Trucks: (total#, cap, cost/dist, fixcost)
2,181,1,128   2,250,1,150   2,331,1,172
!----------------------------------------------------------------
!CityFreighters: (max cf/sat, total#, cap, cost/dist, fixcost, maxCharge, energyConsumption)
3,3,90,1,68,939,1   4,4,125,1,80,1300,1   3,3,165,1,92,1719,1
!----------------------------------------------------------------
!Customers: (x, y, demand, readyTime, dueDate, serviceTime, penalizationCost)
1319,462,5,742,1098,231,1   1081,616,7,3991,4567,324,5   450,560,7,3149,3579,324,4   744,686,25,2796,5174,1156,1   227,439,18,4467,6137,833,1   1544,529,20,5955,8057,925,5   1075,473,18,3518,5334,833,5   1297,233,19,2691,3731,879,5   904,687,29,921,3465,1341,4   643,611,27,617,3221,1249,4   1565,665,29,1415,4359,1341,3   1065,333,29,5779,7687,1341,2   1500,324,11,3199,4509,509,1   1432,354,22,5581,7657,1018,1   853,713,19,1426,3246,879,3   302,509,13,240,1828,601,3   1286,463,28,1209,3521,1295,1   981,764,6,7325,8123,278,2   211,508,22,1133,2707,1018,1   1151,357,4,6529,6933,185,2   780,320,5,5045,5767,231,5   1193,762,21,4384,6218,971,4   1067,379,8,1144,1970,370,4   282,420,18,2906,5002,833,3   469,601,3,5614,5930,139,3   1506,342,19,1839,3275,879,5   1686,616,7,5046,5628,324,4   1629,594,7,4875,5743,324,3   1703,469,9,4774,5816,416,2   1456,503,7,7428,8058,324,3   1129,307,8,1656,2344,370,2   1160,338,15,5861,7223,694,5   361,615,15,6346,7458,694,3   1119,208,16,1932,3292,740,5   412,308,11,1831,2771,509,4   1528,661,5,6673,6999,231,2   1697,511,18,1394,3312,833,4   1184,516,3,5266,5484,139,4   1284,408,22,4032,5536,1018,1   1645,510,27,4116,6654,1249,5   1502,365,9,3308,3818,416,4   200,285,12,904,2298,555,1   1168,618,5,5070,5402,231,1   1228,143,27,4831,7205,1249,5   887,54,19,1505,2857,879,1   934,389,18,6592,7814,833,5   118,716,4,4951,5259,185,1   1557,122,26,2989,5099,1203,3   1865,539,5,1852,2340,231,1   0,500,7,1688,2306,324,5
!----------------------------------------------------------------
!Recharge stations: x,y
300,0   14,516   900,857   226,729   1523,387   1473,232   516,325   1556,602   321,460   1133,641   162,451   212,453   1307,759   289,677   766,685   600,305   832,269   336,217   247,557   405,277   1381,107   1851,680   1374,251   806,514   199,418

g inverse recharge rate 0.57
