!----------------------------------------------------------------
!Stores: (first: depot x,y; then: satellites x,y,maxCap)
300,0   1982,476,1000   985,805,1000   1474,624,1000   1117,188,1000
!----------------------------------------------------------------
!Trucks: (total#, cap, cost/dist, fixcost)
2,181,1,128   2,250,1,150   2,331,1,172
!----------------------------------------------------------------
!CityFreighters: (max cf/sat, total#, cap, cost/dist, fixcost, maxCharge, energyConsumption)
3,3,90,1,68,578,1   4,4,125,1,80,800,1   3,3,165,1,92,1058,1
!----------------------------------------------------------------
!Customers: (x, y, demand, readyTime, dueDate, serviceTime, penalizationCost)
615,600,27,2735,4311,1042,2   1511,329,23,1711,4133,888,2   1782,526,8,4145,4527,309,2   509,649,9,3635,4469,347,4   450,391,4,6293,6543,154,4   1103,297,6,4516,5086,232,3   1090,759,8,3155,3829,309,3   1777,471,16,501,1757,617,3   503,585,9,673,1435,347,2   991,253,27,3905,5939,1042,3   236,534,13,1939,2681,502,5   1027,793,24,0,1823,926,3   1206,221,6,1440,2032,232,3   1774,556,7,4543,5223,270,2   500,471,22,5184,6434,849,4   220,533,17,3633,5305,656,3   270,402,22,1199,2905,849,4   370,540,17,4149,5297,656,1   248,532,7,1692,2300,270,5   1473,452,19,3658,4976,733,5   1005,700,6,4906,5334,232,3   1218,251,4,1839,2105,154,3   1461,480,29,4335,7043,1119,1   729,658,4,4457,4789,154,5   1377,537,25,4671,6819,965,2   1747,396,8,1982,2762,309,1   524,662,7,4458,4768,270,1   490,273,19,3216,4682,733,5   217,544,6,2901,3345,232,4   445,318,24,3257,5719,926,2   1401,748,23,4252,6296,888,2   858,647,16,5998,6982,617,1   1700,356,25,363,2129,965,5   1207,342,12,3473,4373,463,2   924,339,5,2440,2804,193,2   1074,619,25,974,2524,965,4   1391,295,26,1803,3919,1003,4   789,284,18,605,2397,695,1   884,539,16,1115,2253,617,3   277,552,23,3812,5290,888,1   1234,712,29,0,2115,1119,5   1048,910,5,1044,1436,193,1   1718,576,27,2879,5107,1042,2   629,161,16,5836,7000,617,4   363,216,5,6218,6682,193,1   1205,170,29,4540,6948,1119,2   993,642,8,4213,4781,309,2   1381,476,7,5239,5879,270,3   1648,835,20,4668,6334,772,4   1243,138,19,426,1954,733,2
!----------------------------------------------------------------
!Recharge stations: x,y
300,0   1982,476   985,805   1474,624   1117,188   470,426   1269,663   687,469   521,365   1752,431   808,433   718,386   674,489   539,450   698,349   1401,422   1427,512   467,422   1207,579   91,480   1482,486   1531,472   1263,685   1496,216   586,610

g inverse recharge rate 0.82
