!----------------------------------------------------------------
!Stores: (first: depot x,y; then: satellites x,y,maxCap)
300,0   732,403,1000   1811,773,1000   1333,923,1000   292,524,1000
!----------------------------------------------------------------
!Trucks: (total#, cap, cost/dist, fixcost)
2,181,1,128   2,250,1,150   2,331,1,172
!----------------------------------------------------------------
!CityFreighters: (max cf/sat, total#, cap, cost/dist, fixcost, maxCharge, energyConsumption)
3,3,90,1,68,795,1   4,4,125,1,80,1100,1   3,3,165,1,92,1455,1
!----------------------------------------------------------------
!Customers: (x, y, demand, readyTime, dueDate, serviceTime, penalizationCost)
272,537,9,4173,4713,351,5   717,464,19,1594,3860,741,4   753,610,16,5632,6960,624,4   1518,502,16,608,1812,624,3   1131,684,12,3315,4199,468,3   276,491,14,2598,3714,546,4   1242,541,20,2460,4200,780,5   1422,645,20,1935,3443,780,1   1749,415,25,2635,5005,974,4   841,499,16,4189,5385,624,3   557,543,10,2047,2769,390,3   522,388,24,3107,5201,936,4   1258,718,12,3372,4496,468,5   1072,451,15,5916,7192,585,1   1490,350,18,2024,2846,702,3   1141,314,12,2276,3496,468,1   484,494,10,888,1408,390,1   428,624,18,3053,4559,702,4   342,653,23,2857,4697,897,1   578,526,22,2006,3422,858,1   1372,269,7,1382,1948,273,2   830,523,4,6695,6947,156,1   482,297,5,4985,5477,195,5   1602,373,29,130,1768,1130,4   1486,588,10,2410,3066,390,1   649,414,25,3659,5617,974,2   1025,382,17,964,2332,663,1   1065,439,14,6314,7518,546,5   660,685,6,4715,5249,234,1   656,350,16,3379,4157,624,2   989,787,23,4430,6134,897,3   905,667,8,4673,5191,312,4   1641,625,25,3859,6713,974,1   438,562,7,2315,2899,273,3   769,310,22,0,1772,858,3   1748,516,26,3607,6195,1013,5   487,628,16,5938,7356,624,5   572,723,10,6552,7082,390,3   216,479,6,4407,4961,234,4   798,595,22,608,2396,858,3   1297,866,28,3818,5814,1091,2   1021,106,11,3751,4535,429,2   1523,174,3,6416,6582,117,2   31,431,20,954,2676,780,5   1776,656,3,6023,6275,117,3   1660,243,24,2153,4847,936,4   1965,617,14,976,1788,546,2   284,442,8,2840,3466,312,5   312,522,25,1037,3337,974,2   467,589,20,5956,7314,780,3
!----------------------------------------------------------------
!Recharge stations: x,y
300,0   732,403   1811,773   1333,923   292,524   532,607   1579,633   1365,729   1029,248   1581,368   930,657   1714,335   1549,605   1569,637   1008,253   1149,587   1442,744   1062,156   706,456   516,322   530,356   365,282   798,423   721,382   1015,299

g inverse recharge rate 0.61
