!----------------------------------------------------------------
!Stores: (first: depot x,y; then: satellites x,y,maxCap)
300,0   1314,650,1000   548,85,1000   70,356,1000   844,731,1000
!----------------------------------------------------------------
!Trucks: (total#, cap, cost/dist, fixcost)
2,181,1,128   2,250,1,150   2,331,1,172
!----------------------------------------------------------------
!CityFreighters: (max cf/sat, total#, cap, cost/dist, fixcost, maxCharge, energyConsumption)
3,3,90,1,68,1156,1   4,4,125,1,80,1600,1   3,3,165,1,92,2116,1
!----------------------------------------------------------------
!Customers: (x, y, demand, readyTime, dueDate, serviceTime, penalizationCost)
1140,489,22,3405,5213,844,3   1210,344,10,3101,3837,384,5   283,552,7,3570,4104,269,4   1743,579,11,3105,3821,422,3   660,253,15,187,1093,575,3   808,679,4,793,1095,153,1   288,610,3,6747,6943,115,2   1320,570,10,3314,4090,384,2   984,331,29,1642,3540,1112,2   1198,680,17,3086,4164,652,1   1390,344,18,2409,3449,691,5   1427,604,7,5810,6262,269,2   1264,777,19,3802,5372,729,3   1192,450,16,1543,2739,614,4   1350,439,21,4892,6528,806,3   890,676,22,2907,4305,844,1   1265,750,17,2230,4178,652,2   1488,311,23,4036,5552,882,3   1676,533,17,2640,3778,652,4   232,547,26,5058,7144,997,5   1548,424,16,1746,2770,614,1   1087,469,19,4774,5800,729,5   577,324,11,4194,4974,422,2   200,500,25,4235,5655,959,5   1621,484,11,1122,1756,422,5   1585,514,27,4362,6896,1036,1   457,347,10,2290,3388,384,1   1507,592,12,2494,3522,460,1   316,368,13,3157,4291,499,5   512,602,9,1209,1983,345,3   1445,645,28,0,2192,1074,1   805,561,5,4873,5169,192,3   342,511,23,5367,6931,882,3   1639,556,18,1746,3352,691,1   825,343,7,2676,3258,269,4   1751,499,18,4843,6469,691,1   1684,637,18,2110,3590,691,5   1472,666,8,871,1415,307,3   1094,424,11,5902,6960,422,3   1701,426,18,4232,5380,691,5   1345,660,19,4511,6169,729,1   878,16,28,4648,7530,1074,4   216,792,7,1054,1674,269,3   961,798,21,1506,3136,806,4   1184,801,12,608,1674,460,2   1274,186,22,3654,5572,844,4   928,905,19,3767,4939,729,1   1061,989,25,4364,5964,959,2   474,471,11,6452,7142,422,5   248,292,11,4076,4638,422,5
!----------------------------------------------------------------
!Recharge stations: x,y
300,0   1314,650   548,85   70,356   844,731   273,357   372,710   1529,261   1270,389   655,302   1674,380   1396,767   244,452   1523,709   426,287   921,702   861,575   1356,580   529,269   122,368   690,624   750,182   364,612   1301,231   417,330

g inverse recharge rate 0.42
