!----------------------------------------------------------------
!Stores: (first: depot x,y; then: satellites x,y,maxCap)
300,0   202,728,1000   890,151,1000   513,786,1000   1784,582,1000
!----------------------------------------------------------------
!Trucks: (total#, cap, cost/dist, fixcost)
2,181,1,128   2,250,1,150   2,331,1,172
!----------------------------------------------------------------
!CityFreighters: (max cf/sat, total#, cap, cost/dist, fixcost, maxCharge, energyConsumption)
3,3,90,1,68,1084,1   4,4,125,1,80,1500,1   3,3,165,1,92,1984,1
!----------------------------------------------------------------
!Customers: (x, y, demand, readyTime, dueDate, serviceTime, penalizationCost)
1750,415,9,1278,1758,325,3   841,486,16,3340,4316,577,1   899,411,18,572,2478,650,3   388,556,12,3841,4625,433,3   393,583,29,3863,6005,1046,1   839,230,24,4206,6450,866,1   643,498,20,2514,4196,722,1   337,493,29,4508,6548,1046,1   999,763,12,5547,6247,433,3   1500,311,15,4785,5829,541,3   963,247,4,4255,4615,144,3   798,280,29,1495,3473,1046,1   577,520,6,6520,6832,217,1   1797,503,9,4850,5550,325,1   677,431,16,2810,4184,577,5   824,704,7,555,1155,253,1   459,457,24,589,2291,866,4   1114,683,29,4097,5867,1046,3   619,594,18,4700,5560,650,3   1160,259,7,3570,3940,253,1   1047,255,26,1461,2935,938,3   343,365,6,6291,6881,217,1   441,433,9,1645,2143,325,4   473,433,12,6019,6903,433,2   407,687,26,130,2588,938,5   790,432,16,4319,5735,577,1   1297,414,19,1762,3316,686,3   405,375,3,2376,2598,108,1   1439,389,25,480,2734,902,2   594,417,9,1089,1693,325,3   341,609,23,3345,5419,830,1   775,660,11,3829,4551,397,3   352,634,22,1294,2980,794,2   357,638,10,2074,2862,361,5   1159,427,3,3402,3570,108,2   281,607,27,2706,4194,974,4   1068,421,25,1087,2721,902,4   905,634,14,1718,2850,505,3   1419,319,20,1971,3279,722,5   1686,485,28,0,2428,1010,1   944,857,27,4158,5710,974,4   1666,342,10,4310,5156,361,1   1434,829,9,3359,4141,325,2   1057,640,13,2764,3522,469,3   364,687,25,2295,4507,902,1   409,496,20,5326,6382,722,4   1720,468,29,240,2134,1046,2   1379,702,24,823,2449,866,2   1772,212,16,4082,5096,577,1   1585,896,7,1560,2060,253,3
!----------------------------------------------------------------
!Recharge stations: x,y
300,0   202,728   890,151   513,786   1784,582   448,468   986,218   351,644   341,622   717,273   826,244   365,552   746,715   636,773   1015,235   1683,331   143,585   1643,462   660,516   260,418   461,471   450,654   1756,444   260,623   1744,579

g inverse recharge rate 0.45
