!----------------------------------------------------------------
!Stores: (first: depot x,y; then: satellites x,y,maxCap)
300,0   1659,775,1000   808,901,1000   1591,509,1000   392,464,1000
!----------------------------------------------------------------
!Trucks: (total#, cap, cost/dist, fixcost)
2,181,1,128   2,250,1,150   2,331,1,172
!----------------------------------------------------------------
!CityFreighters: (max cf/sat, total#, cap, cost/dist, fixcost, maxCharge, energyConsumption)
3,3,90,1,68,1228,1   4,4,125,1,80,1700,1   3,3,165,1,92,2248,1
!----------------------------------------------------------------
!Customers: (x, y, demand, readyTime, dueDate, serviceTime, penalizationCost)
792,282,11,5017,5671,383,5   1380,598,3,2289,2551,104,2   618,441,29,0,1767,1009,3   1553,584,13,4184,5060,452,4   998,533,4,5777,6039,139,4   1244,774,6,4353,4689,209,4   884,770,19,1515,2957,661,5   1080,404,6,2869,3351,209,2   481,409,16,3461,4795,557,4   664,358,29,3657,5857,1009,1   1498,576,26,3330,5346,905,1   1652,651,22,5203,6725,765,4   622,687,23,522,2442,800,5   900,495,19,2092,3428,661,1   719,221,10,4323,4963,348,3   579,264,11,4762,5748,383,1   1361,307,10,3647,4375,348,5   365,366,21,3975,5501,731,4   1258,562,20,3732,5050,696,2   1600,540,13,3202,3980,452,5   560,562,15,2500,3444,522,3   382,682,14,4012,4948,487,5   1757,481,28,3920,5786,974,5   1129,555,13,357,1217,452,5   1358,384,14,205,1155,487,4   1222,388,22,5327,6763,765,5   447,529,25,3165,4721,870,2   986,327,10,1304,2216,348,4   1488,332,16,5689,6601,557,4   303,614,7,3244,3738,244,3   322,547,6,1237,1637,209,4   1167,396,19,229,1749,661,3   1210,425,22,1174,2798,765,5   1031,395,23,4346,6192,800,1   829,439,14,1777,2591,487,2   1062,223,29,1589,3693,1009,3   1714,373,20,2163,3785,696,4   1083,289,6,2287,2681,209,1   675,307,9,4776,5418,313,5   985,532,12,2444,3228,418,2   1507,186,27,3161,5595,939,4   1645,498,21,1304,2726,731,1   560,830,29,2860,4712,1009,3   46,552,28,2583,4059,974,1   98,507,12,4076,4908,418,2   1372,399,23,4194,6206,800,5   202,283,18,5308,6146,626,1   1186,634,22,5571,6837,765,1   764,580,6,6388,6866,209,2   1628,760,25,2467,4233,870,1
!----------------------------------------------------------------
!Recharge stations: x,y
300,0   1659,775   808,901   1591,509   392,464   1757,423   1107,6   1049,303   1705,574   1363,190   1397,760   456,754   119,636   897,432   1297,408   289,574   617,747   1580,499   1489,401   328,706   1562,584   1735,269   1433,279   1597,283   189,504

g inverse recharge rate 0.38
