!----------------------------------------------------------------
!Stores: (first: depot x,y; then: satellites x,y,maxCap)
300,0   54,456,1000   164,276,1000   1745,570,1000   1076,323,1000
!----------------------------------------------------------------
!Trucks: (total#, cap, cost/dist, fixcost)
2,181,1,128   2,250,1,150   2,331,1,172
!----------------------------------------------------------------
!CityFreighters: (max cf/sat, total#, cap, cost/dist, fixcost, maxCharge, energyConsumption)
3,3,90,1,68,867,1   4,4,125,1,80,1200,1   3,3,165,1,92,1587,1
!----------------------------------------------------------------
!Customers: (x, y, demand, readyTime, dueDate, serviceTime, penalizationCost)
1267,379,15,6125,7409,656,4   588,332,25,2803,3909,1093,2   359,385,20,1428,3094,875,3   1711,446,21,5874,7826,918,2   1748,553,14,6580,7680,612,3   501,610,4,5496,5872,175,2   743,356,4,2001,2231,175,2   1253,700,20,6023,7899,875,5   212,516,11,3854,4496,481,3   817,431,25,5933,7719,1093,2   473,323,12,3064,4230,525,5   884,530,20,2889,4253,875,1   319,527,29,671,2867,1268,1   1013,202,12,781,1801,525,3   666,690,7,4662,5234,306,4   1380,521,10,6379,7383,437,3   1542,585,17,4674,6248,743,3   218,469,18,2572,4344,787,3   1642,509,17,5493,6715,743,4   1370,431,25,3544,5772,1093,4   1398,390,15,1211,2215,656,5   1556,315,11,5415,6271,481,4   294,594,4,2800,3176,175,2   350,659,5,4324,4814,219,2   446,593,14,820,1644,612,1   1467,397,23,2808,4482,1006,4   205,524,8,3697,4641,350,1   790,276,27,4403,7631,1181,2   364,353,18,1305,2905,787,1   1157,436,21,4630,6870,918,2   254,501,28,3746,6334,1224,3   1672,607,20,4847,6379,875,5   1391,587,26,1632,3642,1137,1   1096,593,4,4624,4936,175,3   1335,471,6,5706,6450,262,3   1178,614,23,4818,7118,1006,1   662,563,13,2614,4096,568,4   956,365,21,3901,5489,918,3   1175,619,22,1193,3663,962,4   1492,323,24,4022,6026,1049,2   1622,680,5,1995,2503,219,4   254,287,26,4631,6769,1137,2   1860,336,17,2535,4499,743,4   1588,369,10,6578,7528,437,2   1199,247,5,591,1147,219,5   885,670,11,5265,5963,481,1   108,629,6,7600,8034,262,1   1456,199,9,5102,5974,394,3   599,646,12,754,1946,525,4   384,157,5,6212,6558,219,1
!----------------------------------------------------------------
!Recharge stations: x,y
300,0   54,456   164,276   1745,570   1076,323   895,312   1052,600   1666,701   1481,567   588,510   226,568   243,479   1265,205   1665,402   160,494   955,546   269,603   1421,693   639,189   1800,542   949,499   336,352   768,838   1590,129   266,356

g inverse recharge rate 0.61
