!----------------------------------------------------------------
!Stores: (first: depot x,y; then: satellites x,y,maxCap)
300,0   1314,650,1000   548,85,1000   70,356,1000   844,731,1000
!----------------------------------------------------------------
!Trucks: (total#, cap, cost/dist, fixcost)
2,181,1,128   2,250,1,150   2,331,1,172
!----------------------------------------------------------------
!CityFreighters: (max cf/sat, total#, cap, cost/dist, fixcost, maxCharge, energyConsumption)
3,3,90,1,68,578,1   4,4,125,1,80,800,1   3,3,165,1,92,1058,1
!----------------------------------------------------------------
!Customers: (x, y, demand, readyTime, dueDate, serviceTime, penalizationCost)
1140,489,22,5717,7277,844,1   1210,344,10,2889,3675,384,4   283,552,7,3973,4483,269,5   1743,579,11,916,1776,422,3   660,253,15,6197,6983,575,1   808,679,4,5179,5463,153,1   288,610,3,6070,6306,115,1   1320,570,10,6495,7053,384,3   984,331,29,4113,6667,1112,3   1198,680,17,3392,4380,652,4   1390,344,18,5110,6902,691,4   1427,604,7,6413,6879,269,3   1264,777,19,5463,7103,729,5   1192,450,16,380,1568,614,1   1350,439,21,1116,2848,806,2   890,676,22,1255,2979,844,4   1265,750,17,129,1717,652,5   1488,311,23,2992,5224,882,2   1676,533,17,4475,5621,652,4   232,547,26,3767,6233,997,3   1548,424,16,3991,5393,614,2   1087,469,19,3476,4890,729,3   577,324,11,6699,7521,422,1   200,500,25,508,2194,959,1   1621,484,11,5847,6447,422,1   1585,514,27,2122,4358,1036,2   457,347,10,853,1737,384,1   1507,592,12,1311,2459,460,5   316,368,13,4026,5578,499,1   512,602,9,5698,6336,345,2   1445,645,28,140,1854,1074,3   805,561,5,3134,3574,192,3   342,511,23,4459,5925,882,3   1639,556,18,247,1723,691,4   825,343,7,6755,7397,269,2   1751,499,18,5305,7195,691,3   1684,637,18,4606,5716,691,4   1472,666,8,1237,1909,307,4   1094,424,11,1173,2361,422,5   1701,426,18,2880,4400,691,1   1345,660,19,1119,2437,729,1   878,16,28,1947,3509,1074,4   216,792,7,6038,6818,269,4   961,798,21,0,1651,806,3   1184,801,12,5338,5964,460,4   1274,186,22,2921,3811,844,5   928,905,19,1843,3063,729,2   1061,989,25,1647,3445,959,5   474,471,11,224,984,422,1   248,292,11,1857,2667,422,2
!----------------------------------------------------------------
!Recharge stations: x,y
300,0   1314,650   548,85   70,356   844,731   273,357   372,710   1529,261   1270,389   655,302   1674,380   1396,767   244,452   1523,709   426,287   921,702   861,575   1356,580   529,269   122,368   690,624   750,182   364,612   1301,231   417,330

g inverse recharge rate 0.84
