!----------------------------------------------------------------
!Stores: (first: depot x,y; then: satellites x,y,maxCap)
300,0   674,747,1000   1212,82,1000   1820,396,1000   146,610,1000
!----------------------------------------------------------------
!Trucks: (total#, cap, cost/dist, fixcost)
2,181,1,128   2,250,1,150   2,331,1,172
!----------------------------------------------------------------
!CityFreighters: (max cf/sat, total#, cap, cost/dist, fixcost, maxCharge, energyConsumption)
3,3,90,1,68,939,1   4,4,125,1,80,1300,1   3,3,165,1,92,1719,1
!----------------------------------------------------------------
!Customers: (x, y, demand, readyTime, dueDate, serviceTime, penalizationCost)
780,646,22,1222,2734,802,3   711,230,24,1844,3262,874,1   573,491,16,2311,3507,583,4   466,713,9,1412,2076,328,5   580,515,15,617,1449,547,5   785,684,29,4483,7269,1057,3   1798,482,16,512,1708,583,1   1254,401,11,4383,5319,401,5   1267,503,24,1814,3640,874,3   1692,387,19,171,1623,692,1   1346,517,24,5440,7180,874,1   1640,434,7,4747,5269,255,2   952,712,29,0,1946,1057,1   300,610,19,1099,2533,692,4   735,309,5,910,1242,182,3   1201,417,19,5783,7193,692,4   912,561,22,4474,6256,802,3   682,725,16,993,2279,583,2   556,373,21,4808,6500,765,4   437,502,15,3825,4855,547,4   1244,258,8,3667,4427,291,1   346,373,24,158,1898,874,4   1686,512,24,1367,2991,874,5   1612,372,12,5118,5908,437,1   1369,252,28,5204,6888,1020,2   869,647,3,2109,2339,109,1   1517,668,12,4426,5444,437,1   875,666,6,7086,7542,219,5   421,332,19,1225,2223,692,1   1487,492,10,2270,2882,364,5   734,421,8,944,1496,291,1   555,624,25,6127,7483,911,2   1791,481,20,4539,6275,729,5   1089,427,3,4980,5206,109,3   1529,435,24,947,2641,874,1   320,416,21,308,1904,765,4   1670,625,8,3275,3825,291,3   512,609,22,0,1597,802,1   1644,378,28,0,2054,1020,2   1538,497,23,3731,5859,838,1   1697,615,20,3619,5113,729,3   106,330,22,5491,7351,802,2   1565,227,18,6165,7595,656,2   607,835,17,1822,2418,619,2   1837,538,13,4075,4995,474,2   1511,654,22,2555,4223,802,5   988,57,7,5556,5984,255,2   1437,655,29,0,2445,1057,4   833,230,18,4132,5968,656,4   741,20,25,2950,4652,911,4
!----------------------------------------------------------------
!Recharge stations: x,y
300,0   674,747   1212,82   1820,396   146,610   594,208   900,186   1024,417   1145,426   1792,477   576,776   239,630   1713,323   1471,501   1667,668   355,687   236,202   588,459   1324,526   153,521   239,502   1273,594   965,466   350,401   1270,734

g inverse recharge rate 0.54
