!----------------------------------------------------------------
!Stores: (first: depot x,y; then: satellites x,y,maxCap)
300,0   1680,198,1000   1105,702,1000   1469,679,1000   967,345,1000
!----------------------------------------------------------------
!Trucks: (total#, cap, cost/dist, fixcost)
2,181,1,128   2,250,1,150   2,331,1,172
!----------------------------------------------------------------
!CityFreighters: (max cf/sat, total#, cap, cost/dist, fixcost, maxCharge, energyConsumption)
3,3,90,1,68,1156,1   4,4,125,1,80,1600,1   3,3,165,1,92,2116,1
!----------------------------------------------------------------
!Customers: (x, y, demand, readyTime, dueDate, serviceTime, penalizationCost)
802,540,20,1912,3264,591,2   1641,343,5,5962,6196,148,5   1184,667,26,0,1251,769,4   942,312,28,3619,5083,828,2   1136,426,11,3046,3866,325,3   1212,394,11,4000,4606,325,3   962,605,16,4015,4841,473,5   463,582,13,1120,1704,384,1   491,462,25,1374,2742,739,4   675,621,26,1173,2803,769,2   1505,436,12,1676,2680,355,3   1719,382,10,4678,5396,296,2   378,359,25,820,2670,739,4   843,452,14,2855,3783,414,1   625,721,19,3535,4967,562,4   1634,400,25,1531,2957,739,2   1057,607,29,1415,2841,857,5   768,507,10,473,1039,296,4   1543,611,14,353,1183,414,4   685,382,10,2570,2876,296,1   1027,322,17,4037,4945,503,2   816,578,7,1465,1785,207,4   727,698,8,4958,5584,237,5   1301,421,18,1844,2732,532,3   358,485,13,4281,4941,384,2   1767,538,18,2673,3649,532,5   310,555,15,4145,4927,443,2   693,574,18,1324,2446,532,2   878,305,18,3012,3984,532,4   976,524,23,1801,3385,680,1   920,554,13,3527,4131,384,2   1291,546,23,4241,5397,680,3   799,506,10,1744,2428,296,5   890,602,24,4102,5382,710,3   1746,558,19,4762,5962,562,5   1331,642,25,883,2409,739,1   1567,456,27,1623,3321,798,4   1295,261,18,453,1621,532,1   1304,310,5,4701,5027,148,5   681,714,14,2623,3519,414,5   809,607,16,2175,3299,473,5   725,388,8,2091,2635,237,3   103,632,4,1325,1563,118,4   1090,56,29,3756,5126,857,2   1906,663,25,2116,3450,739,1   408,559,23,4565,5437,680,5   387,541,25,1161,2495,739,3   138,358,12,4171,4993,355,4   1414,489,25,3908,5186,739,1   1645,614,3,2562,2768,89,1
!----------------------------------------------------------------
!Recharge stations: x,y
300,0   1680,198   1105,702   1469,679   967,345   326,462   761,296   1152,234   351,436   675,802   1276,477   613,572   1479,418   544,246   1956,463   1135,317   504,633   604,809   1822,438   1035,378   916,153   270,616   1055,810   195,555   944,722

g inverse recharge rate 0.35
