!----------------------------------------------------------------
!Stores: (first: depot x,y; then: satellites x,y,maxCap)
300,0   1659,775,1000   808,901,1000   1591,509,1000   392,464,1000
!----------------------------------------------------------------
!Trucks: (total#, cap, cost/dist, fixcost)
2,181,1,128   2,250,1,150   2,331,1,172
!----------------------------------------------------------------
!CityFreighters: (max cf/sat, total#, cap, cost/dist, fixcost, maxCharge, energyConsumption)
3,3,90,1,68,1011,1   4,4,125,1,80,1400,1   3,3,165,1,92,1851,1
!----------------------------------------------------------------
!Customers: (x, y, demand, readyTime, dueDate, serviceTime, penalizationCost)
792,282,11,5920,6498,383,5   1380,598,3,6259,6459,104,2   618,441,29,1006,3002,1009,5   1553,584,13,6211,7257,452,2   998,533,4,5605,5857,139,4   1244,774,6,2086,2606,209,3   884,770,19,1801,2937,661,3   1080,404,6,5869,6271,209,1   481,409,16,322,1468,557,4   664,358,29,5253,6849,1009,2   1498,576,26,0,1396,905,1   1652,651,22,2818,4602,765,5   622,687,23,0,1568,800,5   900,495,19,3485,5169,661,1   719,221,10,6024,6604,348,1   579,264,11,2007,2503,383,1   1361,307,10,1622,2250,348,3   365,366,21,2330,4006,731,2   1258,562,20,5190,6640,696,1   1600,540,13,1269,2141,452,3   560,562,15,1265,2347,522,2   382,682,14,1014,1802,487,4   1757,481,28,2611,4745,974,1   1129,555,13,2814,3604,452,5   1358,384,14,1298,2466,487,5   1222,388,22,2609,3773,765,1   447,529,25,86,1928,870,5   986,327,10,4876,5776,348,4   1488,332,16,1383,2437,557,2   303,614,7,785,1201,244,1   322,547,6,5075,5485,209,1   1167,396,19,1462,2930,661,5   1210,425,22,5564,6944,765,2   1031,395,23,0,2119,800,4   829,439,14,3749,4995,487,1   1062,223,29,2024,4250,1009,4   1714,373,20,2174,3542,696,2   1083,289,6,4453,4939,209,3   675,307,9,3779,4537,313,3   985,532,12,3998,4786,418,4   1507,186,27,640,2630,939,3   1645,498,21,4688,6288,731,2   560,830,29,1957,4311,1009,4   46,552,28,3402,5740,974,1   98,507,12,3839,4771,418,1   1372,399,23,4612,6456,800,1   202,283,18,4567,5711,626,3   1186,634,22,3852,5516,765,5   764,580,6,4050,4482,209,3   1628,760,25,27,2455,870,1
!----------------------------------------------------------------
!Recharge stations: x,y
300,0   1659,775   808,901   1591,509   392,464   1757,423   1107,6   1049,303   1705,574   1363,190   1397,760   456,754   119,636   897,432   1297,408   289,574   617,747   1580,499   1489,401   328,706   1562,584   1735,269   1433,279   1597,283   189,504

g inverse recharge rate 0.46
