!----------------------------------------------------------------
!Stores: (first: depot x,y; then: satellites x,y,maxCap)
300,0   54,456,1000   164,276,1000   1745,570,1000   1076,323,1000
!----------------------------------------------------------------
!Trucks: (total#, cap, cost/dist, fixcost)
2,181,1,128   2,250,1,150   2,331,1,172
!----------------------------------------------------------------
!CityFreighters: (max cf/sat, total#, cap, cost/dist, fixcost, maxCharge, energyConsumption)
3,3,90,1,68,1228,1   4,4,125,1,80,1700,1   3,3,165,1,92,2248,1
!----------------------------------------------------------------
!Customers: (x, y, demand, readyTime, dueDate, serviceTime, penalizationCost)
1267,379,15,3037,4063,656,1   588,332,25,756,3054,1093,4   359,385,20,5687,7247,875,3   1711,446,21,197,1815,918,2   1748,553,14,4779,6149,612,3   501,610,4,6197,6591,175,3   743,356,4,5241,5495,175,1   1253,700,20,3204,4946,875,2   212,516,11,5239,6029,481,2   817,431,25,3608,5814,1093,5   473,323,12,2138,3236,525,1   884,530,20,871,2669,875,2   319,527,29,4048,6574,1268,1   1013,202,12,1803,3107,525,2   666,690,7,2414,3022,306,3   1380,521,10,5654,6192,437,5   1542,585,17,329,1741,743,3   218,469,18,5629,7285,787,5   1642,509,17,4801,6599,743,1   1370,431,25,2967,5845,1093,5   1398,390,15,2338,3428,656,2   1556,315,11,2559,3895,481,5   294,594,4,2962,3300,175,4   350,659,5,5141,5607,219,4   446,593,14,1600,3106,612,1   1467,397,23,701,3219,1006,3   205,524,8,5991,6783,350,2   790,276,27,3101,5895,1181,5   364,353,18,2845,4313,787,5   1157,436,21,553,1727,918,1   254,501,28,1714,4776,1224,5   1672,607,20,1658,3774,875,2   1391,587,26,0,2561,1137,5   1096,593,4,7510,7906,175,1   1335,471,6,1005,1557,262,1   1178,614,23,1739,3669,1006,4   662,563,13,1006,2188,568,5   956,365,21,541,3063,918,5   1175,619,22,5442,7444,962,5   1492,323,24,0,2198,1049,4   1622,680,5,1405,1843,219,3   254,287,26,898,3986,1137,1   1860,336,17,2742,3902,743,3   1588,369,10,5896,6810,437,1   1199,247,5,7029,7555,219,4   885,670,11,7162,8118,481,1   108,629,6,4677,5359,262,4   1456,199,9,4574,5394,394,3   599,646,12,786,2496,525,2   384,157,5,5680,6080,219,4
!----------------------------------------------------------------
!Recharge stations: x,y
300,0   54,456   164,276   1745,570   1076,323   895,312   1052,600   1666,701   1481,567   588,510   226,568   243,479   1265,205   1665,402   160,494   955,546   269,603   1421,693   639,189   1800,542   949,499   336,352   768,838   1590,129   266,356

g inverse recharge rate 0.43
