!----------------------------------------------------------------
!Stores: (first: depot x,y; then: satellites x,y,maxCap)
300,0   1653,568,1000   1871,320,1000   1234,686,1000   279,699,1000
!----------------------------------------------------------------
!Trucks: (total#, cap, cost/dist, fixcost)
2,181,1,128   2,250,1,150   2,331,1,172
!----------------------------------------------------------------
!CityFreighters: (max cf/sat, total#, cap, cost/dist, fixcost, maxCharge, energyConsumption)
3,3,90,1,68,1011,1   4,4,125,1,80,1400,1   3,3,165,1,92,1851,1
!----------------------------------------------------------------
!Customers: (x, y, demand, readyTime, dueDate, serviceTime, penalizationCost)
1227,755,3,5159,5369,111,4   1781,476,27,1719,3751,996,3   1051,385,9,2709,3453,332,5   366,540,25,1204,3444,922,4   801,289,7,2057,2387,258,5   1193,317,10,3933,4559,369,1   1060,468,29,3689,5853,1070,1   982,744,6,4621,4927,221,5   590,349,21,3692,5436,775,4   679,272,25,3955,6111,922,2   810,399,7,2458,2912,258,2   977,713,16,5275,6737,590,1   934,265,11,1225,2159,406,5   458,492,21,3534,5132,775,3   1554,663,27,3156,5888,996,1   460,405,13,3447,4229,480,2   1375,264,19,6256,7866,701,1   784,295,7,1011,1797,258,2   1185,262,17,2153,3375,627,3   852,774,19,4564,5336,701,4   205,510,9,4773,5217,332,4   917,244,5,5087,5371,184,3   1339,726,18,4692,6298,664,5   1557,371,24,5059,6921,885,4   1252,738,16,5781,6951,590,2   1173,621,29,5272,7718,1070,1   1636,352,28,701,2087,1033,2   1435,523,26,4124,6644,959,2   441,334,8,1549,2139,295,4   237,572,3,2604,2808,111,2   321,577,12,3895,4815,443,4   1428,570,29,1446,3694,1070,5   1536,287,20,5366,7102,738,1   794,332,27,5909,7335,996,4   1623,523,29,3042,5306,1070,4   203,497,12,3327,4487,443,3   461,697,25,2390,4970,922,4   439,477,10,1333,2105,369,1   1354,714,20,16,1328,738,4   1710,494,14,3217,4131,516,2   638,433,11,3964,4932,406,3   1594,622,25,3634,5682,922,4   1350,165,5,1120,1540,184,5   1664,507,10,5616,6370,369,1   695,739,14,6187,7321,516,3   1215,830,24,3280,4642,885,3   1584,213,27,549,2153,996,4   318,339,20,1893,3263,738,4   1588,508,22,2527,4399,812,3   138,336,19,3206,4590,701,2
!----------------------------------------------------------------
!Recharge stations: x,y
300,0   1653,568   1871,320   1234,686   279,699   661,466   1714,350   994,513   564,385   1804,498   949,186   1456,213   1683,691   740,798   1284,621   107,487   185,487   1486,215   1524,745   856,617   1515,676   1355,275   1007,173   1143,935   1282,788

g inverse recharge rate 0.5
