!----------------------------------------------------------------
!Stores: (first: depot x,y; then: satellites x,y,maxCap)
300,0   19,412,1000   1569,459,1000   942,291,1000   915,886,1000
!----------------------------------------------------------------
!Trucks: (total#, cap, cost/dist, fixcost)
2,181,1,128   2,250,1,150   2,331,1,172
!----------------------------------------------------------------
!CityFreighters: (max cf/sat, total#, cap, cost/dist, fixcost, maxCharge, energyConsumption)
3,3,90,1,68,867,1   4,4,125,1,80,1200,1   3,3,165,1,92,1587,1
!----------------------------------------------------------------
!Customers: (x, y, demand, readyTime, dueDate, serviceTime, penalizationCost)
351,600,3,900,1098,99,4   1478,561,13,278,1434,429,3   343,526,13,4958,5892,429,2   1430,715,15,226,1440,495,3   1180,363,24,2397,4001,793,4   1694,455,24,4326,5896,793,1   729,716,24,1702,3536,793,5   1431,751,7,2353,2873,231,5   1121,679,13,3255,4245,429,1   1730,487,7,5062,5520,231,3   1011,611,13,1994,2660,429,5   936,759,3,5629,5839,99,2   566,574,25,1606,3192,826,1   1375,345,29,5409,6831,958,3   1404,295,8,3097,3539,264,4   1157,552,18,5240,6016,594,4   1088,740,15,5716,6618,495,4   1156,345,28,1009,2535,925,1   297,560,11,4594,5434,363,3   335,368,23,3947,5233,760,4   455,416,20,5453,6787,661,2   1569,399,25,588,1902,826,1   1106,454,25,294,1626,826,1   1026,309,25,1797,3763,826,4   1712,607,26,2053,3575,859,1   1667,468,18,5365,6305,594,3   1326,541,21,3319,4871,694,2   446,474,16,4129,4969,528,1   1027,276,15,5215,6249,495,4   601,343,28,3976,5410,925,5   1234,725,12,3823,4773,396,1   577,344,24,443,1715,793,5   997,505,28,3309,4761,925,4   689,655,11,6097,6845,363,3   820,475,7,3106,3542,231,3   1386,363,12,1279,2267,396,3   1374,619,28,3801,4853,925,5   634,766,17,5097,6199,561,3   1069,762,11,561,1165,363,3   1463,514,9,4198,4874,297,4   380,752,20,5354,6840,661,1   267,433,22,5018,6476,727,2   697,595,6,1377,1815,198,3   367,732,27,3725,5337,892,3   757,20,16,3437,4405,528,1   289,398,16,4777,5635,528,4   1696,780,24,1435,3013,793,1   1568,507,9,568,1066,297,4   728,52,28,3263,5001,925,5   708,701,21,3330,4610,694,2
!----------------------------------------------------------------
!Recharge stations: x,y
300,0   19,412   1569,459   942,291   915,886   472,502   1451,479   700,699   1437,418   1166,164   1531,323   568,226   1411,440   1451,451   320,860   1059,540   864,669   1521,408   1604,357   1541,246   1630,431   1036,722   761,47   868,333   249,687

g inverse recharge rate 0.53
