!----------------------------------------------------------------
!Stores: (first: depot x,y; then: satellites x,y,maxCap)
300,0   737,750,1000   1403,735,1000   1207,746,1000   214,536,1000
!----------------------------------------------------------------
!Trucks: (total#, cap, cost/dist, fixcost)
2,181,1,128   2,250,1,150   2,331,1,172
!----------------------------------------------------------------
!CityFreighters: (max cf/sat, total#, cap, cost/dist, fixcost, maxCharge, energyConsumption)
3,3,90,1,68,795,1   4,4,125,1,80,1100,1   3,3,165,1,92,1455,1
!----------------------------------------------------------------
!Customers: (x, y, demand, readyTime, dueDate, serviceTime, penalizationCost)
381,672,25,1274,2956,848,3   235,448,15,5465,6309,509,5   1527,689,11,1470,2306,373,2   991,692,10,3205,3777,339,1   1381,463,24,3648,5178,815,1   1331,325,10,5821,6499,339,3   280,463,3,3233,3411,102,4   1649,482,20,603,1749,679,4   1251,279,18,449,1771,611,5   772,424,19,3484,4422,645,2   601,399,5,610,920,170,4   826,529,15,4007,4933,509,3   530,700,4,3908,4200,136,3   1347,369,20,3740,4794,679,4   358,653,26,4810,6320,882,3   1456,310,20,2325,3391,679,5   432,545,11,1879,2535,373,3   308,637,10,2989,3557,339,2   715,262,27,168,1468,916,5   870,441,5,373,685,170,5   1624,425,17,2498,3664,577,4   253,551,5,6197,6501,170,5   630,527,19,2969,4149,645,5   1106,459,12,3442,4692,407,1   968,772,26,2398,4936,882,4   993,689,13,2544,3728,441,5   242,444,28,986,3814,950,1   1479,590,20,340,1702,679,5   1436,406,20,4505,5657,679,2   516,737,26,943,2787,882,1   1581,667,26,3733,5385,882,1   1019,358,16,145,1491,543,3   1616,672,13,4808,5566,441,5   557,378,18,1418,2730,611,1   1394,537,22,4903,6237,747,1   1601,345,21,3611,5497,713,4   769,350,14,863,1559,475,4   1790,485,17,2003,3119,577,2   814,743,26,5052,6486,882,1   399,364,29,1280,3354,984,2   835,490,8,1465,1979,272,4   533,911,20,2432,3876,679,1   630,548,10,2630,3458,339,1   1296,446,14,4238,4972,475,1   1428,556,6,2706,3180,204,3   278,269,6,1940,2362,204,5   646,530,3,2198,2438,102,4   1658,532,14,5079,6097,475,4   470,622,19,4054,5664,645,5   1838,751,9,4171,4913,305,5
!----------------------------------------------------------------
!Recharge stations: x,y
300,0   737,750   1403,735   1207,746   214,536   1130,505   1578,314   1186,382   970,162   665,917   1713,789   37,542   1171,701   275,335   1325,207   585,786   855,801   517,331   1820,216   1356,325   756,278   383,615   1193,217   485,339   559,431

g inverse recharge rate 0.54
