!----------------------------------------------------------------
!Stores: (first: depot x,y; then: satellites x,y,maxCap)
300,0   341,811,1000   468,469,1000   1903,681,1000   1739,317,1000
!----------------------------------------------------------------
!Trucks: (total#, cap, cost/dist, fixcost)
2,181,1,128   2,250,1,150   2,331,1,172
!----------------------------------------------------------------
!CityFreighters: (max cf/sat, total#, cap, cost/dist, fixcost, maxCharge, energyConsumption)
3,3,90,1,68,722,1   4,4,125,1,80,1000,1   3,3,165,1,92,1322,1
!----------------------------------------------------------------
!Customers: (x, y, demand, readyTime, dueDate, serviceTime, penalizationCost)
1457,621,29,80,2856,1354,2   1369,514,15,4489,6075,701,2   450,294,18,175,2097,841,3   1201,625,4,2166,2498,187,1   303,393,10,4615,5525,467,4   626,373,9,7159,8259,420,2   986,751,21,3368,4994,981,1   1687,572,6,1630,2148,280,1   807,535,17,5365,6861,794,1   957,602,7,5044,5824,327,4   1341,466,14,2700,4022,654,4   868,335,19,1876,3658,887,2   1477,427,3,7713,7963,140,4   1710,513,7,1733,2711,327,3   297,516,18,3225,4715,841,4   1566,595,15,2274,3404,701,3   982,373,19,4217,5639,887,5   602,560,12,4834,6048,560,2   1018,575,17,3910,5328,794,4   681,511,19,1694,3016,887,2   390,389,12,1381,2229,560,3   1717,407,3,6403,6723,140,3   812,728,4,2816,3108,187,2   1482,411,11,707,1327,514,3   1121,230,9,5658,6412,420,4   724,609,5,983,1489,234,2   732,543,7,5308,6070,327,4   1701,427,5,6616,6960,234,4   1429,411,26,3762,5998,1214,5   1580,334,6,6023,6627,280,4   1542,363,4,4593,4817,187,2   446,356,26,0,2496,1214,1   1325,511,28,961,3917,1308,3   1040,543,14,2916,4130,654,1   839,762,10,5235,6275,467,4   826,427,25,2465,4713,1168,4   1622,535,18,6369,7731,841,4   1205,493,22,5530,7786,1027,2   1756,487,13,2996,4454,607,4   1757,458,13,5961,6961,607,1   1205,634,26,2848,5236,1214,5   968,82,17,1579,2797,794,2   552,907,29,2973,5019,1354,1   933,725,11,5921,7269,514,2   1702,535,16,6185,8043,747,3   1374,356,9,6024,6726,420,1   1225,149,10,5847,6735,467,1   1029,837,20,4038,6442,934,2   894,84,23,3774,5930,1074,2   210,630,15,4782,5914,701,1
!----------------------------------------------------------------
!Recharge stations: x,y
300,0   341,811   468,469   1903,681   1739,317   848,592   1099,507   911,413   213,615   548,783   383,254   565,713   1717,496   1501,750   472,394   835,532   1065,724   1063,755   378,567   1418,245   1695,575   395,552   357,294   1675,329   1330,785

g inverse recharge rate 0.73
