!----------------------------------------------------------------
!Stores: (first: depot x,y; then: satellites x,y,maxCap)
300,0   1104,923,1000   265,570,1000   1281,290,1000   997,241,1000
!----------------------------------------------------------------
!Trucks: (total#, cap, cost/dist, fixcost)
2,181,1,128   2,250,1,150   2,331,1,172
!----------------------------------------------------------------
!CityFreighters: (max cf/sat, total#, cap, cost/dist, fixcost, maxCharge, energyConsumption)
3,3,90,1,68,939,1   4,4,125,1,80,1300,1   3,3,165,1,92,1719,1
!----------------------------------------------------------------
!Customers: (x, y, demand, readyTime, dueDate, serviceTime, penalizationCost)
1080,593,8,4624,5104,272,4   1753,528,17,3196,4698,578,5   445,400,22,5100,6488,748,2   812,373,17,3457,4747,578,3   1472,533,8,3899,4731,272,3   533,449,11,2987,3603,374,3   1500,396,28,4334,6014,951,3   783,520,8,5313,5921,272,3   447,670,25,3742,5684,849,3   1673,643,11,1634,2310,374,3   295,397,24,4381,5717,815,4   674,443,18,2531,3485,612,1   293,545,25,2511,3885,849,2   941,487,4,1973,2287,136,4   1501,317,16,2249,2991,544,2   1263,474,8,2393,3007,272,2   1796,478,13,5148,5644,442,3   219,495,6,544,996,204,2   352,509,19,2782,4120,646,1   1628,651,7,622,1116,238,3   1419,708,29,4218,6200,985,4   1547,410,3,4733,4901,102,4   688,719,13,3685,4651,442,2   244,550,27,3347,5051,917,4   1548,575,8,1328,1900,272,2   1494,578,22,2419,3609,748,4   1582,371,13,1049,2139,442,2   1183,560,28,3754,6178,951,2   1142,241,24,2945,5035,815,3   1203,670,19,3607,4819,646,1   1177,440,12,3796,4788,408,4   549,720,22,907,2745,748,2   1499,389,22,4373,6319,748,2   1019,209,10,2118,2744,340,1   1299,607,28,4059,6109,951,3   1198,224,16,3421,4887,544,1   1770,470,19,703,2299,646,2   1127,515,22,719,1921,748,1   603,584,8,1698,2486,272,5   1027,603,15,4844,5944,510,1   1772,355,3,2356,2586,102,1   744,204,11,4167,5053,374,4   1723,488,5,5161,5617,170,3   933,674,23,1115,2869,781,4   1154,645,17,0,1142,578,4   1093,727,27,2414,4038,917,3   1683,195,24,236,1672,815,3   220,563,6,4954,5380,204,5   1524,784,22,4027,5959,748,4   1407,661,7,2177,2773,238,5
!----------------------------------------------------------------
!Recharge stations: x,y
300,0   1104,923   265,570   1281,290   997,241   1508,355   1486,550   368,875   1766,541   1717,671   1244,246   1438,333   1269,613   1833,520   535,532   1338,766   189,400   1131,503   554,230   374,386   1411,747   282,613   789,370   457,537   1796,516

g inverse recharge rate 0.46
