!----------------------------------------------------------------
!Stores: (first: depot x,y; then: satellites x,y,maxCap)
300,0   737,750,1000   1403,735,1000   1207,746,1000   214,536,1000
!----------------------------------------------------------------
!Trucks: (total#, cap, cost/dist, fixcost)
2,181,1,128   2,250,1,150   2,331,1,172
!----------------------------------------------------------------
!CityFreighters: (max cf/sat, total#, cap, cost/dist, fixcost, maxCharge, energyConsumption)
3,3,90,1,68,1084,1   4,4,125,1,80,1500,1   3,3,165,1,92,1984,1
!----------------------------------------------------------------
!Customers: (x, y, demand, readyTime, dueDate, serviceTime, penalizationCost)
381,672,25,4274,5934,848,5   235,448,15,3042,4320,509,1   1527,689,11,4895,5569,373,2   991,692,10,3866,4710,339,1   1381,463,24,2479,3877,815,1   1331,325,10,4884,5792,339,5   280,463,3,2102,2262,102,2   1649,482,20,680,2070,679,4   1251,279,18,55,1377,611,5   772,424,19,2816,4078,645,5   601,399,5,3699,3981,170,2   826,529,15,99,1041,509,4   530,700,4,3935,4181,136,1   1347,369,20,2911,4071,679,5   358,653,26,2641,4587,882,5   1456,310,20,1859,3451,679,3   432,545,11,5643,6621,373,3   308,637,10,3845,4549,339,5   715,262,27,756,1742,916,4   870,441,5,5263,5591,170,4   1624,425,17,2201,3323,577,5   253,551,5,710,1108,170,1   630,527,19,1598,2948,645,2   1106,459,12,183,1249,407,4   968,772,26,1803,3849,882,2   993,689,13,5705,6649,441,1   242,444,28,3970,5952,950,3   1479,590,20,723,2053,679,5   1436,406,20,2926,3926,679,4   516,737,26,3815,5935,882,1   1581,667,26,4063,5549,882,4   1019,358,16,2875,4039,543,5   1616,672,13,4884,5792,441,5   557,378,18,3729,5145,611,5   1394,537,22,3837,5269,747,2   1601,345,21,3712,5236,713,5   769,350,14,3757,4675,475,2   1790,485,17,4771,6115,577,5   814,743,26,2631,5095,882,2   399,364,29,2544,3982,984,4   835,490,8,2182,2840,272,4   533,911,20,4691,5937,679,5   630,548,10,2991,3753,339,2   1296,446,14,1799,2757,475,3   1428,556,6,830,1250,204,3   278,269,6,3227,3723,204,4   646,530,3,1354,1576,102,3   1658,532,14,969,1833,475,2   470,622,19,1753,3163,645,3   1838,751,9,825,1541,305,2
!----------------------------------------------------------------
!Recharge stations: x,y
300,0   737,750   1403,735   1207,746   214,536   1130,505   1578,314   1186,382   970,162   665,917   1713,789   37,542   1171,701   275,335   1325,207   585,786   855,801   517,331   1820,216   1356,325   756,278   383,615   1193,217   485,339   559,431

g inverse recharge rate 0.39
