!----------------------------------------------------------------
!Stores: (first: depot x,y; then: satellites x,y,maxCap)
300,0   1314,650,1000   548,85,1000   70,356,1000   844,731,1000
!----------------------------------------------------------------
!Trucks: (total#, cap, cost/dist, fixcost)
2,181,1,128   2,250,1,150   2,331,1,172
!----------------------------------------------------------------
!CityFreighters: (max cf/sat, total#, cap, cost/dist, fixcost, maxCharge, energyConsumption)
3,3,90,1,68,939,1   4,4,125,1,80,1300,1   3,3,165,1,92,1719,1
!----------------------------------------------------------------
!Customers: (x, y, demand, readyTime, dueDate, serviceTime, penalizationCost)
1140,489,22,3865,5639,844,5   1210,344,10,1630,2198,384,1   283,552,7,431,1019,269,5   1743,579,11,4812,5810,422,1   660,253,15,927,1897,575,5   808,679,4,6890,7262,153,2   288,610,3,1348,1632,115,1   1320,570,10,281,1197,384,4   984,331,29,2261,4767,1112,3   1198,680,17,3291,4265,652,3   1390,344,18,3698,4912,691,2   1427,604,7,3778,4514,269,5   1264,777,19,876,2204,729,1   1192,450,16,5542,6254,614,4   1350,439,21,2910,4942,806,3   890,676,22,3515,5199,844,4   1265,750,17,3455,5165,652,1   1488,311,23,2388,4496,882,4   1676,533,17,1519,3271,652,5   232,547,26,3047,5121,997,4   1548,424,16,3905,4987,614,5   1087,469,19,3822,5652,729,1   577,324,11,4224,5130,422,3   200,500,25,1303,2583,959,1   1621,484,11,3354,3938,422,2   1585,514,27,4556,6582,1036,1   457,347,10,4780,5666,384,3   1507,592,12,6285,7201,460,3   316,368,13,4788,5662,499,4   512,602,9,442,1174,345,3   1445,645,28,2735,5091,1074,2   805,561,5,6937,7243,192,5   342,511,23,4315,6091,882,1   1639,556,18,5132,6428,691,3   825,343,7,5476,5996,269,4   1751,499,18,1365,2735,691,4   1684,637,18,800,2438,691,2   1472,666,8,2874,3694,307,3   1094,424,11,6040,6644,422,3   1701,426,18,1588,2842,691,1   1345,660,19,3381,4963,729,2   878,16,28,3440,5356,1074,4   216,792,7,6558,7234,269,2   961,798,21,1980,3948,806,3   1184,801,12,2532,3672,460,4   1274,186,22,535,2591,844,5   928,905,19,740,2414,729,1   1061,989,25,1037,2945,959,2   474,471,11,3175,3931,422,3   248,292,11,1575,2415,422,4
!----------------------------------------------------------------
!Recharge stations: x,y
300,0   1314,650   548,85   70,356   844,731   273,357   372,710   1529,261   1270,389   655,302   1674,380   1396,767   244,452   1523,709   426,287   921,702   861,575   1356,580   529,269   122,368   690,624   750,182   364,612   1301,231   417,330

g inverse recharge rate 0.52
