!----------------------------------------------------------------
!Stores: (first: depot x,y; then: satellites x,y,maxCap)
300,0   1104,923,1000   265,570,1000   1281,290,1000   997,241,1000
!----------------------------------------------------------------
!Trucks: (total#, cap, cost/dist, fixcost)
2,181,1,128   2,250,1,150   2,331,1,172
!----------------------------------------------------------------
!CityFreighters: (max cf/sat, total#, cap, cost/dist, fixcost, maxCharge, energyConsumption)
3,3,90,1,68,650,1   4,4,125,1,80,900,1   3,3,165,1,92,1190,1
!----------------------------------------------------------------
!Customers: (x, y, demand, readyTime, dueDate, serviceTime, penalizationCost)
1080,593,8,3291,3815,272,3   1753,528,17,601,1973,578,4   445,400,22,2464,4500,748,3   812,373,17,2733,3601,578,1   1472,533,8,3324,3772,272,5   533,449,11,4761,5369,374,5   1500,396,28,1354,3642,951,2   783,520,8,5985,6577,272,2   447,670,25,4172,5502,849,3   1673,643,11,5588,6202,374,4   295,397,24,3329,4317,815,5   674,443,18,4808,5978,612,2   293,545,25,3954,5746,849,1   941,487,4,3083,3415,136,1   1501,317,16,3093,4073,544,5   1263,474,8,6059,6705,272,2   1796,478,13,4909,5693,442,2   219,495,6,2882,3114,204,4   352,509,19,3471,5183,646,5   1628,651,7,2067,2445,238,4   1419,708,29,2368,4528,985,1   1547,410,3,5058,5322,102,2   688,719,13,2463,3495,442,3   244,550,27,2499,4245,917,5   1548,575,8,4064,4386,272,4   1494,578,22,3823,5165,748,3   1582,371,13,2192,2812,442,2   1183,560,28,4635,5925,951,2   1142,241,24,3779,5223,815,2   1203,670,19,4514,5658,646,1   1177,440,12,539,1485,408,4   549,720,22,2100,4068,748,1   1499,389,22,3421,5305,748,2   1019,209,10,4277,5027,340,1   1299,607,28,3292,6002,951,1   1198,224,16,1876,2790,544,1   1770,470,19,2292,3398,646,4   1127,515,22,2941,4685,748,3   603,584,8,892,1676,272,1   1027,603,15,5086,6284,510,4   1772,355,3,1966,2134,102,4   744,204,11,3528,4404,374,4   1723,488,5,3557,3941,170,4   933,674,23,2709,4021,781,3   1154,645,17,1542,2736,578,3   1093,727,27,819,3277,917,2   1683,195,24,234,1596,815,4   220,563,6,5377,5781,204,2   1524,784,22,3567,4549,748,4   1407,661,7,1190,1842,238,2
!----------------------------------------------------------------
!Recharge stations: x,y
300,0   1104,923   265,570   1281,290   997,241   1508,355   1486,550   368,875   1766,541   1717,671   1244,246   1438,333   1269,613   1833,520   535,532   1338,766   189,400   1131,503   554,230   374,386   1411,747   282,613   789,370   457,537   1796,516

g inverse recharge rate 0.66
