!----------------------------------------------------------------
!Stores: (first: depot x,y; then: satellites x,y,maxCap)
300,0   1680,198,1000   1105,702,1000   1469,679,1000   967,345,1000
!----------------------------------------------------------------
!Trucks: (total#, cap, cost/dist, fixcost)
2,181,1,128   2,250,1,150   2,331,1,172
!----------------------------------------------------------------
!CityFreighters: (max cf/sat, total#, cap, cost/dist, fixcost, maxCharge, energyConsumption)
3,3,90,1,68,1084,1   4,4,125,1,80,1500,1   3,3,165,1,92,1984,1
!----------------------------------------------------------------
!Customers: (x, y, demand, readyTime, dueDate, serviceTime, penalizationCost)
802,540,20,1735,2761,591,4   1641,343,5,3002,3212,148,4   1184,667,26,0,1121,769,5   942,312,28,0,1503,828,5   1136,426,11,4183,4803,325,1   1212,394,11,3024,3656,325,1   962,605,16,5276,5968,473,5   463,582,13,4699,5351,384,3   491,462,25,4084,5124,739,5   675,621,26,3104,4622,769,4   1505,436,12,202,956,355,5   1719,382,10,1905,2493,296,1   378,359,25,2053,3723,739,2   843,452,14,4024,4818,414,3   625,721,19,2046,3022,562,3   1634,400,25,3430,5026,739,1   1057,607,29,441,2591,857,3   768,507,10,4998,5742,296,3   1543,611,14,1589,2331,414,4   685,382,10,5160,5598,296,5   1027,322,17,2038,3054,503,2   816,578,7,3852,4370,207,5   727,698,8,1242,1862,237,2   1301,421,18,4823,5615,532,2   358,485,13,3834,4648,384,2   1767,538,18,1543,2501,532,5   310,555,15,3919,4737,443,1   693,574,18,3353,4283,532,1   878,305,18,4898,5756,532,3   976,524,23,1589,2795,680,3   920,554,13,167,773,384,1   1291,546,23,143,1273,680,2   799,506,10,4345,4997,296,1   890,602,24,3009,4575,710,5   1746,558,19,0,1427,562,5   1331,642,25,3890,5458,739,1   1567,456,27,4061,5837,798,2   1295,261,18,5238,6288,532,2   1304,310,5,290,504,148,4   681,714,14,5065,5785,414,3   809,607,16,2999,3951,473,3   725,388,8,5031,5451,237,1   103,632,4,1931,2177,118,1   1090,56,29,1154,2734,857,1   1906,663,25,1208,2752,739,5   408,559,23,952,2348,680,2   387,541,25,2574,4104,739,4   138,358,12,3755,4503,355,5   1414,489,25,1152,2154,739,4   1645,614,3,1925,2119,89,5
!----------------------------------------------------------------
!Recharge stations: x,y
300,0   1680,198   1105,702   1469,679   967,345   326,462   761,296   1152,234   351,436   675,802   1276,477   613,572   1479,418   544,246   1956,463   1135,317   504,633   604,809   1822,438   1035,378   916,153   270,616   1055,810   195,555   944,722

g inverse recharge rate 0.37
