!----------------------------------------------------------------
!Stores: (first: depot x,y; then: satellites x,y,maxCap)
300,0   1913,443,1000   1219,926,1000   608,792,1000   1816,280,1000
!----------------------------------------------------------------
!Trucks: (total#, cap, cost/dist, fixcost)
2,181,1,128   2,250,1,150   2,331,1,172
!----------------------------------------------------------------
!CityFreighters: (max cf/sat, total#, cap, cost/dist, fixcost, maxCharge, energyConsumption)
3,3,90,1,68,867,1   4,4,125,1,80,1200,1   3,3,165,1,92,1587,1
!----------------------------------------------------------------
!Customers: (x, y, demand, readyTime, dueDate, serviceTime, penalizationCost)
623,450,10,4710,5754,415,3   281,390,29,2293,3903,1203,2   884,287,9,806,1398,373,1   1629,573,29,2765,5441,1203,4   974,731,8,6154,6834,332,5   529,469,12,3461,4661,498,1   1551,495,8,2466,3050,332,4   1351,754,3,2747,2977,124,5   602,631,10,3084,3750,415,5   898,367,3,4302,4530,124,4   1699,559,21,453,2375,871,3   378,609,17,810,1608,705,3   370,498,3,4013,4307,124,4   469,445,17,1247,2299,705,3   1184,511,12,2693,3119,498,1   495,516,8,5642,6468,332,5   1495,720,6,1926,2276,249,5   530,438,28,3777,6659,1161,4   981,779,7,2037,2713,290,2   510,736,25,1012,3226,1037,4   361,612,10,2445,3009,415,3   1250,678,25,2294,3886,1037,1   756,555,10,4159,4829,415,4   800,283,3,7081,7339,124,2   490,577,16,2069,3311,664,4   461,372,20,5797,7127,830,1   654,765,15,5097,6539,622,3   1709,537,25,6131,7599,1037,3   440,471,27,3923,5809,1120,1   571,333,21,2109,4315,871,2   1234,454,25,2863,4841,1037,3   1631,401,20,4293,6193,830,5   598,321,13,2900,3832,539,4   1653,656,20,3851,6133,830,4   913,741,8,5124,5854,332,4   1356,482,28,2727,5587,1161,2   1699,452,29,2444,5186,1203,4   484,331,9,1990,2816,373,2   1148,231,7,1777,2191,290,5   1454,444,24,5211,7733,996,3   1784,634,11,591,1503,456,1   1304,192,12,830,2066,498,3   1100,315,12,5764,6782,498,2   1382,546,17,6682,8144,705,1   1638,743,29,4552,7068,1203,4   633,80,29,960,2304,1203,4   1600,703,24,1526,3878,996,2   1675,196,3,6891,7131,124,5   1892,642,20,0,1801,830,2   1161,242,23,855,3001,954,1
!----------------------------------------------------------------
!Recharge stations: x,y
300,0   1913,443   1219,926   608,792   1816,280   1120,355   857,292   1951,593   934,802   1543,499   446,556   1631,279   618,418   876,562   1684,653   179,492   1561,414   220,579   881,173   364,870   1589,151   1300,690   1699,338   1107,831   125,616

g inverse recharge rate 0.61
