!----------------------------------------------------------------
!Stores: (first: depot x,y; then: satellites x,y,maxCap)
300,0   1982,476,1000   985,805,1000   1474,624,1000   1117,188,1000
!----------------------------------------------------------------
!Trucks: (total#, cap, cost/dist, fixcost)
2,181,1,128   2,250,1,150   2,331,1,172
!----------------------------------------------------------------
!CityFreighters: (max cf/sat, total#, cap, cost/dist, fixcost, maxCharge, energyConsumption)
3,3,90,1,68,1011,1   4,4,125,1,80,1400,1   3,3,165,1,92,1851,1
!----------------------------------------------------------------
!Customers: (x, y, demand, readyTime, dueDate, serviceTime, penalizationCost)
615,600,27,1280,3348,1042,5   1511,329,23,1597,3413,888,5   1782,526,8,4213,5001,309,4   509,649,9,1946,2498,347,5   450,391,4,4083,4503,154,1   1103,297,6,6565,7263,232,4   1090,759,8,4297,4731,309,4   1777,471,16,3818,4776,617,5   503,585,9,3602,4258,347,1   991,253,27,4591,6463,1042,5   236,534,13,1418,2472,502,3   1027,793,24,1897,4709,926,5   1206,221,6,2452,2986,232,4   1774,556,7,2712,3374,270,5   500,471,22,440,1694,849,1   220,533,17,4720,6090,656,3   270,402,22,2653,3547,849,4   370,540,17,1154,2014,656,3   248,532,7,1482,2094,270,1   1473,452,19,2451,3859,733,4   1005,700,6,682,1142,232,5   1218,251,4,3950,4314,154,2   1461,480,29,4997,7601,1119,1   729,658,4,2673,2917,154,5   1377,537,25,3075,4851,965,1   1747,396,8,2118,2698,309,3   524,662,7,3842,4198,270,3   490,273,19,2318,3544,733,4   217,544,6,1319,1733,232,2   445,318,24,4437,6415,926,1   1401,748,23,15,2577,888,1   858,647,16,2275,3985,617,3   1700,356,25,1595,3041,965,4   1207,342,12,5095,6263,463,5   924,339,5,660,962,193,4   1074,619,25,5111,6917,965,1   1391,295,26,1685,3497,1003,5   789,284,18,485,1959,695,1   884,539,16,320,1532,617,5   277,552,23,689,2943,888,5   1234,712,29,5116,7612,1119,3   1048,910,5,2862,3206,193,1   1718,576,27,2188,4568,1042,2   629,161,16,2244,3860,617,5   363,216,5,4431,4811,193,3   1205,170,29,4115,6753,1119,5   993,642,8,1605,2093,309,4   1381,476,7,2021,2509,270,3   1648,835,20,4400,6206,772,4   1243,138,19,5099,6511,733,1
!----------------------------------------------------------------
!Recharge stations: x,y
300,0   1982,476   985,805   1474,624   1117,188   470,426   1269,663   687,469   521,365   1752,431   808,433   718,386   674,489   539,450   698,349   1401,422   1427,512   467,422   1207,579   91,480   1482,486   1531,472   1263,685   1496,216   586,610

g inverse recharge rate 0.47
