!----------------------------------------------------------------
!Stores: (first: depot x,y; then: satellites x,y,maxCap)
300,0   674,747,1000   1212,82,1000   1820,396,1000   146,610,1000
!----------------------------------------------------------------
!Trucks: (total#, cap, cost/dist, fixcost)
2,181,1,128   2,250,1,150   2,331,1,172
!----------------------------------------------------------------
!CityFreighters: (max cf/sat, total#, cap, cost/dist, fixcost, maxCharge, energyConsumption)
3,3,90,1,68,795,1   4,4,125,1,80,1100,1   3,3,165,1,92,1455,1
!----------------------------------------------------------------
!Customers: (x, y, demand, readyTime, dueDate, serviceTime, penalizationCost)
780,646,22,6100,7924,802,5   711,230,24,3778,4690,874,1   573,491,16,3833,5447,583,4   466,713,9,4985,5677,328,4   580,515,15,3394,4520,547,4   785,684,29,3983,6899,1057,2   1798,482,16,1118,2122,583,3   1254,401,11,1418,2314,401,1   1267,503,24,898,3046,874,2   1692,387,19,6272,7648,692,1   1346,517,24,2787,3981,874,4   1640,434,7,6283,6733,255,2   952,712,29,266,1382,1057,5   300,610,19,5857,7349,692,2   735,309,5,4774,5208,182,3   1201,417,19,5503,6481,692,1   912,561,22,5321,7181,802,1   682,725,16,4631,5859,583,1   556,373,21,2417,3829,765,3   437,502,15,5404,6336,547,1   1244,258,8,3604,4176,291,1   346,373,24,4045,5815,874,3   1686,512,24,1594,2892,874,4   1612,372,12,5268,6220,437,2   1369,252,28,2224,4712,1020,3   869,647,3,1368,1564,109,3   1517,668,12,4718,5488,437,5   875,666,6,6910,7190,219,1   421,332,19,1439,3035,692,5   1487,492,10,2917,3365,364,1   734,421,8,2685,3243,291,5   555,624,25,504,2528,911,2   1791,481,20,4619,5847,729,4   1089,427,3,7276,7470,109,4   1529,435,24,2529,4391,874,3   320,416,21,4405,6045,765,2   1670,625,8,5114,5810,291,2   512,609,22,3300,5190,802,3   1644,378,28,4900,7332,1020,2   1538,497,23,3620,4656,838,4   1697,615,20,1007,2125,729,3   106,330,22,1081,2667,802,3   1565,227,18,6158,7306,656,2   607,835,17,2443,3063,619,2   1837,538,13,5867,6539,474,3   1511,654,22,788,2156,802,4   988,57,7,882,1292,255,3   1437,655,29,3077,4547,1057,2   833,230,18,3365,4393,656,1   741,20,25,5495,7219,911,4
!----------------------------------------------------------------
!Recharge stations: x,y
300,0   674,747   1212,82   1820,396   146,610   594,208   900,186   1024,417   1145,426   1792,477   576,776   239,630   1713,323   1471,501   1667,668   355,687   236,202   588,459   1324,526   153,521   239,502   1273,594   965,466   350,401   1270,734

g inverse recharge rate 0.64
