!----------------------------------------------------------------
!Stores: (first: depot x,y; then: satellites x,y,maxCap)
300,0   941,202,1000   764,856,1000   989,385,1000   706,294,1000
!----------------------------------------------------------------
!Trucks: (total#, cap, cost/dist, fixcost)
2,181,1,128   2,250,1,150   2,331,1,172
!----------------------------------------------------------------
!CityFreighters: (max cf/sat, total#, cap, cost/dist, fixcost, maxCharge, energyConsumption)
3,3,90,1,68,1156,1   4,4,125,1,80,1600,1   3,3,165,1,92,2116,1
!----------------------------------------------------------------
!Customers: (x, y, demand, readyTime, dueDate, serviceTime, penalizationCost)
395,389,21,1332,2458,568,4   1351,406,17,2354,3316,459,1   811,620,26,3098,4910,703,1   1558,318,7,4291,4683,189,5   1093,597,25,275,1553,676,3   1670,525,9,849,1223,243,3   1364,741,27,3875,4921,730,5   1108,353,6,4136,4296,162,3   811,277,23,3484,5142,622,4   570,613,13,628,996,351,3   695,289,23,0,1380,622,1   617,241,8,3980,4400,216,2   1471,373,12,3382,3972,324,4   846,746,4,2811,3127,108,2   486,281,19,1893,3085,513,2   1423,306,24,0,1378,649,4   1317,658,22,4001,5185,595,4   1613,640,25,3517,4849,676,5   1043,609,14,2768,3912,378,3   482,401,15,4428,5158,405,1   1375,313,14,2096,2984,378,2   1698,587,27,1768,3354,730,2   1425,250,7,1041,1475,189,4   1435,294,7,3646,4056,189,3   910,429,16,1292,1954,432,5   726,695,9,3442,3854,243,4   467,338,3,5291,5435,81,3   277,487,18,3564,4494,486,1   1079,513,15,697,1261,405,4   341,514,12,2027,2591,324,4   875,338,16,257,1009,432,3   331,498,15,3801,4373,405,2   314,395,15,2234,3034,405,4   616,561,23,0,1360,622,4   907,722,27,743,2917,730,2   855,247,21,3594,4808,568,2   1116,540,27,1510,3058,730,1   1531,429,10,2325,2927,270,4   582,522,10,2383,2781,270,2   628,409,11,1153,1737,297,3   1717,715,8,4417,4721,216,2   336,142,27,878,2876,730,1   1495,602,12,477,1223,324,3   1059,62,13,4308,5126,351,1   1114,692,21,4285,5403,568,2   673,414,26,2832,4602,703,5   527,885,11,2148,2820,297,5   1841,629,20,667,2029,540,2   1315,472,23,3614,4816,622,1   465,222,19,3235,4177,513,2
!----------------------------------------------------------------
!Recharge stations: x,y
300,0   941,202   764,856   989,385   706,294   1527,333   1472,253   261,554   532,279   384,280   947,742   1506,457   263,387   511,644   238,352   662,615   188,567   1827,519   1644,482   905,333   725,649   566,473   1323,721   725,650   116,684

g inverse recharge rate 0.3
