!----------------------------------------------------------------
!Stores: (first: depot x,y; then: satellites x,y,maxCap)
300,0   674,747,1000   1212,82,1000   1820,396,1000   146,610,1000
!----------------------------------------------------------------
!Trucks: (total#, cap, cost/dist, fixcost)
2,181,1,128   2,250,1,150   2,331,1,172
!----------------------------------------------------------------
!CityFreighters: (max cf/sat, total#, cap, cost/dist, fixcost, maxCharge, energyConsumption)
3,3,90,1,68,1084,1   4,4,125,1,80,1500,1   3,3,165,1,92,1984,1
!----------------------------------------------------------------
!Customers: (x, y, demand, readyTime, dueDate, serviceTime, penalizationCost)
780,646,22,4857,6153,802,4   711,230,24,3733,6229,874,2   573,491,16,4385,5447,583,2   466,713,9,6031,6697,328,3   580,515,15,6127,7333,547,3   785,684,29,2927,4495,1057,1   1798,482,16,3641,4649,583,2   1254,401,11,6878,7740,401,4   1267,503,24,345,2641,874,2   1692,387,19,3689,5019,692,3   1346,517,24,1476,2964,874,2   1640,434,7,951,1363,255,3   952,712,29,3462,5138,1057,5   300,610,19,372,1768,692,4   735,309,5,6299,6731,182,1   1201,417,19,2864,3942,692,1   912,561,22,402,2060,802,3   682,725,16,885,2001,583,5   556,373,21,3725,5021,765,1   437,502,15,297,1721,547,3   1244,258,8,723,1335,291,2   346,373,24,4367,5901,874,5   1686,512,24,1293,3043,874,1   1612,372,12,1959,2819,437,5   1369,252,28,3266,5594,1020,1   869,647,3,3943,4255,109,3   1517,668,12,3515,4229,437,2   875,666,6,5643,6165,219,4   421,332,19,6185,7729,692,3   1487,492,10,4979,5819,364,1   734,421,8,6492,7270,291,2   555,624,25,148,1420,911,2   1791,481,20,1411,1901,729,1   1089,427,3,7490,7688,109,4   1529,435,24,0,1970,874,1   320,416,21,1181,2251,765,1   1670,625,8,1086,1704,291,5   512,609,22,1785,2805,802,4   1644,378,28,4838,6822,1020,3   1538,497,23,249,1903,838,5   1697,615,20,2271,3739,729,4   106,330,22,2203,3677,802,2   1565,227,18,3375,4513,656,4   607,835,17,5531,6113,619,5   1837,538,13,2272,3360,474,1   1511,654,22,3239,4905,802,4   988,57,7,5408,6086,255,1   1437,655,29,3795,5469,1057,4   833,230,18,2103,3565,656,5   741,20,25,0,2109,911,4
!----------------------------------------------------------------
!Recharge stations: x,y
300,0   674,747   1212,82   1820,396   146,610   594,208   900,186   1024,417   1145,426   1792,477   576,776   239,630   1713,323   1471,501   1667,668   355,687   236,202   588,459   1324,526   153,521   239,502   1273,594   965,466   350,401   1270,734

g inverse recharge rate 0.47
