!----------------------------------------------------------------
!Stores: (first: depot x,y; then: satellites x,y,maxCap)
300,0   14,516,1000   900,857,1000   226,729,1000   1523,387,1000
!----------------------------------------------------------------
!Trucks: (total#, cap, cost/dist, fixcost)
2,181,1,128   2,250,1,150   2,331,1,172
!----------------------------------------------------------------
!CityFreighters: (max cf/sat, total#, cap, cost/dist, fixcost, maxCharge, energyConsumption)
3,3,90,1,68,795,1   4,4,125,1,80,1100,1   3,3,165,1,92,1455,1
!----------------------------------------------------------------
!Customers: (x, y, demand, readyTime, dueDate, serviceTime, penalizationCost)
1319,462,5,3178,3598,231,3   1081,616,7,1445,2045,324,4   450,560,7,1572,2202,324,3   744,686,25,0,2238,1156,2   227,439,18,5994,7756,833,5   1544,529,20,617,2513,925,5   1075,473,18,3072,4670,833,5   1297,233,19,5299,7251,879,3   904,687,29,4678,7318,1341,4   643,611,27,5431,7257,1249,4   1565,665,29,1406,4018,1341,2   1065,333,29,2204,4674,1341,5   1500,324,11,3630,4804,509,1   1432,354,22,2273,4351,1018,3   853,713,19,2909,4683,879,4   302,509,13,1325,2251,601,3   1286,463,28,1401,3935,1295,1   981,764,6,1887,2521,278,5   211,508,22,5374,6644,1018,4   1151,357,4,3262,3480,185,5   780,320,5,1834,2242,231,4   1193,762,21,975,2857,971,1   1067,379,8,3317,3835,370,2   282,420,18,6476,7978,833,3   469,601,3,1000,1260,139,5   1506,342,19,6434,7950,879,5   1686,616,7,4855,5447,324,1   1629,594,7,4299,5143,324,3   1703,469,9,1677,2509,416,2   1456,503,7,3608,4244,324,4   1129,307,8,7086,8002,370,4   1160,338,15,5539,6989,694,5   361,615,15,4775,6791,694,4   1119,208,16,3386,4854,740,3   412,308,11,6307,7851,509,1   1528,661,5,899,1331,231,2   1697,511,18,2914,4290,833,1   1184,516,3,2977,3265,139,4   1284,408,22,1152,3316,1018,3   1645,510,27,3086,5338,1249,5   1502,365,9,3830,4922,416,2   200,285,12,2107,3533,555,1   1168,618,5,3291,3719,231,2   1228,143,27,554,2800,1249,3   887,54,19,927,2023,879,2   934,389,18,6309,8493,833,5   118,716,4,4906,5206,185,5   1557,122,26,2883,5325,1203,3   1865,539,5,1901,2473,231,3   0,500,7,607,1227,324,1
!----------------------------------------------------------------
!Recharge stations: x,y
300,0   14,516   900,857   226,729   1523,387   1473,232   516,325   1556,602   321,460   1133,641   162,451   212,453   1307,759   289,677   766,685   600,305   832,269   336,217   247,557   405,277   1381,107   1851,680   1374,251   806,514   199,418

g inverse recharge rate 0.68
