!----------------------------------------------------------------
!Stores: (first: depot x,y; then: satellites x,y,maxCap)
300,0   14,516,1000   900,857,1000   226,729,1000   1523,387,1000
!----------------------------------------------------------------
!Trucks: (total#, cap, cost/dist, fixcost)
2,181,1,128   2,250,1,150   2,331,1,172
!----------------------------------------------------------------
!CityFreighters: (max cf/sat, total#, cap, cost/dist, fixcost, maxCharge, energyConsumption)
3,3,90,1,68,1084,1   4,4,125,1,80,1500,1   3,3,165,1,92,1984,1
!----------------------------------------------------------------
!Customers: (x, y, demand, readyTime, dueDate, serviceTime, penalizationCost)
1319,462,5,2704,3206,231,1   1081,616,7,734,1696,324,1   450,560,7,1818,2364,324,2   744,686,25,5604,7472,1156,3   227,439,18,4890,6822,833,5   1544,529,20,5730,7382,925,2   1075,473,18,1754,4204,833,5   1297,233,19,3716,5524,879,3   904,687,29,133,2577,1341,1   643,611,27,4460,7810,1249,1   1565,665,29,956,3638,1341,2   1065,333,29,2725,6477,1341,2   1500,324,11,3705,4639,509,5   1432,354,22,3081,5289,1018,1   853,713,19,5370,6886,879,4   302,509,13,3551,4747,601,5   1286,463,28,4721,7651,1295,4   981,764,6,4382,4862,278,3   211,508,22,0,2249,1018,3   1151,357,4,6369,6729,185,1   780,320,5,6260,6610,231,4   1193,762,21,3464,4920,971,5   1067,379,8,855,1547,370,3   282,420,18,3236,4720,833,4   469,601,3,1392,1712,139,4   1506,342,19,3613,5717,879,1   1686,616,7,6496,7226,324,1   1629,594,7,4537,5139,324,3   1703,469,9,6109,6881,416,2   1456,503,7,2911,3825,324,4   1129,307,8,1327,2095,370,5   1160,338,15,2177,3915,694,2   361,615,15,4765,6311,694,4   1119,208,16,4986,6308,740,5   412,308,11,997,2189,509,2   1528,661,5,4050,4326,231,1   1697,511,18,1122,2910,833,4   1184,516,3,2367,2599,139,4   1284,408,22,4935,7285,1018,4   1645,510,27,1383,3007,1249,2   1502,365,9,3018,3502,416,1   200,285,12,798,2018,555,2   1168,618,5,5644,6178,231,1   1228,143,27,5303,8365,1249,1   887,54,19,5814,7822,879,3   934,389,18,3228,5406,833,3   118,716,4,4630,5020,185,5   1557,122,26,3497,6275,1203,1   1865,539,5,1943,2427,231,1   0,500,7,3111,3675,324,2
!----------------------------------------------------------------
!Recharge stations: x,y
300,0   14,516   900,857   226,729   1523,387   1473,232   516,325   1556,602   321,460   1133,641   162,451   212,453   1307,759   289,677   766,685   600,305   832,269   336,217   247,557   405,277   1381,107   1851,680   1374,251   806,514   199,418

g inverse recharge rate 0.5
