!----------------------------------------------------------------
!Stores: (first: depot x,y; then: satellites x,y,maxCap)
300,0   732,403,1000   1811,773,1000   1333,923,1000   292,524,1000
!----------------------------------------------------------------
!Trucks: (total#, cap, cost/dist, fixcost)
2,181,1,128   2,250,1,150   2,331,1,172
!----------------------------------------------------------------
!CityFreighters: (max cf/sat, total#, cap, cost/dist, fixcost, maxCharge, energyConsumption)
3,3,90,1,68,1156,1   4,4,125,1,80,1600,1   3,3,165,1,92,2116,1
!----------------------------------------------------------------
!Customers: (x, y, demand, readyTime, dueDate, serviceTime, penalizationCost)
272,537,9,3343,4005,351,4   717,464,19,1588,2934,741,4   753,610,16,124,1388,624,1   1518,502,16,1162,2190,624,3   1131,684,12,3896,5008,468,2   276,491,14,5319,6607,546,3   1242,541,20,3806,5614,780,2   1422,645,20,3203,4633,780,5   1749,415,25,1218,2838,974,1   841,499,16,3802,4896,624,2   557,543,10,1028,1698,390,3   522,388,24,3999,6285,936,5   1258,718,12,3342,4134,468,2   1072,451,15,5682,7252,585,2   1490,350,18,5247,6935,702,4   1141,314,12,835,2201,468,5   484,494,10,6291,7035,390,1   428,624,18,5952,6480,702,5   342,653,23,0,2256,897,5   578,526,22,53,2011,858,5   1372,269,7,4010,4576,273,5   830,523,4,5024,5378,156,4   482,297,5,4989,5313,195,5   1602,373,29,4241,5687,1130,5   1486,588,10,1464,2286,390,3   649,414,25,2902,4580,974,2   1025,382,17,4149,5407,663,1   1065,439,14,5177,6277,546,3   660,685,6,1924,2514,234,4   656,350,16,5746,7102,624,4   989,787,23,673,2367,897,1   905,667,8,2827,3439,312,1   1641,625,25,3205,5567,974,1   438,562,7,5263,5943,273,4   769,310,22,1003,2969,858,4   1748,516,26,3661,6021,1013,2   487,628,16,4129,5415,624,1   572,723,10,6748,7380,390,4   216,479,6,2513,3031,234,5   798,595,22,550,2328,858,5   1297,866,28,316,2956,1091,3   1021,106,11,5384,6266,429,4   1523,174,3,6512,6804,117,3   31,431,20,1895,3935,780,4   1776,656,3,6313,6455,117,4   1660,243,24,1220,3306,936,4   1965,617,14,6066,7222,546,2   284,442,8,3328,3962,312,2   312,522,25,4877,7107,974,3   467,589,20,2018,3346,780,5
!----------------------------------------------------------------
!Recharge stations: x,y
300,0   732,403   1811,773   1333,923   292,524   532,607   1579,633   1365,729   1029,248   1581,368   930,657   1714,335   1549,605   1569,637   1008,253   1149,587   1442,744   1062,156   706,456   516,322   530,356   365,282   798,423   721,382   1015,299

g inverse recharge rate 0.42
