!----------------------------------------------------------------
!Stores: (first: depot x,y; then: satellites x,y,maxCap)
300,0   674,747,1000   1212,82,1000   1820,396,1000   146,610,1000
!----------------------------------------------------------------
!Trucks: (total#, cap, cost/dist, fixcost)
2,181,1,128   2,250,1,150   2,331,1,172
!----------------------------------------------------------------
!CityFreighters: (max cf/sat, total#, cap, cost/dist, fixcost, maxCharge, energyConsumption)
3,3,90,1,68,1228,1   4,4,125,1,80,1700,1   3,3,165,1,92,2248,1
!----------------------------------------------------------------
!Customers: (x, y, demand, readyTime, dueDate, serviceTime, penalizationCost)
780,646,22,3894,5582,802,5   711,230,24,2997,5123,874,1   573,491,16,1994,3136,583,1   466,713,9,5731,6463,328,4   580,515,15,2954,4202,547,3   785,684,29,3731,6817,1057,4   1798,482,16,1758,2536,583,2   1254,401,11,4596,5214,401,5   1267,503,24,3192,5488,874,2   1692,387,19,2788,3856,692,5   1346,517,24,1414,2974,874,5   1640,434,7,3920,4500,255,2   952,712,29,4827,6659,1057,2   300,610,19,2934,4238,692,1   735,309,5,2450,2866,182,5   1201,417,19,3281,5031,692,3   912,561,22,1516,2876,802,5   682,725,16,6404,7662,583,1   556,373,21,6160,7448,765,1   437,502,15,1802,3008,547,2   1244,258,8,2728,3364,291,1   346,373,24,1870,4076,874,1   1686,512,24,5009,6911,874,4   1612,372,12,5434,6274,437,2   1369,252,28,2217,4305,1020,1   869,647,3,5808,6080,109,5   1517,668,12,4868,5834,437,2   875,666,6,3047,3615,219,3   421,332,19,3047,4167,692,4   1487,492,10,6790,7512,364,5   734,421,8,6422,7074,291,1   555,624,25,3503,5061,911,1   1791,481,20,4922,6646,729,1   1089,427,3,3328,3632,109,2   1529,435,24,0,2047,874,3   320,416,21,6010,7542,765,5   1670,625,8,6198,6788,291,2   512,609,22,1469,3267,802,1   1644,378,28,1260,3764,1020,5   1538,497,23,5877,6985,838,5   1697,615,20,3707,4981,729,3   106,330,22,5960,7330,802,1   1565,227,18,4205,5531,656,1   607,835,17,2293,3541,619,4   1837,538,13,2424,3418,474,4   1511,654,22,3931,5473,802,5   988,57,7,6433,6949,255,5   1437,655,29,307,2557,1057,5   833,230,18,6237,7523,656,4   741,20,25,2288,4056,911,4
!----------------------------------------------------------------
!Recharge stations: x,y
300,0   674,747   1212,82   1820,396   146,610   594,208   900,186   1024,417   1145,426   1792,477   576,776   239,630   1713,323   1471,501   1667,668   355,687   236,202   588,459   1324,526   153,521   239,502   1273,594   965,466   350,401   1270,734

g inverse recharge rate 0.41
