!----------------------------------------------------------------
!Stores: (first: depot x,y; then: satellites x,y,maxCap)
300,0   54,456,1000   164,276,1000   1745,570,1000   1076,323,1000
!----------------------------------------------------------------
!Trucks: (total#, cap, cost/dist, fixcost)
2,181,1,128   2,250,1,150   2,331,1,172
!----------------------------------------------------------------
!CityFreighters: (max cf/sat, total#, cap, cost/dist, fixcost, maxCharge, energyConsumption)
3,3,90,1,68,1156,1   4,4,125,1,80,1600,1   3,3,165,1,92,2116,1
!----------------------------------------------------------------
!Customers: (x, y, demand, readyTime, dueDate, serviceTime, penalizationCost)
1267,379,15,4315,5593,656,5   588,332,25,0,1901,1093,1   359,385,20,6376,7684,875,5   1711,446,21,1234,3786,918,3   1748,553,14,2327,3277,612,4   501,610,4,7808,7932,175,5   743,356,4,1008,1330,175,2   1253,700,20,3453,4393,875,4   212,516,11,5824,6750,481,1   817,431,25,1210,3792,1093,2   473,323,12,2665,3583,525,5   884,530,20,1180,2554,875,2   319,527,29,1548,4058,1268,5   1013,202,12,6126,7240,525,5   666,690,7,6705,7341,306,3   1380,521,10,4221,4893,437,5   1542,585,17,3748,5010,743,4   218,469,18,1817,3675,787,1   1642,509,17,5161,6371,743,2   1370,431,25,551,2463,1093,1   1398,390,15,6455,7889,656,4   1556,315,11,5797,6829,481,1   294,594,4,7712,8170,175,2   350,659,5,7314,7846,219,2   446,593,14,470,1748,612,4   1467,397,23,3323,5463,1006,1   205,524,8,1088,1808,350,5   790,276,27,5603,8021,1181,3   364,353,18,529,2407,787,4   1157,436,21,6761,7285,918,3   254,501,28,6104,7544,1224,1   1672,607,20,6187,7767,875,1   1391,587,26,1638,3852,1137,3   1096,593,4,2550,2814,175,5   1335,471,6,5618,6044,262,4   1178,614,23,0,2516,1006,4   662,563,13,6812,8066,568,4   956,365,21,5004,7092,918,4   1175,619,22,2252,4418,962,5   1492,323,24,2249,3995,1049,4   1622,680,5,900,1366,219,1   254,287,26,1877,4527,1137,1   1860,336,17,4499,6103,743,2   1588,369,10,1219,2109,437,5   1199,247,5,3713,4181,219,1   885,670,11,2828,3818,481,5   108,629,6,4280,4754,262,3   1456,199,9,4040,4758,394,3   599,646,12,2906,3978,525,1   384,157,5,1326,1822,219,3
!----------------------------------------------------------------
!Recharge stations: x,y
300,0   54,456   164,276   1745,570   1076,323   895,312   1052,600   1666,701   1481,567   588,510   226,568   243,479   1265,205   1665,402   160,494   955,546   269,603   1421,693   639,189   1800,542   949,499   336,352   768,838   1590,129   266,356

g inverse recharge rate 0.46
