!----------------------------------------------------------------
!Stores: (first: depot x,y; then: satellites x,y,maxCap)
300,0   1258,707,1000   742,378,1000   174,458,1000   1537,247,1000
!----------------------------------------------------------------
!Trucks: (total#, cap, cost/dist, fixcost)
2,181,1,128   2,250,1,150   2,331,1,172
!----------------------------------------------------------------
!CityFreighters: (max cf/sat, total#, cap, cost/dist, fixcost, maxCharge, energyConsumption)
3,3,90,1,68,1011,1   4,4,125,1,80,1400,1   3,3,165,1,92,1851,1
!----------------------------------------------------------------
!Customers: (x, y, demand, readyTime, dueDate, serviceTime, penalizationCost)
1078,257,15,2513,3335,480,2   918,628,27,2857,4691,865,5   381,345,29,4057,5769,929,3   816,329,22,3320,4598,705,1   799,696,8,4647,5145,256,4   423,464,10,5377,6031,320,2   1346,338,25,4351,6025,801,1   844,755,4,5900,6112,128,1   1010,342,6,1646,1988,192,4   825,749,29,4903,6369,929,3   873,553,22,2862,4184,705,3   1364,513,29,4415,6699,929,3   582,247,10,5698,6368,320,5   202,518,18,2697,3359,576,2   919,267,22,2656,4218,705,5   1686,510,4,2517,2655,128,1   1105,394,23,462,2192,737,2   569,729,20,1210,2478,641,4   660,568,20,945,1883,641,3   1089,463,7,1002,1484,224,3   489,348,24,515,1551,769,1   644,327,9,1866,2362,288,5   517,331,4,3912,4212,128,3   420,358,16,523,1523,512,4   1669,384,22,3746,4696,705,2   394,671,10,4555,5187,320,3   1266,371,26,2336,4066,833,4   1260,399,28,1653,3497,897,5   1148,529,24,3424,5074,769,1   1161,311,13,2445,3223,416,2   1216,736,4,2652,2844,128,5   1065,715,5,4694,4998,160,5   1540,609,23,1003,2485,737,2   543,522,6,3123,3505,192,2   567,444,13,1682,2436,416,3   904,516,22,510,1580,705,5   1716,406,6,2182,2712,192,5   460,677,18,2816,4076,576,5   1277,456,22,1723,3187,705,3   921,466,12,4882,5592,384,5   1801,385,27,2743,4083,865,5   197,438,21,4062,5580,673,3   1520,513,12,2906,3646,384,2   866,783,25,2518,3968,801,4   939,892,22,4027,5579,705,5   1033,424,29,2248,4032,929,1   535,761,10,3320,3932,320,5   1986,442,10,1259,1861,320,1   664,627,3,2653,2855,96,5   1583,153,25,3130,5014,801,2
!----------------------------------------------------------------
!Recharge stations: x,y
300,0   1258,707   742,378   174,458   1537,247   934,581   1805,572   524,736   1767,528   1779,612   1046,238   1769,517   1339,698   824,700   762,402   1424,448   996,706   1842,529   555,586   1101,584   787,361   1107,409   1572,359   889,355   1722,382

g inverse recharge rate 0.42
