!----------------------------------------------------------------
!Stores: (first: depot x,y; then: satellites x,y,maxCap)
300,0   1056,693,1000   103,661,1000   114,485,1000   1304,808,1000
!----------------------------------------------------------------
!Trucks: (total#, cap, cost/dist, fixcost)
2,181,1,128   2,250,1,150   2,331,1,172
!----------------------------------------------------------------
!CityFreighters: (max cf/sat, total#, cap, cost/dist, fixcost, maxCharge, energyConsumption)
3,3,90,1,68,578,1   4,4,125,1,80,800,1   3,3,165,1,92,1058,1
!----------------------------------------------------------------
!Customers: (x, y, demand, readyTime, dueDate, serviceTime, penalizationCost)
1163,500,29,130,2020,1042,1   1367,493,17,4142,5576,611,3   1485,607,26,4041,5409,934,1   1714,389,16,4755,5913,575,4   1141,670,10,5503,5909,359,1   342,564,29,765,3093,1042,3   881,394,10,2596,3308,359,1   363,652,13,6364,7222,467,5   1144,739,20,1659,2977,719,5   262,395,5,5337,5753,180,1   1289,387,5,4457,4839,180,1   1060,256,28,3443,5501,1006,2   1137,712,4,1569,1839,144,1   877,554,6,388,866,216,1   387,602,17,0,1385,611,5   499,280,28,2888,5154,1006,4   735,489,9,2337,2799,323,1   1138,223,5,4813,5197,180,5   1773,517,24,4314,6126,862,5   463,646,22,1853,3393,791,5   225,513,28,4286,6436,1006,4   987,328,14,3108,3802,503,2   1718,618,10,4123,4817,359,5   527,297,15,6211,6825,539,4   1653,580,26,1703,3159,934,5   847,769,3,5545,5707,108,4   429,548,20,4075,5835,719,4   745,448,19,5740,6814,683,4   1593,500,3,5619,5831,108,5   469,718,18,1684,2672,647,3   1343,759,21,2530,3796,755,3   1460,507,4,5021,5319,144,1   1261,735,24,0,1790,862,4   722,686,29,1749,3155,1042,1   1404,478,14,2714,3718,503,4   677,632,22,3337,5133,791,3   1007,383,4,4170,4476,144,2   461,675,26,805,2603,934,5   1362,527,13,4837,5511,467,5   980,486,3,6020,6196,108,1   644,679,20,3062,4730,719,1   406,154,21,701,2019,755,2   1111,292,15,5951,6913,539,1   367,807,6,3984,4498,216,3   285,608,27,3509,5625,970,2   849,557,29,536,2328,1042,5   394,411,29,2023,4001,1042,3   637,836,17,3490,4630,611,1   462,155,6,993,1425,216,3   334,751,11,1415,2379,395,2
!----------------------------------------------------------------
!Recharge stations: x,y
300,0   1056,693   103,661   114,485   1304,808   1615,737   1344,598   1012,905   103,417   1523,354   1299,814   158,541   567,722   1701,635   976,253   845,391   1608,700   459,496   1691,557   973,187   558,529   701,686   1708,812   514,389   271,327

g inverse recharge rate 0.81
