!----------------------------------------------------------------
!Stores: (first: depot x,y; then: satellites x,y,maxCap)
300,0   1659,775,1000   808,901,1000   1591,509,1000   392,464,1000
!----------------------------------------------------------------
!Trucks: (total#, cap, cost/dist, fixcost)
2,181,1,128   2,250,1,150   2,331,1,172
!----------------------------------------------------------------
!CityFreighters: (max cf/sat, total#, cap, cost/dist, fixcost, maxCharge, energyConsumption)
3,3,90,1,68,939,1   4,4,125,1,80,1300,1   3,3,165,1,92,1719,1
!----------------------------------------------------------------
!Customers: (x, y, demand, readyTime, dueDate, serviceTime, penalizationCost)
792,282,11,4047,4587,383,4   1380,598,3,5732,5934,104,3   618,441,29,1950,3652,1009,1   1553,584,13,5656,6576,452,3   998,533,4,1463,1803,139,2   1244,774,6,3205,3567,209,5   884,770,19,5538,6252,661,4   1080,404,6,1069,1531,209,1   481,409,16,5752,6608,557,4   664,358,29,2810,4534,1009,2   1498,576,26,5336,7036,905,3   1652,651,22,5137,6805,765,1   622,687,23,5312,6618,800,5   900,495,19,3723,5289,661,3   719,221,10,5515,5991,348,4   579,264,11,1846,2780,383,5   1361,307,10,3556,4178,348,3   365,366,21,4710,6444,731,2   1258,562,20,3906,5292,696,3   1600,540,13,1394,2264,452,3   560,562,15,746,1614,522,3   382,682,14,5198,6076,487,1   1757,481,28,2577,5011,974,2   1129,555,13,2933,3659,452,2   1358,384,14,3579,5013,487,1   1222,388,22,2378,4002,765,3   447,529,25,256,1850,870,2   986,327,10,5883,6671,348,2   1488,332,16,381,1627,557,2   303,614,7,4472,4858,244,2   322,547,6,2269,2481,209,2   1167,396,19,199,1335,661,1   1210,425,22,458,1872,765,5   1031,395,23,780,2032,800,1   829,439,14,6239,7179,487,1   1062,223,29,4918,6946,1009,3   1714,373,20,4321,5785,696,3   1083,289,6,3360,3758,209,3   675,307,9,2253,2939,313,4   985,532,12,5894,6654,418,5   1507,186,27,2808,4950,939,3   1645,498,21,3091,4441,731,3   560,830,29,1975,3391,1009,1   46,552,28,1259,3263,974,1   98,507,12,4665,5465,418,5   1372,399,23,5532,6878,800,5   202,283,18,2448,3338,626,1   1186,634,22,563,2277,765,2   764,580,6,3680,4148,209,2   1628,760,25,4948,6916,870,4
!----------------------------------------------------------------
!Recharge stations: x,y
300,0   1659,775   808,901   1591,509   392,464   1757,423   1107,6   1049,303   1705,574   1363,190   1397,760   456,754   119,636   897,432   1297,408   289,574   617,747   1580,499   1489,401   328,706   1562,584   1735,269   1433,279   1597,283   189,504

g inverse recharge rate 0.5
