!----------------------------------------------------------------
!Stores: (first: depot x,y; then: satellites x,y,maxCap)
300,0   1653,568,1000   1871,320,1000   1234,686,1000   279,699,1000
!----------------------------------------------------------------
!Trucks: (total#, cap, cost/dist, fixcost)
2,181,1,128   2,250,1,150   2,331,1,172
!----------------------------------------------------------------
!CityFreighters: (max cf/sat, total#, cap, cost/dist, fixcost, maxCharge, energyConsumption)
3,3,90,1,68,867,1   4,4,125,1,80,1200,1   3,3,165,1,92,1587,1
!----------------------------------------------------------------
!Customers: (x, y, demand, readyTime, dueDate, serviceTime, penalizationCost)
1227,755,3,1808,2010,111,3   1781,476,27,3739,5467,996,3   1051,385,9,3811,4433,332,3   366,540,25,3351,5283,922,1   801,289,7,4068,4544,258,4   1193,317,10,5625,6351,369,5   1060,468,29,4174,6962,1070,1   982,744,6,580,1124,221,1   590,349,21,3275,5157,775,1   679,272,25,2344,4460,922,4   810,399,7,4879,5509,258,5   977,713,16,3183,4493,590,3   934,265,11,5621,6351,406,2   458,492,21,5735,7085,775,2   1554,663,27,677,2187,996,3   460,405,13,1879,3077,480,4   1375,264,19,4118,5552,701,3   784,295,7,1273,1709,258,4   1185,262,17,5284,6440,627,5   852,774,19,4086,5468,701,1   205,510,9,5195,5905,332,5   917,244,5,5415,5779,184,5   1339,726,18,1622,2698,664,4   1557,371,24,4286,6104,885,3   1252,738,16,5863,7295,590,1   1173,621,29,872,2988,1070,4   1636,352,28,0,1874,1033,5   1435,523,26,604,3224,959,4   441,334,8,5132,5730,295,4   237,572,3,5788,6020,111,3   321,577,12,6027,6599,443,5   1428,570,29,4038,6564,1070,2   1536,287,20,505,2365,738,3   794,332,27,1700,3492,996,3   1623,523,29,4056,6152,1070,1   203,497,12,2703,3771,443,5   461,697,25,345,2915,922,3   439,477,10,3218,3654,369,3   1354,714,20,3931,5271,738,5   1710,494,14,188,1270,516,5   638,433,11,5014,5878,406,2   1594,622,25,2565,3963,922,5   1350,165,5,4579,4935,184,3   1664,507,10,3813,4305,369,2   695,739,14,4551,5561,516,2   1215,830,24,4564,6776,885,3   1584,213,27,711,3225,996,2   318,339,20,1614,2928,738,1   1588,508,22,1125,2407,812,4   138,336,19,1625,2997,701,3
!----------------------------------------------------------------
!Recharge stations: x,y
300,0   1653,568   1871,320   1234,686   279,699   661,466   1714,350   994,513   564,385   1804,498   949,186   1456,213   1683,691   740,798   1284,621   107,487   185,487   1486,215   1524,745   856,617   1515,676   1355,275   1007,173   1143,935   1282,788

g inverse recharge rate 0.58
