!----------------------------------------------------------------
!Stores: (first: depot x,y; then: satellites x,y,maxCap)
300,0   1913,443,1000   1219,926,1000   608,792,1000   1816,280,1000
!----------------------------------------------------------------
!Trucks: (total#, cap, cost/dist, fixcost)
2,181,1,128   2,250,1,150   2,331,1,172
!----------------------------------------------------------------
!CityFreighters: (max cf/sat, total#, cap, cost/dist, fixcost, maxCharge, energyConsumption)
3,3,90,1,68,1011,1   4,4,125,1,80,1400,1   3,3,165,1,92,1851,1
!----------------------------------------------------------------
!Customers: (x, y, demand, readyTime, dueDate, serviceTime, penalizationCost)
623,450,10,5751,6775,415,5   281,390,29,2665,5055,1203,5   884,287,9,5280,6034,373,5   1629,573,29,4679,7371,1203,2   974,731,8,2329,2841,332,5   529,469,12,1763,2721,498,2   1551,495,8,4710,5128,332,5   1351,754,3,4780,5110,124,4   602,631,10,2622,3650,415,5   898,367,3,3023,3363,124,5   1699,559,21,294,2334,871,4   378,609,17,3875,5389,705,4   370,498,3,4201,4383,124,5   469,445,17,741,2127,705,2   1184,511,12,3618,4594,498,4   495,516,8,4464,5212,332,5   1495,720,6,5778,6378,249,5   530,438,28,2149,4147,1161,3   981,779,7,6091,6631,290,5   510,736,25,1383,3573,1037,1   361,612,10,1942,3044,415,4   1250,678,25,1410,3884,1037,1   756,555,10,5211,5921,415,1   800,283,3,6670,6912,124,2   490,577,16,2003,3291,664,5   461,372,20,5428,6730,830,3   654,765,15,2145,3037,622,5   1709,537,25,1472,3758,1037,2   440,471,27,5690,7590,1120,5   571,333,21,706,2120,871,5   1234,454,25,1146,3492,1037,2   1631,401,20,1222,2706,830,5   598,321,13,2442,3082,539,2   1653,656,20,5502,7172,830,4   913,741,8,2731,3493,332,3   1356,482,28,0,2397,1161,3   1699,452,29,5212,7832,1203,3   484,331,9,6911,7475,373,3   1148,231,7,3799,4137,290,4   1454,444,24,2701,5297,996,5   1784,634,11,4292,5138,456,2   1304,192,12,1767,2831,498,1   1100,315,12,1071,2129,498,2   1382,546,17,2672,3858,705,2   1638,743,29,3905,6917,1203,5   633,80,29,4772,7232,1203,1   1600,703,24,4611,6495,996,2   1675,196,3,1148,1416,124,2   1892,642,20,4113,6421,830,1   1161,242,23,1658,3396,954,5
!----------------------------------------------------------------
!Recharge stations: x,y
300,0   1913,443   1219,926   608,792   1816,280   1120,355   857,292   1951,593   934,802   1543,499   446,556   1631,279   618,418   876,562   1684,653   179,492   1561,414   220,579   881,173   364,870   1589,151   1300,690   1699,338   1107,831   125,616

g inverse recharge rate 0.52
