!----------------------------------------------------------------
!Stores: (first: depot x,y; then: satellites x,y,maxCap)
300,0   732,403,1000   1811,773,1000   1333,923,1000   292,524,1000
!----------------------------------------------------------------
!Trucks: (total#, cap, cost/dist, fixcost)
2,181,1,128   2,250,1,150   2,331,1,172
!----------------------------------------------------------------
!CityFreighters: (max cf/sat, total#, cap, cost/dist, fixcost, maxCharge, energyConsumption)
3,3,90,1,68,939,1   4,4,125,1,80,1300,1   3,3,165,1,92,1719,1
!----------------------------------------------------------------
!Customers: (x, y, demand, readyTime, dueDate, serviceTime, penalizationCost)
272,537,9,4500,4988,351,1   717,464,19,4337,6163,741,2   753,610,16,4301,5839,624,3   1518,502,16,1580,2834,624,5   1131,684,12,3318,4244,468,1   276,491,14,484,1304,546,5   1242,541,20,1880,3496,780,5   1422,645,20,1835,3757,780,4   1749,415,25,4855,7233,974,3   841,499,16,697,2129,624,1   557,543,10,1889,2611,390,2   522,388,24,178,2460,936,2   1258,718,12,3005,4297,468,4   1072,451,15,258,1464,585,5   1490,350,18,898,2136,702,3   1141,314,12,5192,6106,468,4   484,494,10,4345,5237,390,5   428,624,18,4727,6299,702,5   342,653,23,2266,4390,897,1   578,526,22,839,2319,858,4   1372,269,7,6330,6858,273,1   830,523,4,4148,4546,156,1   482,297,5,6567,6961,195,3   1602,373,29,4267,7031,1130,4   1486,588,10,3459,4067,390,5   649,414,25,4081,5555,974,2   1025,382,17,4769,5841,663,5   1065,439,14,4097,5395,546,4   660,685,6,1455,2013,234,5   656,350,16,3054,4546,624,2   989,787,23,3225,5621,897,4   905,667,8,5417,6253,312,2   1641,625,25,2855,4821,974,4   438,562,7,4649,5113,273,5   769,310,22,2579,4421,858,2   1748,516,26,3251,5169,1013,3   487,628,16,990,2472,624,5   572,723,10,5229,6159,390,4   216,479,6,5913,6233,234,2   798,595,22,3127,4871,858,4   1297,866,28,2573,4175,1091,2   1021,106,11,5818,6782,429,1   1523,174,3,6931,7221,117,1   31,431,20,2282,3602,780,4   1776,656,3,1151,1357,117,1   1660,243,24,2606,4354,936,3   1965,617,14,6028,7138,546,3   284,442,8,4711,5049,312,2   312,522,25,1171,3809,974,4   467,589,20,4159,5441,780,5
!----------------------------------------------------------------
!Recharge stations: x,y
300,0   732,403   1811,773   1333,923   292,524   532,607   1579,633   1365,729   1029,248   1581,368   930,657   1714,335   1549,605   1569,637   1008,253   1149,587   1442,744   1062,156   706,456   516,322   530,356   365,282   798,423   721,382   1015,299

g inverse recharge rate 0.52
