!----------------------------------------------------------------
!Stores: (first: depot x,y; then: satellites x,y,maxCap)
300,0   14,516,1000   900,857,1000   226,729,1000   1523,387,1000
!----------------------------------------------------------------
!Trucks: (total#, cap, cost/dist, fixcost)
2,181,1,128   2,250,1,150   2,331,1,172
!----------------------------------------------------------------
!CityFreighters: (max cf/sat, total#, cap, cost/dist, fixcost, maxCharge, energyConsumption)
3,3,90,1,68,722,1   4,4,125,1,80,1000,1   3,3,165,1,92,1322,1
!----------------------------------------------------------------
!Customers: (x, y, demand, readyTime, dueDate, serviceTime, penalizationCost)
1319,462,5,4739,5197,231,2   1081,616,7,4606,5310,324,5   450,560,7,1295,1861,324,2   744,686,25,2014,4658,1156,3   227,439,18,5895,8019,833,1   1544,529,20,4917,6551,925,2   1075,473,18,3537,5617,833,5   1297,233,19,757,2145,879,4   904,687,29,0,2889,1341,3   643,611,27,2475,5727,1249,2   1565,665,29,0,2941,1341,1   1065,333,29,1289,4327,1341,5   1500,324,11,5880,6860,509,4   1432,354,22,2672,4306,1018,1   853,713,19,5601,7531,879,1   302,509,13,6482,8088,601,1   1286,463,28,1016,4094,1295,1   981,764,6,6961,7589,278,4   211,508,22,965,3179,1018,3   1151,357,4,4881,5227,185,1   780,320,5,1020,1322,231,3   1193,762,21,3512,5666,971,1   1067,379,8,5628,6274,370,2   282,420,18,2870,4374,833,1   469,601,3,5109,5457,139,2   1506,342,19,4251,5771,879,5   1686,616,7,899,1641,324,1   1629,594,7,7296,8062,324,5   1703,469,9,1463,2429,416,3   1456,503,7,1711,2835,324,5   1129,307,8,4821,5687,370,1   1160,338,15,1320,2972,694,3   361,615,15,6952,7914,694,4   1119,208,16,2040,3550,740,3   412,308,11,958,2072,509,5   1528,661,5,1233,1697,231,4   1697,511,18,667,1683,833,4   1184,516,3,3370,3658,139,2   1284,408,22,4440,6370,1018,5   1645,510,27,4412,6752,1249,4   1502,365,9,1973,3013,416,2   200,285,12,3416,4502,555,1   1168,618,5,3129,3637,231,2   1228,143,27,5352,6400,1249,3   887,54,19,745,2975,879,5   934,389,18,140,1640,833,2   118,716,4,7231,7637,185,3   1557,122,26,4610,6912,1203,1   1865,539,5,4474,4952,231,2   0,500,7,6596,7382,324,2
!----------------------------------------------------------------
!Recharge stations: x,y
300,0   14,516   900,857   226,729   1523,387   1473,232   516,325   1556,602   321,460   1133,641   162,451   212,453   1307,759   289,677   766,685   600,305   832,269   336,217   247,557   405,277   1381,107   1851,680   1374,251   806,514   199,418

g inverse recharge rate 0.74
