!----------------------------------------------------------------
!Stores: (first: depot x,y; then: satellites x,y,maxCap)
300,0   1680,198,1000   1105,702,1000   1469,679,1000   967,345,1000
!----------------------------------------------------------------
!Trucks: (total#, cap, cost/dist, fixcost)
2,181,1,128   2,250,1,150   2,331,1,172
!----------------------------------------------------------------
!CityFreighters: (max cf/sat, total#, cap, cost/dist, fixcost, maxCharge, energyConsumption)
3,3,90,1,68,939,1   4,4,125,1,80,1300,1   3,3,165,1,92,1719,1
!----------------------------------------------------------------
!Customers: (x, y, demand, readyTime, dueDate, serviceTime, penalizationCost)
802,540,20,2804,3722,591,2   1641,343,5,2335,2653,148,1   1184,667,26,2174,3344,769,1   942,312,28,2656,4010,828,4   1136,426,11,1342,2180,325,2   1212,394,11,5774,6222,325,5   962,605,16,321,1415,473,5   463,582,13,1752,2164,384,2   491,462,25,4044,5652,739,2   675,621,26,1907,3695,769,1   1505,436,12,5534,6274,355,1   1719,382,10,1959,2571,296,3   378,359,25,1675,2977,739,1   843,452,14,4763,5389,414,4   625,721,19,4498,5680,562,2   1634,400,25,814,2482,739,2   1057,607,29,3148,4626,857,2   768,507,10,331,1153,296,4   1543,611,14,707,1311,414,1   685,382,10,1749,2409,296,1   1027,322,17,1874,3158,503,1   816,578,7,1866,2276,207,1   727,698,8,4736,5120,237,2   1301,421,18,4535,5869,532,5   358,485,13,1995,2559,384,1   1767,538,18,1075,2295,532,4   310,555,15,2257,3183,443,3   693,574,18,1423,2553,532,1   878,305,18,4813,5755,532,4   976,524,23,2916,4850,680,1   920,554,13,3816,4580,384,1   1291,546,23,3927,5647,680,1   799,506,10,1270,2000,296,3   890,602,24,1021,2775,710,1   1746,558,19,2123,3513,562,1   1331,642,25,2168,3856,739,3   1567,456,27,1644,2764,798,2   1295,261,18,5001,5919,532,2   1304,310,5,3197,3621,148,1   681,714,14,1238,1934,414,3   809,607,16,3871,4775,473,4   725,388,8,5267,5701,237,3   103,632,4,2323,2541,118,1   1090,56,29,323,2465,857,5   1906,663,25,4042,5484,739,1   408,559,23,3975,5381,680,3   387,541,25,1998,3316,739,2   138,358,12,787,1657,355,5   1414,489,25,4343,5909,739,2   1645,614,3,1852,2042,89,1
!----------------------------------------------------------------
!Recharge stations: x,y
300,0   1680,198   1105,702   1469,679   967,345   326,462   761,296   1152,234   351,436   675,802   1276,477   613,572   1479,418   544,246   1956,463   1135,317   504,633   604,809   1822,438   1035,378   916,153   270,616   1055,810   195,555   944,722

g inverse recharge rate 0.42
