!----------------------------------------------------------------
!Stores: (first: depot x,y; then: satellites x,y,maxCap)
300,0   1258,707,1000   742,378,1000   174,458,1000   1537,247,1000
!----------------------------------------------------------------
!Trucks: (total#, cap, cost/dist, fixcost)
2,181,1,128   2,250,1,150   2,331,1,172
!----------------------------------------------------------------
!CityFreighters: (max cf/sat, total#, cap, cost/dist, fixcost, maxCharge, energyConsumption)
3,3,90,1,68,1228,1   4,4,125,1,80,1700,1   3,3,165,1,92,2248,1
!----------------------------------------------------------------
!Customers: (x, y, demand, readyTime, dueDate, serviceTime, penalizationCost)
1078,257,15,2046,3258,480,2   918,628,27,4436,5842,865,2   381,345,29,1741,3275,929,1   816,329,22,359,2105,705,1   799,696,8,3069,3581,256,5   423,464,10,444,994,320,1   1346,338,25,4257,5963,801,4   844,755,4,627,857,128,2   1010,342,6,741,957,192,2   825,749,29,2402,4388,929,2   873,553,22,1944,3098,705,5   1364,513,29,1961,4011,929,2   582,247,10,1241,1829,320,3   202,518,18,1877,3183,576,3   919,267,22,836,2226,705,5   1686,510,4,1228,1478,128,1   1105,394,23,235,1635,737,5   569,729,20,2346,3634,641,5   660,568,20,822,2272,641,1   1089,463,7,2981,3469,224,5   489,348,24,2437,4173,769,3   644,327,9,4521,5119,288,5   517,331,4,3412,3622,128,3   420,358,16,630,1376,512,5   1669,384,22,4520,5910,705,3   394,671,10,3709,4279,320,5   1266,371,26,1898,3658,833,3   1260,399,28,2212,3812,897,2   1148,529,24,481,1809,769,2   1161,311,13,2996,3216,416,3   1216,736,4,1958,2306,128,5   1065,715,5,2802,3216,160,3   1540,609,23,3681,5007,737,2   543,522,6,2526,2762,192,4   567,444,13,2756,3218,416,5   904,516,22,2157,3313,705,2   1716,406,6,2382,2864,192,3   460,677,18,4469,5653,576,4   1277,456,22,3585,5093,705,4   921,466,12,3889,4383,384,4   1801,385,27,2872,4908,865,5   197,438,21,4094,5544,673,4   1520,513,12,506,1350,384,3   866,783,25,1981,3737,801,5   939,892,22,1655,3233,705,4   1033,424,29,3697,5477,929,1   535,761,10,2990,3604,320,3   1986,442,10,3658,4334,320,2   664,627,3,3227,3415,96,2   1583,153,25,707,2875,801,5
!----------------------------------------------------------------
!Recharge stations: x,y
300,0   1258,707   742,378   174,458   1537,247   934,581   1805,572   524,736   1767,528   1779,612   1046,238   1769,517   1339,698   824,700   762,402   1424,448   996,706   1842,529   555,586   1101,584   787,361   1107,409   1572,359   889,355   1722,382

g inverse recharge rate 0.35
