!----------------------------------------------------------------
!Stores: (first: depot x,y; then: satellites x,y,maxCap)
300,0   341,811,1000   468,469,1000   1903,681,1000   1739,317,1000
!----------------------------------------------------------------
!Trucks: (total#, cap, cost/dist, fixcost)
2,181,1,128   2,250,1,150   2,331,1,172
!----------------------------------------------------------------
!CityFreighters: (max cf/sat, total#, cap, cost/dist, fixcost, maxCharge, energyConsumption)
3,3,90,1,68,1228,1   4,4,125,1,80,1700,1   3,3,165,1,92,2248,1
!----------------------------------------------------------------
!Customers: (x, y, demand, readyTime, dueDate, serviceTime, penalizationCost)
1457,621,29,3069,5075,1354,5   1369,514,15,879,2189,701,4   450,294,18,529,2335,841,5   1201,625,4,2397,2637,187,1   303,393,10,2938,3626,467,1   626,373,9,6362,7040,420,1   986,751,21,240,2208,981,2   1687,572,6,3502,4122,280,2   807,535,17,448,1938,794,4   957,602,7,6387,6907,327,5   1341,466,14,4969,6183,654,1   868,335,19,53,1841,887,1   1477,427,3,4924,5170,140,2   1710,513,7,1269,2041,327,1   297,516,18,341,2529,841,1   1566,595,15,2285,3693,701,2   982,373,19,4663,6543,887,4   602,560,12,853,1825,560,4   1018,575,17,5643,6983,794,5   681,511,19,5514,7108,887,1   390,389,12,1703,2907,560,2   1717,407,3,3075,3267,140,4   812,728,4,7606,8040,187,4   1482,411,11,3910,5440,514,3   1121,230,9,2405,3137,420,3   724,609,5,602,1120,234,5   732,543,7,7078,7652,327,4   1701,427,5,2458,2956,234,4   1429,411,26,2425,5157,1214,2   1580,334,6,1332,1962,280,3   1542,363,4,1362,1790,187,4   446,356,26,5065,7727,1214,2   1325,511,28,3402,6272,1308,1   1040,543,14,4797,6139,654,2   839,762,10,3824,4748,467,3   826,427,25,2832,5718,1168,2   1622,535,18,4192,6190,841,2   1205,493,22,3590,5530,1027,3   1756,487,13,4971,5825,607,2   1757,458,13,3487,4243,607,3   1205,634,26,2268,5042,1214,3   968,82,17,6151,7627,794,4   552,907,29,4002,6464,1354,2   933,725,11,2850,4072,514,5   1702,535,16,1244,2606,747,2   1374,356,9,5686,6468,420,2   1225,149,10,6138,6934,467,1   1029,837,20,300,2006,934,2   894,84,23,2457,4213,1074,1   210,630,15,3555,4781,701,4
!----------------------------------------------------------------
!Recharge stations: x,y
300,0   341,811   468,469   1903,681   1739,317   848,592   1099,507   911,413   213,615   548,783   383,254   565,713   1717,496   1501,750   472,394   835,532   1065,724   1063,755   378,567   1418,245   1695,575   395,552   357,294   1675,329   1330,785

g inverse recharge rate 0.43
