!----------------------------------------------------------------
!Stores: (first: depot x,y; then: satellites x,y,maxCap)
300,0   941,202,1000   764,856,1000   989,385,1000   706,294,1000
!----------------------------------------------------------------
!Trucks: (total#, cap, cost/dist, fixcost)
2,181,1,128   2,250,1,150   2,331,1,172
!----------------------------------------------------------------
!CityFreighters: (max cf/sat, total#, cap, cost/dist, fixcost, maxCharge, energyConsumption)
3,3,90,1,68,795,1   4,4,125,1,80,1100,1   3,3,165,1,92,1455,1
!----------------------------------------------------------------
!Customers: (x, y, demand, readyTime, dueDate, serviceTime, penalizationCost)
395,389,21,949,1915,568,3   1351,406,17,1527,2609,459,5   811,620,26,3994,4828,703,1   1558,318,7,3946,4308,189,4   1093,597,25,1952,3680,676,1   1670,525,9,3508,4146,243,1   1364,741,27,3268,4786,730,4   1108,353,6,4104,4388,162,2   811,277,23,2466,3708,622,5   570,613,13,202,866,351,1   695,289,23,3959,5433,622,5   617,241,8,4767,5509,216,2   1471,373,12,3815,4649,324,3   846,746,4,4753,4961,108,3   486,281,19,2877,3809,513,2   1423,306,24,588,1926,649,2   1317,658,22,2838,3992,595,5   1613,640,25,2909,4191,676,1   1043,609,14,4042,4698,378,1   482,401,15,4025,4875,405,1   1375,313,14,405,1195,378,4   1698,587,27,1474,3094,730,5   1425,250,7,1722,1918,189,4   1435,294,7,4491,4825,189,4   910,429,16,1323,2583,432,4   726,695,9,2721,3131,243,4   467,338,3,1923,2079,81,4   277,487,18,943,1751,486,1   1079,513,15,3625,4283,405,1   341,514,12,953,1469,324,3   875,338,16,1016,1964,432,5   331,498,15,3522,4510,405,1   314,395,15,1907,2717,405,4   616,561,23,3540,4534,622,2   907,722,27,4243,5087,730,2   855,247,21,1195,2191,568,4   1116,540,27,848,2414,730,1   1531,429,10,3240,3962,270,4   582,522,10,1132,1610,270,2   628,409,11,4940,5362,297,3   1717,715,8,4263,4713,216,2   336,142,27,869,2031,730,4   1495,602,12,1563,2081,324,3   1059,62,13,2740,3500,351,2   1114,692,21,487,1651,568,2   673,414,26,3691,5415,703,4   527,885,11,3476,4012,297,2   1841,629,20,1806,2854,540,4   1315,472,23,3990,5072,622,3   465,222,19,1172,2334,513,2
!----------------------------------------------------------------
!Recharge stations: x,y
300,0   941,202   764,856   989,385   706,294   1527,333   1472,253   261,554   532,279   384,280   947,742   1506,457   263,387   511,644   238,352   662,615   188,567   1827,519   1644,482   905,333   725,649   566,473   1323,721   725,650   116,684

g inverse recharge rate 0.44
