!----------------------------------------------------------------
!Stores: (first: depot x,y; then: satellites x,y,maxCap)
300,0   54,456,1000   164,276,1000   1745,570,1000   1076,323,1000
!----------------------------------------------------------------
!Trucks: (total#, cap, cost/dist, fixcost)
2,181,1,128   2,250,1,150   2,331,1,172
!----------------------------------------------------------------
!CityFreighters: (max cf/sat, total#, cap, cost/dist, fixcost, maxCharge, energyConsumption)
3,3,90,1,68,722,1   4,4,125,1,80,1000,1   3,3,165,1,92,1322,1
!----------------------------------------------------------------
!Customers: (x, y, demand, readyTime, dueDate, serviceTime, penalizationCost)
1267,379,15,1608,2738,656,4   588,332,25,3607,5047,1093,5   359,385,20,5036,6776,875,5   1711,446,21,512,2324,918,4   1748,553,14,999,2203,612,1   501,610,4,5245,5731,175,5   743,356,4,4549,4905,175,3   1253,700,20,4121,5665,875,1   212,516,11,977,1719,481,4   817,431,25,3150,4108,1093,4   473,323,12,2811,3823,525,3   884,530,20,4837,6633,875,5   319,527,29,4670,6568,1268,3   1013,202,12,947,2065,525,4   666,690,7,2932,3506,306,2   1380,521,10,5617,6193,437,4   1542,585,17,3392,4994,743,5   218,469,18,265,1391,787,2   1642,509,17,3181,4725,743,4   1370,431,25,2895,5419,1093,5   1398,390,15,5440,7208,656,1   1556,315,11,2622,3906,481,4   294,594,4,4747,5021,175,1   350,659,5,6657,7117,219,5   446,593,14,3178,4114,612,2   1467,397,23,2389,4237,1006,4   205,524,8,6225,7147,350,4   790,276,27,3083,6051,1181,4   364,353,18,3804,5644,787,3   1157,436,21,0,1676,918,4   254,501,28,5728,7450,1224,4   1672,607,20,1782,3608,875,1   1391,587,26,1650,3878,1137,3   1096,593,4,7705,8039,175,5   1335,471,6,3421,3809,262,5   1178,614,23,2291,4543,1006,3   662,563,13,5555,6567,568,2   956,365,21,1052,2630,918,3   1175,619,22,1945,3847,962,5   1492,323,24,4180,6578,1049,1   1622,680,5,7384,7790,219,4   254,287,26,3926,6886,1137,1   1860,336,17,3303,4793,743,3   1588,369,10,5862,6750,437,5   1199,247,5,2243,2537,219,4   885,670,11,2287,3017,481,5   108,629,6,1439,2195,262,5   1456,199,9,4618,5770,394,1   599,646,12,5354,6828,525,2   384,157,5,1595,2063,219,3
!----------------------------------------------------------------
!Recharge stations: x,y
300,0   54,456   164,276   1745,570   1076,323   895,312   1052,600   1666,701   1481,567   588,510   226,568   243,479   1265,205   1665,402   160,494   955,546   269,603   1421,693   639,189   1800,542   949,499   336,352   768,838   1590,129   266,356

g inverse recharge rate 0.73
