!----------------------------------------------------------------
!Stores: (first: depot x,y; then: satellites x,y,maxCap)
300,0   1056,693,1000   103,661,1000   114,485,1000   1304,808,1000
!----------------------------------------------------------------
!Trucks: (total#, cap, cost/dist, fixcost)
2,181,1,128   2,250,1,150   2,331,1,172
!----------------------------------------------------------------
!CityFreighters: (max cf/sat, total#, cap, cost/dist, fixcost, maxCharge, energyConsumption)
3,3,90,1,68,939,1   4,4,125,1,80,1300,1   3,3,165,1,92,1719,1
!----------------------------------------------------------------
!Customers: (x, y, demand, readyTime, dueDate, serviceTime, penalizationCost)
1163,500,29,5105,7113,1042,4   1367,493,17,4657,5949,611,3   1485,607,26,4317,6411,934,5   1714,389,16,2712,3886,575,5   1141,670,10,2316,2726,359,4   342,564,29,1044,3392,1042,4   881,394,10,4560,5622,359,4   363,652,13,545,1583,467,4   1144,739,20,3516,4418,719,1   262,395,5,4339,4663,180,2   1289,387,5,3214,3646,180,3   1060,256,28,4962,7016,1006,3   1137,712,4,1685,1933,144,1   877,554,6,345,803,216,4   387,602,17,0,1393,611,5   499,280,28,0,1887,1006,2   735,489,9,2097,2857,323,3   1138,223,5,5493,5781,180,5   1773,517,24,2622,4480,862,1   463,646,22,1992,3828,791,1   225,513,28,3074,4778,1006,2   987,328,14,4786,5626,503,5   1718,618,10,2265,2881,359,4   527,297,15,5322,6196,539,1   1653,580,26,2265,4221,934,4   847,769,3,6281,6499,108,5   429,548,20,3865,5527,719,2   745,448,19,450,1866,683,1   1593,500,3,6375,6599,108,2   469,718,18,183,1753,647,4   1343,759,21,4239,5681,755,3   1460,507,4,1373,1719,144,4   1261,735,24,4033,5601,862,2   722,686,29,5268,6966,1042,5   1404,478,14,5414,6226,503,1   677,632,22,2139,3601,791,3   1007,383,4,1739,1997,144,3   461,675,26,0,1632,934,2   1362,527,13,5605,6563,467,3   980,486,3,2340,2524,108,4   644,679,20,4448,5640,719,3   406,154,21,1106,2922,755,1   1111,292,15,1427,2615,539,5   367,807,6,426,854,216,5   285,608,27,3193,5233,970,5   849,557,29,383,2001,1042,1   394,411,29,763,2777,1042,4   637,836,17,1487,2479,611,3   462,155,6,6436,6870,216,1   334,751,11,1957,2793,395,5
!----------------------------------------------------------------
!Recharge stations: x,y
300,0   1056,693   103,661   114,485   1304,808   1615,737   1344,598   1012,905   103,417   1523,354   1299,814   158,541   567,722   1701,635   976,253   845,391   1608,700   459,496   1691,557   973,187   558,529   701,686   1708,812   514,389   271,327

g inverse recharge rate 0.5
