!----------------------------------------------------------------
!Stores: (first: depot x,y; then: satellites x,y,maxCap)
300,0   1314,650,1000   548,85,1000   70,356,1000   844,731,1000
!----------------------------------------------------------------
!Trucks: (total#, cap, cost/dist, fixcost)
2,181,1,128   2,250,1,150   2,331,1,172
!----------------------------------------------------------------
!CityFreighters: (max cf/sat, total#, cap, cost/dist, fixcost, maxCharge, energyConsumption)
3,3,90,1,68,650,1   4,4,125,1,80,900,1   3,3,165,1,92,1190,1
!----------------------------------------------------------------
!Customers: (x, y, demand, readyTime, dueDate, serviceTime, penalizationCost)
1140,489,22,0,1549,844,1   1210,344,10,2878,3640,384,3   283,552,7,2808,3376,269,3   1743,579,11,3421,4241,422,1   660,253,15,3471,4731,575,3   808,679,4,5879,6221,153,3   288,610,3,6612,6890,115,3   1320,570,10,1019,1977,384,4   984,331,29,3938,5828,1112,3   1198,680,17,3060,5006,652,2   1390,344,18,593,1935,691,5   1427,604,7,3570,4206,269,3   1264,777,19,2251,3253,729,1   1192,450,16,2871,3949,614,4   1350,439,21,5019,6607,806,5   890,676,22,1387,2947,844,2   1265,750,17,3214,4660,652,2   1488,311,23,919,2057,882,5   1676,533,17,2662,4290,652,5   232,547,26,1896,3900,997,1   1548,424,16,1833,3395,614,2   1087,469,19,1255,2749,729,3   577,324,11,6381,7229,422,5   200,500,25,841,3421,959,2   1621,484,11,3134,3944,422,1   1585,514,27,364,2302,1036,5   457,347,10,1746,2534,384,2   1507,592,12,5945,6955,460,5   316,368,13,3835,4697,499,5   512,602,9,4460,5158,345,1   1445,645,28,1014,2548,1074,1   805,561,5,1165,1625,192,4   342,511,23,5164,7282,882,1   1639,556,18,1629,2499,691,4   825,343,7,1976,2500,269,1   1751,499,18,1800,3028,691,5   1684,637,18,223,1919,691,2   1472,666,8,3220,3690,307,2   1094,424,11,1711,2809,422,5   1701,426,18,3624,5004,691,1   1345,660,19,1395,2641,729,5   878,16,28,3241,5161,1074,5   216,792,7,5956,6472,269,2   961,798,21,4697,6327,806,2   1184,801,12,2583,3547,460,3   1274,186,22,2983,4073,844,4   928,905,19,4903,6591,729,3   1061,989,25,95,1831,959,3   474,471,11,4735,5385,422,3   248,292,11,3402,4430,422,2
!----------------------------------------------------------------
!Recharge stations: x,y
300,0   1314,650   548,85   70,356   844,731   273,357   372,710   1529,261   1270,389   655,302   1674,380   1396,767   244,452   1523,709   426,287   921,702   861,575   1356,580   529,269   122,368   690,624   750,182   364,612   1301,231   417,330

g inverse recharge rate 0.74
