!----------------------------------------------------------------
!Stores: (first: depot x,y; then: satellites x,y,maxCap)
300,0   1913,443,1000   1219,926,1000   608,792,1000   1816,280,1000
!----------------------------------------------------------------
!Trucks: (total#, cap, cost/dist, fixcost)
2,181,1,128   2,250,1,150   2,331,1,172
!----------------------------------------------------------------
!CityFreighters: (max cf/sat, total#, cap, cost/dist, fixcost, maxCharge, energyConsumption)
3,3,90,1,68,1156,1   4,4,125,1,80,1600,1   3,3,165,1,92,2116,1
!----------------------------------------------------------------
!Customers: (x, y, demand, readyTime, dueDate, serviceTime, penalizationCost)
623,450,10,4680,5470,415,5   281,390,29,769,3389,1203,1   884,287,9,3192,4072,373,1   1629,573,29,373,2617,1203,2   974,731,8,6641,7343,332,2   529,469,12,5675,6469,498,3   1551,495,8,6681,7517,332,1   1351,754,3,6794,7022,124,5   602,631,10,2974,3560,415,5   898,367,3,5683,6053,124,1   1699,559,21,3509,5137,871,3   378,609,17,5940,6758,705,1   370,498,3,1375,1625,124,5   469,445,17,4699,5733,705,4   1184,511,12,3792,4714,498,2   495,516,8,6970,7662,332,4   1495,720,6,511,965,249,2   530,438,28,1467,3363,1161,2   981,779,7,932,1542,290,5   510,736,25,3982,5172,1037,4   361,612,10,5064,5936,415,2   1250,678,25,105,1867,1037,5   756,555,10,2235,3155,415,1   800,283,3,907,1147,124,3   490,577,16,2804,3794,664,2   461,372,20,1150,3306,830,1   654,765,15,6132,7344,622,5   1709,537,25,4672,7036,1037,2   440,471,27,3409,5895,1120,3   571,333,21,4411,5829,871,2   1234,454,25,5020,7188,1037,1   1631,401,20,2522,3932,830,1   598,321,13,5023,6359,539,5   1653,656,20,2159,4529,830,1   913,741,8,3059,3583,332,5   1356,482,28,3391,4915,1161,1   1699,452,29,2081,3551,1203,1   484,331,9,3299,4083,373,3   1148,231,7,679,1401,290,2   1454,444,24,2508,4870,996,4   1784,634,11,1416,2056,456,5   1304,192,12,4144,4894,498,5   1100,315,12,6414,7638,498,3   1382,546,17,1759,2941,705,5   1638,743,29,2298,3322,1203,5   633,80,29,1105,4083,1203,2   1600,703,24,6168,8378,996,1   1675,196,3,2291,2495,124,2   1892,642,20,6077,7755,830,1   1161,242,23,2315,2767,954,1
!----------------------------------------------------------------
!Recharge stations: x,y
300,0   1913,443   1219,926   608,792   1816,280   1120,355   857,292   1951,593   934,802   1543,499   446,556   1631,279   618,418   876,562   1684,653   179,492   1561,414   220,579   881,173   364,870   1589,151   1300,690   1699,338   1107,831   125,616

g inverse recharge rate 0.45
