!----------------------------------------------------------------
!Stores: (first: depot x,y; then: satellites x,y,maxCap)
300,0   1258,707,1000   742,378,1000   174,458,1000   1537,247,1000
!----------------------------------------------------------------
!Trucks: (total#, cap, cost/dist, fixcost)
2,181,1,128   2,250,1,150   2,331,1,172
!----------------------------------------------------------------
!CityFreighters: (max cf/sat, total#, cap, cost/dist, fixcost, maxCharge, energyConsumption)
3,3,90,1,68,867,1   4,4,125,1,80,1200,1   3,3,165,1,92,1587,1
!----------------------------------------------------------------
!Customers: (x, y, demand, readyTime, dueDate, serviceTime, penalizationCost)
1078,257,15,3429,4717,480,1   918,628,27,975,2591,865,4   381,345,29,4351,6573,929,1   816,329,22,2959,4677,705,2   799,696,8,2278,2900,256,5   423,464,10,2763,3123,320,5   1346,338,25,1276,2930,801,2   844,755,4,674,896,128,3   1010,342,6,2178,2566,192,1   825,749,29,116,1990,929,5   873,553,22,803,2445,705,3   1364,513,29,1871,3027,929,1   582,247,10,2324,2954,320,1   202,518,18,2318,3210,576,3   919,267,22,1544,3032,705,1   1686,510,4,3534,3812,128,5   1105,394,23,2083,3699,737,5   569,729,20,4504,5520,641,5   660,568,20,2749,3885,641,4   1089,463,7,620,988,224,1   489,348,24,2914,4474,769,4   644,327,9,2327,2933,288,4   517,331,4,2928,3172,128,4   420,358,16,4779,5615,512,3   1669,384,22,1482,3076,705,4   394,671,10,5344,5876,320,3   1266,371,26,2751,4247,833,5   1260,399,28,4940,6178,897,1   1148,529,24,445,2821,769,2   1161,311,13,3157,4241,416,5   1216,736,4,5890,6162,128,1   1065,715,5,3324,3596,160,2   1540,609,23,4106,5466,737,5   543,522,6,4824,5292,192,1   567,444,13,4629,5699,416,2   904,516,22,4981,6663,705,2   1716,406,6,3668,4048,192,2   460,677,18,1433,2445,576,2   1277,456,22,3527,4675,705,5   921,466,12,667,1499,384,2   1801,385,27,4273,5431,865,1   197,438,21,555,1341,673,1   1520,513,12,3478,4298,384,2   866,783,25,1854,3390,801,1   939,892,22,1672,2630,705,5   1033,424,29,48,2398,929,1   535,761,10,3402,4070,320,3   1986,442,10,4417,4823,320,4   664,627,3,810,1052,96,3   1583,153,25,457,1925,801,3
!----------------------------------------------------------------
!Recharge stations: x,y
300,0   1258,707   742,378   174,458   1537,247   934,581   1805,572   524,736   1767,528   1779,612   1046,238   1769,517   1339,698   824,700   762,402   1424,448   996,706   1842,529   555,586   1101,584   787,361   1107,409   1572,359   889,355   1722,382

g inverse recharge rate 0.49
