!----------------------------------------------------------------
!Stores: (first: depot x,y; then: satellites x,y,maxCap)
300,0   1680,198,1000   1105,702,1000   1469,679,1000   967,345,1000
!----------------------------------------------------------------
!Trucks: (total#, cap, cost/dist, fixcost)
2,181,1,128   2,250,1,150   2,331,1,172
!----------------------------------------------------------------
!CityFreighters: (max cf/sat, total#, cap, cost/dist, fixcost, maxCharge, energyConsumption)
3,3,90,1,68,867,1   4,4,125,1,80,1200,1   3,3,165,1,92,1587,1
!----------------------------------------------------------------
!Customers: (x, y, demand, readyTime, dueDate, serviceTime, penalizationCost)
802,540,20,1636,3278,591,1   1641,343,5,1154,1526,148,3   1184,667,26,451,1613,769,3   942,312,28,3320,5364,828,3   1136,426,11,4544,5134,325,3   1212,394,11,2168,2686,325,2   962,605,16,1837,2943,473,3   463,582,13,2451,3389,384,2   491,462,25,1683,3117,739,5   675,621,26,3858,5186,769,3   1505,436,12,3792,4726,355,1   1719,382,10,4917,5579,296,4   378,359,25,3277,5259,739,1   843,452,14,3091,3807,414,2   625,721,19,457,1461,562,3   1634,400,25,0,1249,739,3   1057,607,29,2294,4442,857,3   768,507,10,2412,3032,296,2   1543,611,14,5282,5912,414,2   685,382,10,3396,3954,296,2   1027,322,17,3899,4947,503,2   816,578,7,1912,2416,207,3   727,698,8,1402,1850,237,3   1301,421,18,2637,3521,532,1   358,485,13,1975,2707,384,2   1767,538,18,2389,3563,532,1   310,555,15,3289,4057,443,2   693,574,18,4162,5014,532,2   878,305,18,1618,2552,532,4   976,524,23,2693,4217,680,3   920,554,13,2411,2723,384,2   1291,546,23,2824,3820,680,2   799,506,10,1441,2057,296,4   890,602,24,3878,5324,710,3   1746,558,19,3734,5116,562,1   1331,642,25,4773,6331,739,2   1567,456,27,3123,4879,798,2   1295,261,18,2309,3381,532,5   1304,310,5,3062,3402,148,2   681,714,14,666,1774,414,2   809,607,16,282,1278,473,2   725,388,8,3568,4082,237,2   103,632,4,1307,1495,118,1   1090,56,29,2747,4333,857,5   1906,663,25,1365,2717,739,4   408,559,23,3634,5194,680,3   387,541,25,3145,4535,739,1   138,358,12,4705,5589,355,2   1414,489,25,2678,4198,739,2   1645,614,3,3871,4035,89,3
!----------------------------------------------------------------
!Recharge stations: x,y
300,0   1680,198   1105,702   1469,679   967,345   326,462   761,296   1152,234   351,436   675,802   1276,477   613,572   1479,418   544,246   1956,463   1135,317   504,633   604,809   1822,438   1035,378   916,153   270,616   1055,810   195,555   944,722

g inverse recharge rate 0.46
