!----------------------------------------------------------------
!Stores: (first: depot x,y; then: satellites x,y,maxCap)
300,0   54,456,1000   164,276,1000   1745,570,1000   1076,323,1000
!----------------------------------------------------------------
!Trucks: (total#, cap, cost/dist, fixcost)
2,181,1,128   2,250,1,150   2,331,1,172
!----------------------------------------------------------------
!CityFreighters: (max cf/sat, total#, cap, cost/dist, fixcost, maxCharge, energyConsumption)
3,3,90,1,68,939,1   4,4,125,1,80,1300,1   3,3,165,1,92,1719,1
!----------------------------------------------------------------
!Customers: (x, y, demand, readyTime, dueDate, serviceTime, penalizationCost)
1267,379,15,2059,3539,656,1   588,332,25,4331,6433,1093,5   359,385,20,6096,7938,875,3   1711,446,21,2655,4701,918,1   1748,553,14,6221,7073,612,4   501,610,4,6132,6526,175,5   743,356,4,2235,2567,175,5   1253,700,20,3716,5784,875,5   212,516,11,6668,7998,481,4   817,431,25,1861,3773,1093,1   473,323,12,3713,4793,525,3   884,530,20,5002,6906,875,4   319,527,29,5043,7495,1268,2   1013,202,12,1409,2389,525,5   666,690,7,5529,6335,306,4   1380,521,10,3362,4436,437,5   1542,585,17,5278,6142,743,2   218,469,18,1398,3006,787,4   1642,509,17,5581,7143,743,1   1370,431,25,5487,7739,1093,3   1398,390,15,6273,7855,656,1   1556,315,11,1378,2492,481,4   294,594,4,1510,1850,175,1   350,659,5,7610,8152,219,5   446,593,14,80,1534,612,5   1467,397,23,2885,4577,1006,2   205,524,8,3060,3566,350,4   790,276,27,3989,5381,1181,2   364,353,18,3477,5783,787,2   1157,436,21,2453,4487,918,3   254,501,28,556,2392,1224,1   1672,607,20,5062,7068,875,3   1391,587,26,1550,3326,1137,2   1096,593,4,5635,6033,175,1   1335,471,6,7323,7803,262,3   1178,614,23,4555,6221,1006,5   662,563,13,4865,6231,568,2   956,365,21,994,2512,918,2   1175,619,22,3081,5629,962,5   1492,323,24,1340,3308,1049,1   1622,680,5,1436,1860,219,1   254,287,26,4595,6923,1137,2   1860,336,17,2644,3736,743,5   1588,369,10,6637,7227,437,1   1199,247,5,5538,6204,219,4   885,670,11,1230,1772,481,2   108,629,6,7565,8103,262,5   1456,199,9,6507,7127,394,2   599,646,12,4908,5664,525,5   384,157,5,6070,6498,219,1
!----------------------------------------------------------------
!Recharge stations: x,y
300,0   54,456   164,276   1745,570   1076,323   895,312   1052,600   1666,701   1481,567   588,510   226,568   243,479   1265,205   1665,402   160,494   955,546   269,603   1421,693   639,189   1800,542   949,499   336,352   768,838   1590,129   266,356

g inverse recharge rate 0.56
