!----------------------------------------------------------------
!Stores: (first: depot x,y; then: satellites x,y,maxCap)
300,0   54,456,1000   164,276,1000   1745,570,1000   1076,323,1000
!----------------------------------------------------------------
!Trucks: (total#, cap, cost/dist, fixcost)
2,181,1,128   2,250,1,150   2,331,1,172
!----------------------------------------------------------------
!CityFreighters: (max cf/sat, total#, cap, cost/dist, fixcost, maxCharge, energyConsumption)
3,3,90,1,68,795,1   4,4,125,1,80,1100,1   3,3,165,1,92,1455,1
!----------------------------------------------------------------
!Customers: (x, y, demand, readyTime, dueDate, serviceTime, penalizationCost)
1267,379,15,2152,3838,656,5   588,332,25,2778,5196,1093,4   359,385,20,1495,3003,875,5   1711,446,21,5457,7295,918,3   1748,553,14,6408,7150,612,5   501,610,4,6311,6841,175,4   743,356,4,3861,4131,175,4   1253,700,20,984,2792,875,1   212,516,11,6064,6634,481,1   817,431,25,4986,7266,1093,2   473,323,12,6237,7363,525,2   884,530,20,6254,7766,875,4   319,527,29,4414,6848,1268,4   1013,202,12,3146,4312,525,5   666,690,7,2743,3185,306,1   1380,521,10,6207,7043,437,5   1542,585,17,2430,3932,743,4   218,469,18,2090,3668,787,1   1642,509,17,4584,6124,743,2   1370,431,25,4802,6690,1093,3   1398,390,15,2762,4504,656,4   1556,315,11,6839,7835,481,2   294,594,4,3306,3704,175,5   350,659,5,5308,5792,219,2   446,593,14,5143,6609,612,2   1467,397,23,2455,3685,1006,1   205,524,8,6993,7559,350,5   790,276,27,3930,5544,1181,5   364,353,18,315,1813,787,4   1157,436,21,4618,6398,918,5   254,501,28,2265,5769,1224,5   1672,607,20,1936,4056,875,3   1391,587,26,157,2187,1137,1   1096,593,4,1735,2053,175,2   1335,471,6,4298,4726,262,2   1178,614,23,4366,6566,1006,5   662,563,13,3989,5371,568,5   956,365,21,1020,3232,918,2   1175,619,22,5267,7305,962,4   1492,323,24,2362,4446,1049,2   1622,680,5,7562,7728,219,2   254,287,26,3405,5949,1137,1   1860,336,17,2256,3546,743,1   1588,369,10,6575,7593,437,4   1199,247,5,4574,4944,219,2   885,670,11,6191,7117,481,2   108,629,6,5314,5870,262,2   1456,199,9,3484,4168,394,4   599,646,12,4753,5703,525,2   384,157,5,1746,2222,219,4
!----------------------------------------------------------------
!Recharge stations: x,y
300,0   54,456   164,276   1745,570   1076,323   895,312   1052,600   1666,701   1481,567   588,510   226,568   243,479   1265,205   1665,402   160,494   955,546   269,603   1421,693   639,189   1800,542   949,499   336,352   768,838   1590,129   266,356

g inverse recharge rate 0.67
