!----------------------------------------------------------------
!Stores: (first: depot x,y; then: satellites x,y,maxCap)
300,0   19,412,1000   1569,459,1000   942,291,1000   915,886,1000
!----------------------------------------------------------------
!Trucks: (total#, cap, cost/dist, fixcost)
2,181,1,128   2,250,1,150   2,331,1,172
!----------------------------------------------------------------
!CityFreighters: (max cf/sat, total#, cap, cost/dist, fixcost, maxCharge, energyConsumption)
3,3,90,1,68,578,1   4,4,125,1,80,800,1   3,3,165,1,92,1058,1
!----------------------------------------------------------------
!Customers: (x, y, demand, readyTime, dueDate, serviceTime, penalizationCost)
351,600,3,1257,1465,99,2   1478,561,13,895,1377,429,3   343,526,13,3121,3985,429,5   1430,715,15,284,1472,495,1   1180,363,24,1811,3371,793,5   1694,455,24,2942,4400,793,1   729,716,24,3754,5268,793,3   1431,751,7,4236,4728,231,2   1121,679,13,1425,2629,429,2   1730,487,7,1885,2327,231,1   1011,611,13,114,1058,429,4   936,759,3,6515,6675,99,1   566,574,25,3790,5570,826,3   1375,345,29,4471,6199,958,1   1404,295,8,1325,1963,264,3   1157,552,18,3883,4937,594,3   1088,740,15,3851,4833,495,5   1156,345,28,3846,5958,925,3   297,560,11,1714,2326,363,2   335,368,23,1692,2956,760,1   455,416,20,5048,6294,661,2   1569,399,25,4998,6914,826,4   1106,454,25,4801,6157,826,1   1026,309,25,4321,5879,826,1   1712,607,26,3303,4851,859,4   1667,468,18,2543,3555,594,1   1326,541,21,2456,4218,694,3   446,474,16,4881,5901,528,2   1027,276,15,3752,4968,495,4   601,343,28,557,2533,925,2   1234,725,12,3649,4247,396,5   577,344,24,1918,3068,793,5   997,505,28,2466,4098,925,1   689,655,11,1978,2630,363,5   820,475,7,1970,2340,231,1   1386,363,12,1503,2459,396,5   1374,619,28,2528,4750,925,2   634,766,17,463,1749,561,4   1069,762,11,1113,2031,363,1   1463,514,9,6395,6797,297,3   380,752,20,561,2073,661,3   267,433,22,5557,6515,727,1   697,595,6,3610,4030,198,3   367,732,27,823,2913,892,2   757,20,16,3668,4454,528,3   289,398,16,4473,5661,528,5   1696,780,24,1102,2622,793,4   1568,507,9,4250,4930,297,1   728,52,28,0,1554,925,2   708,701,21,2861,3699,694,5
!----------------------------------------------------------------
!Recharge stations: x,y
300,0   19,412   1569,459   942,291   915,886   472,502   1451,479   700,699   1437,418   1166,164   1531,323   568,226   1411,440   1451,451   320,860   1059,540   864,669   1521,408   1604,357   1541,246   1630,431   1036,722   761,47   868,333   249,687

g inverse recharge rate 0.8
