!----------------------------------------------------------------
!Stores: (first: depot x,y; then: satellites x,y,maxCap)
300,0   1104,923,1000   265,570,1000   1281,290,1000   997,241,1000
!----------------------------------------------------------------
!Trucks: (total#, cap, cost/dist, fixcost)
2,181,1,128   2,250,1,150   2,331,1,172
!----------------------------------------------------------------
!CityFreighters: (max cf/sat, total#, cap, cost/dist, fixcost, maxCharge, energyConsumption)
3,3,90,1,68,1228,1   4,4,125,1,80,1700,1   3,3,165,1,92,2248,1
!----------------------------------------------------------------
!Customers: (x, y, demand, readyTime, dueDate, serviceTime, penalizationCost)
1080,593,8,2287,2805,272,4   1753,528,17,417,1721,578,5   445,400,22,2859,4445,748,4   812,373,17,612,2144,578,2   1472,533,8,4087,4669,272,4   533,449,11,2883,3363,374,4   1500,396,28,1458,3686,951,4   783,520,8,2354,2752,272,5   447,670,25,782,2090,849,3   1673,643,11,5004,5542,374,5   295,397,24,1516,3240,815,3   674,443,18,5358,6456,612,1   293,545,25,3041,4397,849,1   941,487,4,1704,1976,136,3   1501,317,16,439,1365,544,1   1263,474,8,4593,5223,272,3   1796,478,13,4402,5496,442,4   219,495,6,3442,3826,204,5   352,509,19,859,2499,646,1   1628,651,7,1141,1529,238,5   1419,708,29,809,2355,985,3   1547,410,3,6005,6179,102,4   688,719,13,4814,5688,442,3   244,550,27,0,1820,917,4   1548,575,8,4884,5530,272,4   1494,578,22,4731,5121,748,3   1582,371,13,3790,4578,442,3   1183,560,28,3359,5061,951,1   1142,241,24,3284,5484,815,1   1203,670,19,1207,2291,646,4   1177,440,12,506,1290,408,5   549,720,22,168,2110,748,5   1499,389,22,1023,2487,748,3   1019,209,10,695,1373,340,2   1299,607,28,761,2553,951,4   1198,224,16,3372,4524,544,1   1770,470,19,3697,5005,646,1   1127,515,22,1657,3335,748,5   603,584,8,1609,2025,272,3   1027,603,15,2749,3989,510,3   1772,355,3,4239,4399,102,2   744,204,11,2703,3719,374,3   1723,488,5,762,1126,170,1   933,674,23,4338,5668,781,1   1154,645,17,193,1183,578,4   1093,727,27,1347,3221,917,3   1683,195,24,4852,6118,815,5   220,563,6,4193,4647,204,5   1524,784,22,941,2581,748,5   1407,661,7,2671,3107,238,4
!----------------------------------------------------------------
!Recharge stations: x,y
300,0   1104,923   265,570   1281,290   997,241   1508,355   1486,550   368,875   1766,541   1717,671   1244,246   1438,333   1269,613   1833,520   535,532   1338,766   189,400   1131,503   554,230   374,386   1411,747   282,613   789,370   457,537   1796,516

g inverse recharge rate 0.35
