!----------------------------------------------------------------
!Stores: (first: depot x,y; then: satellites x,y,maxCap)
300,0   1913,443,1000   1219,926,1000   608,792,1000   1816,280,1000
!----------------------------------------------------------------
!Trucks: (total#, cap, cost/dist, fixcost)
2,181,1,128   2,250,1,150   2,331,1,172
!----------------------------------------------------------------
!CityFreighters: (max cf/sat, total#, cap, cost/dist, fixcost, maxCharge, energyConsumption)
3,3,90,1,68,939,1   4,4,125,1,80,1300,1   3,3,165,1,92,1719,1
!----------------------------------------------------------------
!Customers: (x, y, demand, readyTime, dueDate, serviceTime, penalizationCost)
623,450,10,5117,5845,415,3   281,390,29,580,3380,1203,1   884,287,9,1431,2099,373,4   1629,573,29,5825,8211,1203,3   974,731,8,6919,7673,332,1   529,469,12,762,1484,498,2   1551,495,8,2666,3376,332,5   1351,754,3,7262,7542,124,4   602,631,10,5117,5995,415,3   898,367,3,7595,7837,124,1   1699,559,21,1281,2985,871,3   378,609,17,3405,5159,705,4   370,498,3,3513,3705,124,3   469,445,17,5472,6750,705,1   1184,511,12,4834,5958,498,3   495,516,8,4522,5156,332,2   1495,720,6,5744,6216,249,1   530,438,28,2887,5725,1161,5   981,779,7,7469,8109,290,4   510,736,25,2176,4348,1037,5   361,612,10,1324,2168,415,2   1250,678,25,864,2512,1037,4   756,555,10,4661,5409,415,2   800,283,3,6011,6267,124,4   490,577,16,6422,7806,664,5   461,372,20,3028,4274,830,1   654,765,15,159,1857,622,1   1709,537,25,5218,6814,1037,1   440,471,27,1231,3691,1120,5   571,333,21,5643,7663,871,4   1234,454,25,5130,7166,1037,3   1631,401,20,1699,3403,830,3   598,321,13,539,2047,539,5   1653,656,20,3319,5057,830,4   913,741,8,3803,4393,332,3   1356,482,28,4144,6722,1161,2   1699,452,29,990,3654,1203,1   484,331,9,6742,7364,373,3   1148,231,7,6682,7360,290,3   1454,444,24,1836,3816,996,3   1784,634,11,2965,3953,456,3   1304,192,12,3404,4134,498,4   1100,315,12,4748,6094,498,5   1382,546,17,828,2476,705,2   1638,743,29,5703,7341,1203,3   633,80,29,2206,4312,1203,2   1600,703,24,5721,7531,996,4   1675,196,3,5484,5756,124,2   1892,642,20,969,2583,830,2   1161,242,23,2158,4402,954,4
!----------------------------------------------------------------
!Recharge stations: x,y
300,0   1913,443   1219,926   608,792   1816,280   1120,355   857,292   1951,593   934,802   1543,499   446,556   1631,279   618,418   876,562   1684,653   179,492   1561,414   220,579   881,173   364,870   1589,151   1300,690   1699,338   1107,831   125,616

g inverse recharge rate 0.56
