!----------------------------------------------------------------
!Stores: (first: depot x,y; then: satellites x,y,maxCap)
300,0   732,403,1000   1811,773,1000   1333,923,1000   292,524,1000
!----------------------------------------------------------------
!Trucks: (total#, cap, cost/dist, fixcost)
2,181,1,128   2,250,1,150   2,331,1,172
!----------------------------------------------------------------
!CityFreighters: (max cf/sat, total#, cap, cost/dist, fixcost, maxCharge, energyConsumption)
3,3,90,1,68,1228,1   4,4,125,1,80,1700,1   3,3,165,1,92,2248,1
!----------------------------------------------------------------
!Customers: (x, y, demand, readyTime, dueDate, serviceTime, penalizationCost)
272,537,9,5752,6626,351,4   717,464,19,1339,2535,741,3   753,610,16,3588,4532,624,4   1518,502,16,1618,2664,624,3   1131,684,12,5779,6929,468,5   276,491,14,335,1753,546,2   1242,541,20,3841,4875,780,3   1422,645,20,496,2090,780,1   1749,415,25,5,1875,974,3   841,499,16,4229,5345,624,2   557,543,10,2984,3592,390,2   522,388,24,1337,3423,936,3   1258,718,12,2224,3254,468,4   1072,451,15,3972,5348,585,2   1490,350,18,4357,5109,702,3   1141,314,12,3219,4119,468,1   484,494,10,6185,7107,390,5   428,624,18,1623,2771,702,3   342,653,23,1918,3432,897,5   578,526,22,5554,7212,858,5   1372,269,7,3919,4437,273,3   830,523,4,2445,2743,156,4   482,297,5,6830,7032,195,1   1602,373,29,2182,4642,1130,3   1486,588,10,6054,6798,390,1   649,414,25,164,2352,974,1   1025,382,17,5865,7011,663,5   1065,439,14,6069,7499,546,1   660,685,6,3064,3586,234,2   656,350,16,1816,3684,624,3   989,787,23,2878,4880,897,2   905,667,8,1816,2724,312,3   1641,625,25,5426,7436,974,5   438,562,7,1220,1840,273,3   769,310,22,2227,3605,858,1   1748,516,26,608,2560,1013,5   487,628,16,5924,7124,624,1   572,723,10,5595,6181,390,4   216,479,6,1339,1805,234,5   798,595,22,1417,3155,858,1   1297,866,28,4591,6617,1091,4   1021,106,11,5622,6512,429,3   1523,174,3,6618,6930,117,3   31,431,20,3137,4837,780,2   1776,656,3,3963,4211,117,4   1660,243,24,4623,6689,936,4   1965,617,14,455,1517,546,3   284,442,8,2932,3780,312,2   312,522,25,918,2790,974,1   467,589,20,3850,6340,780,2
!----------------------------------------------------------------
!Recharge stations: x,y
300,0   732,403   1811,773   1333,923   292,524   532,607   1579,633   1365,729   1029,248   1581,368   930,657   1714,335   1549,605   1569,637   1008,253   1149,587   1442,744   1062,156   706,456   516,322   530,356   365,282   798,423   721,382   1015,299

g inverse recharge rate 0.39
