!----------------------------------------------------------------
!Stores: (first: depot x,y; then: satellites x,y,maxCap)
300,0   737,750,1000   1403,735,1000   1207,746,1000   214,536,1000
!----------------------------------------------------------------
!Trucks: (total#, cap, cost/dist, fixcost)
2,181,1,128   2,250,1,150   2,331,1,172
!----------------------------------------------------------------
!CityFreighters: (max cf/sat, total#, cap, cost/dist, fixcost, maxCharge, energyConsumption)
3,3,90,1,68,1228,1   4,4,125,1,80,1700,1   3,3,165,1,92,2248,1
!----------------------------------------------------------------
!Customers: (x, y, demand, readyTime, dueDate, serviceTime, penalizationCost)
381,672,25,1653,3753,848,5   235,448,15,438,1290,509,4   1527,689,11,3493,4235,373,2   991,692,10,1215,1947,339,4   1381,463,24,3878,5832,815,2   1331,325,10,3275,3869,339,5   280,463,3,3780,3978,102,1   1649,482,20,655,1659,679,4   1251,279,18,661,2275,611,3   772,424,19,5173,6403,645,2   601,399,5,4272,4600,170,2   826,529,15,2898,3978,509,3   530,700,4,2284,2492,136,2   1347,369,20,4076,5524,679,5   358,653,26,2750,5358,882,2   1456,310,20,3273,4553,679,3   432,545,11,1296,1878,373,2   308,637,10,4792,5272,339,3   715,262,27,4850,6376,916,4   870,441,5,3288,3624,170,3   1624,425,17,5076,6384,577,4   253,551,5,1018,1398,170,2   630,527,19,1425,2795,645,4   1106,459,12,2945,3551,407,3   968,772,26,4478,5884,882,5   993,689,13,1784,2672,441,4   242,444,28,914,2864,950,4   1479,590,20,1865,3121,679,2   1436,406,20,3695,5189,679,1   516,737,26,2747,4947,882,4   1581,667,26,474,2436,882,3   1019,358,16,3573,5117,543,5   1616,672,13,5340,5970,441,2   557,378,18,914,2402,611,3   1394,537,22,2476,3768,747,4   1601,345,21,4056,4872,713,3   769,350,14,790,1804,475,4   1790,485,17,1774,2736,577,5   814,743,26,2165,3745,882,5   399,364,29,2387,4477,984,5   835,490,8,1673,2023,272,2   533,911,20,1824,2736,679,3   630,548,10,1550,2160,339,1   1296,446,14,3014,4006,475,3   1428,556,6,5520,5948,204,5   278,269,6,1899,2355,204,3   646,530,3,1927,2105,102,4   1658,532,14,1128,1998,475,1   470,622,19,2782,4186,645,3   1838,751,9,3873,4309,305,2
!----------------------------------------------------------------
!Recharge stations: x,y
300,0   737,750   1403,735   1207,746   214,536   1130,505   1578,314   1186,382   970,162   665,917   1713,789   37,542   1171,701   275,335   1325,207   585,786   855,801   517,331   1820,216   1356,325   756,278   383,615   1193,217   485,339   559,431

g inverse recharge rate 0.35
