!----------------------------------------------------------------
!Stores: (first: depot x,y; then: satellites x,y,maxCap)
300,0   737,750,1000   1403,735,1000   1207,746,1000   214,536,1000
!----------------------------------------------------------------
!Trucks: (total#, cap, cost/dist, fixcost)
2,181,1,128   2,250,1,150   2,331,1,172
!----------------------------------------------------------------
!CityFreighters: (max cf/sat, total#, cap, cost/dist, fixcost, maxCharge, energyConsumption)
3,3,90,1,68,939,1   4,4,125,1,80,1300,1   3,3,165,1,92,1719,1
!----------------------------------------------------------------
!Customers: (x, y, demand, readyTime, dueDate, serviceTime, penalizationCost)
381,672,25,2730,4978,848,4   235,448,15,2308,3454,509,4   1527,689,11,4407,5061,373,5   991,692,10,4587,5445,339,5   1381,463,24,4800,6298,815,5   1331,325,10,3357,4199,339,3   280,463,3,5704,5872,102,1   1649,482,20,3291,4623,679,5   1251,279,18,2364,3326,611,1   772,424,19,448,1402,645,2   601,399,5,691,1035,170,5   826,529,15,3989,5153,509,1   530,700,4,633,871,136,3   1347,369,20,3456,4634,679,3   358,653,26,0,1450,882,3   1456,310,20,4649,5551,679,4   432,545,11,4505,5237,373,4   308,637,10,3036,3620,339,5   715,262,27,136,1706,916,4   870,441,5,4596,5058,170,1   1624,425,17,3497,4469,577,5   253,551,5,1270,1576,170,5   630,527,19,4145,5415,645,3   1106,459,12,2409,3225,407,3   968,772,26,3365,5031,882,4   993,689,13,3221,4143,441,2   242,444,28,2510,4432,950,3   1479,590,20,597,1865,679,1   1436,406,20,373,1903,679,2   516,737,26,1765,3393,882,4   1581,667,26,1368,3908,882,2   1019,358,16,1533,2581,543,2   1616,672,13,5268,6488,441,4   557,378,18,120,1278,611,3   1394,537,22,3073,4717,747,5   1601,345,21,4249,5829,713,1   769,350,14,2738,3704,475,4   1790,485,17,2219,3175,577,2   814,743,26,1890,3426,882,2   399,364,29,1463,3021,984,4   835,490,8,5093,5719,272,1   533,911,20,921,2415,679,5   630,548,10,1524,1936,339,3   1296,446,14,1905,3093,475,2   1428,556,6,2675,3087,204,2   278,269,6,2465,2811,204,5   646,530,3,920,1172,102,5   1658,532,14,2722,3976,475,3   470,622,19,305,1619,645,4   1838,751,9,5366,5780,305,1
!----------------------------------------------------------------
!Recharge stations: x,y
300,0   737,750   1403,735   1207,746   214,536   1130,505   1578,314   1186,382   970,162   665,917   1713,789   37,542   1171,701   275,335   1325,207   585,786   855,801   517,331   1820,216   1356,325   756,278   383,615   1193,217   485,339   559,431

g inverse recharge rate 0.46
