!----------------------------------------------------------------
!Stores: (first: depot x,y; then: satellites x,y,maxCap)
300,0   732,403,1000   1811,773,1000   1333,923,1000   292,524,1000
!----------------------------------------------------------------
!Trucks: (total#, cap, cost/dist, fixcost)
2,181,1,128   2,250,1,150   2,331,1,172
!----------------------------------------------------------------
!CityFreighters: (max cf/sat, total#, cap, cost/dist, fixcost, maxCharge, energyConsumption)
3,3,90,1,68,722,1   4,4,125,1,80,1000,1   3,3,165,1,92,1322,1
!----------------------------------------------------------------
!Customers: (x, y, demand, readyTime, dueDate, serviceTime, penalizationCost)
272,537,9,6485,7323,351,2   717,464,19,282,1626,741,5   753,610,16,4614,6150,624,4   1518,502,16,4537,5651,624,5   1131,684,12,4087,4875,468,2   276,491,14,1296,2530,546,1   1242,541,20,2272,3844,780,3   1422,645,20,3106,4754,780,5   1749,415,25,1352,3720,974,2   841,499,16,3862,5150,624,2   557,543,10,1365,2079,390,2   522,388,24,0,1435,936,3   1258,718,12,5465,6581,468,3   1072,451,15,2228,3900,585,4   1490,350,18,1125,2351,702,2   1141,314,12,6283,7221,468,1   484,494,10,3756,4476,390,4   428,624,18,2702,4202,702,4   342,653,23,0,2192,897,3   578,526,22,5552,7484,858,3   1372,269,7,934,1338,273,3   830,523,4,3616,3830,156,2   482,297,5,724,1096,195,3   1602,373,29,4652,7406,1130,3   1486,588,10,5770,6558,390,5   649,414,25,3912,6046,974,5   1025,382,17,3559,4555,663,5   1065,439,14,526,1462,546,3   660,685,6,5796,6284,234,1   656,350,16,5895,7327,624,4   989,787,23,1576,2866,897,2   905,667,8,4283,5069,312,1   1641,625,25,3300,5848,974,4   438,562,7,1682,2272,273,3   769,310,22,2055,3525,858,1   1748,516,26,5329,6739,1013,2   487,628,16,3711,4955,624,5   572,723,10,1131,2077,390,2   216,479,6,2591,3133,234,1   798,595,22,53,2093,858,1   1297,866,28,1622,3990,1091,5   1021,106,11,3365,4071,429,3   1523,174,3,1855,2123,117,1   31,431,20,3910,4996,780,1   1776,656,3,4942,5110,117,5   1660,243,24,2257,4309,936,5   1965,617,14,5619,6235,546,2   284,442,8,5322,5698,312,3   312,522,25,979,3289,974,5   467,589,20,5333,6649,780,3
!----------------------------------------------------------------
!Recharge stations: x,y
300,0   732,403   1811,773   1333,923   292,524   532,607   1579,633   1365,729   1029,248   1581,368   930,657   1714,335   1549,605   1569,637   1008,253   1149,587   1442,744   1062,156   706,456   516,322   530,356   365,282   798,423   721,382   1015,299

g inverse recharge rate 0.67
