!----------------------------------------------------------------
!Stores: (first: depot x,y; then: satellites x,y,maxCap)
300,0   1258,707,1000   742,378,1000   174,458,1000   1537,247,1000
!----------------------------------------------------------------
!Trucks: (total#, cap, cost/dist, fixcost)
2,181,1,128   2,250,1,150   2,331,1,172
!----------------------------------------------------------------
!CityFreighters: (max cf/sat, total#, cap, cost/dist, fixcost, maxCharge, energyConsumption)
3,3,90,1,68,722,1   4,4,125,1,80,1000,1   3,3,165,1,92,1322,1
!----------------------------------------------------------------
!Customers: (x, y, demand, readyTime, dueDate, serviceTime, penalizationCost)
1078,257,15,3621,4725,480,2   918,628,27,430,2094,865,4   381,345,29,427,2167,929,5   816,329,22,312,1722,705,5   799,696,8,5139,5659,256,5   423,464,10,5473,5967,320,5   1346,338,25,4007,5867,801,4   844,755,4,1578,1912,128,5   1010,342,6,5718,6096,192,2   825,749,29,1374,2788,929,4   873,553,22,3072,4828,705,5   1364,513,29,533,2079,929,4   582,247,10,3518,4086,320,3   202,518,18,4572,5982,576,5   919,267,22,4781,6495,705,4   1686,510,4,4577,4849,128,5   1105,394,23,1799,3391,737,1   569,729,20,5286,6472,641,5   660,568,20,872,2446,641,1   1089,463,7,5113,5563,224,3   489,348,24,3118,5350,769,1   644,327,9,5776,6524,288,1   517,331,4,5736,6038,128,5   420,358,16,3604,4486,512,5   1669,384,22,4093,5147,705,2   394,671,10,985,1647,320,1   1266,371,26,4764,6558,833,4   1260,399,28,1648,3476,897,2   1148,529,24,1748,3944,769,5   1161,311,13,1355,1893,416,3   1216,736,4,965,1181,128,1   1065,715,5,3905,4175,160,1   1540,609,23,1017,2437,737,3   543,522,6,2016,2404,192,5   567,444,13,432,1474,416,3   904,516,22,851,2333,705,5   1716,406,6,686,978,192,4   460,677,18,2341,3533,576,4   1277,456,22,552,1816,705,2   921,466,12,3135,4111,384,5   1801,385,27,1527,2901,865,5   197,438,21,808,1928,673,3   1520,513,12,1138,1982,384,3   866,783,25,1272,2894,801,3   939,892,22,1319,2845,705,3   1033,424,29,1344,2826,929,3   535,761,10,2337,3073,320,5   1986,442,10,2877,3661,320,2   664,627,3,2226,2410,96,5   1583,153,25,875,2447,801,2
!----------------------------------------------------------------
!Recharge stations: x,y
300,0   1258,707   742,378   174,458   1537,247   934,581   1805,572   524,736   1767,528   1779,612   1046,238   1769,517   1339,698   824,700   762,402   1424,448   996,706   1842,529   555,586   1101,584   787,361   1107,409   1572,359   889,355   1722,382

g inverse recharge rate 0.59
