!----------------------------------------------------------------
!Stores: (first: depot x,y; then: satellites x,y,maxCap)
300,0   1104,923,1000   265,570,1000   1281,290,1000   997,241,1000
!----------------------------------------------------------------
!Trucks: (total#, cap, cost/dist, fixcost)
2,181,1,128   2,250,1,150   2,331,1,172
!----------------------------------------------------------------
!CityFreighters: (max cf/sat, total#, cap, cost/dist, fixcost, maxCharge, energyConsumption)
3,3,90,1,68,867,1   4,4,125,1,80,1200,1   3,3,165,1,92,1587,1
!----------------------------------------------------------------
!Customers: (x, y, demand, readyTime, dueDate, serviceTime, penalizationCost)
1080,593,8,2958,3480,272,3   1753,528,17,4256,5398,578,1   445,400,22,790,2154,748,1   812,373,17,2529,3321,578,2   1472,533,8,2865,3465,272,3   533,449,11,4931,5685,374,2   1500,396,28,3473,5491,951,4   783,520,8,1666,2332,272,2   447,670,25,2438,3442,849,4   1673,643,11,1811,2645,374,4   295,397,24,3382,5362,815,1   674,443,18,5195,6485,612,4   293,545,25,1420,3172,849,3   941,487,4,3706,3908,136,2   1501,317,16,4387,5701,544,2   1263,474,8,3648,4156,272,3   1796,478,13,5292,6250,442,5   219,495,6,5950,6316,204,3   352,509,19,3692,4588,646,3   1628,651,7,4053,4459,238,2   1419,708,29,1113,2905,985,5   1547,410,3,5531,5799,102,4   688,719,13,4772,5790,442,3   244,550,27,4366,6076,917,3   1548,575,8,1678,2062,272,2   1494,578,22,247,1957,748,1   1582,371,13,787,1879,442,2   1183,560,28,4418,6694,951,2   1142,241,24,4986,6480,815,2   1203,670,19,3414,4930,646,1   1177,440,12,5523,6261,408,3   549,720,22,3571,5317,748,5   1499,389,22,3240,5368,748,1   1019,209,10,4362,5222,340,3   1299,607,28,2073,3621,951,3   1198,224,16,5316,6654,544,1   1770,470,19,342,1996,646,5   1127,515,22,2563,4329,748,2   603,584,8,3210,3694,272,4   1027,603,15,5488,6510,510,1   1772,355,3,6077,6319,102,1   744,204,11,2538,3476,374,5   1723,488,5,3652,3872,170,5   933,674,23,2611,4389,781,5   1154,645,17,2361,3383,578,1   1093,727,27,2772,4528,917,5   1683,195,24,4529,6203,815,4   220,563,6,4072,4750,204,4   1524,784,22,121,1757,748,4   1407,661,7,2106,2608,238,3
!----------------------------------------------------------------
!Recharge stations: x,y
300,0   1104,923   265,570   1281,290   997,241   1508,355   1486,550   368,875   1766,541   1717,671   1244,246   1438,333   1269,613   1833,520   535,532   1338,766   189,400   1131,503   554,230   374,386   1411,747   282,613   789,370   457,537   1796,516

g inverse recharge rate 0.5
