!----------------------------------------------------------------
!Stores: (first: depot x,y; then: satellites x,y,maxCap)
300,0   1301,770,1000   254,805,1000   1042,125,1000   1949,604,1000
!----------------------------------------------------------------
!Trucks: (total#, cap, cost/dist, fixcost)
2,181,1,128   2,250,1,150   2,331,1,172
!----------------------------------------------------------------
!CityFreighters: (max cf/sat, total#, cap, cost/dist, fixcost, maxCharge, energyConsumption)
3,3,90,1,68,650,1   4,4,125,1,80,900,1   3,3,165,1,92,1190,1
!----------------------------------------------------------------
!Customers: (x, y, demand, readyTime, dueDate, serviceTime, penalizationCost)
629,336,12,4820,5584,496,2   460,387,11,2556,3690,455,3   1688,429,16,3357,4523,662,1   1449,542,25,5627,7459,1034,5   1029,651,18,3147,4767,745,5   747,647,19,4017,5455,786,5   944,670,19,4823,6127,786,2   459,321,9,2027,2771,372,4   748,672,13,6037,7359,538,5   1734,562,20,1847,3619,827,4   1006,523,10,3631,4665,414,4   1115,344,26,482,2900,1075,1   525,572,20,3259,5187,827,5   1099,637,15,6395,7811,620,1   1733,426,29,772,3514,1200,4   1239,422,13,4943,5725,538,5   1582,312,21,320,1954,869,3   1221,729,21,4502,6342,869,5   649,668,28,0,2772,1158,2   1435,250,6,5527,6191,248,4   371,320,9,2919,3785,372,4   610,490,11,1981,3019,455,2   752,225,18,5086,6728,745,1   1763,453,14,5028,5748,579,2   865,652,6,6253,6823,248,4   749,601,9,1396,2196,372,5   397,456,7,2840,3520,290,2   716,621,10,2797,3385,414,5   1500,608,12,1248,1846,496,1   851,771,22,1179,3043,910,4   1686,622,13,2017,3461,538,2   1555,455,11,1318,2372,455,2   680,485,6,4040,4450,248,3   1377,463,6,7023,7447,248,5   1630,501,6,5041,5641,248,3   1619,511,20,4975,6443,827,3   1578,620,11,5432,6196,455,5   387,409,15,2252,3504,620,4   859,326,16,2307,3435,662,3   586,446,8,4713,5761,331,4   1582,357,9,4126,5052,372,4   814,501,29,1827,4143,1200,1   1113,156,28,4775,6741,1158,3   1276,752,24,2242,4252,993,1   1706,620,19,3154,4488,786,2   1741,645,14,5957,7575,579,5   1451,629,15,599,1679,620,5   1925,391,14,4899,6089,579,3   1433,513,6,3711,4073,248,3   1047,330,18,73,1229,745,3
!----------------------------------------------------------------
!Recharge stations: x,y
300,0   1301,770   254,805   1042,125   1949,604   786,558   961,757   592,546   1796,454   1828,482   282,366   306,487   1226,891   1253,280   420,427   1251,482   1168,320   1721,411   990,186   1576,561   495,385   1383,371   615,242   587,320   238,365

g inverse recharge rate 0.76
