!----------------------------------------------------------------
!Stores: (first: depot x,y; then: satellites x,y,maxCap)
300,0   1913,443,1000   1219,926,1000   608,792,1000   1816,280,1000
!----------------------------------------------------------------
!Trucks: (total#, cap, cost/dist, fixcost)
2,181,1,128   2,250,1,150   2,331,1,172
!----------------------------------------------------------------
!CityFreighters: (max cf/sat, total#, cap, cost/dist, fixcost, maxCharge, energyConsumption)
3,3,90,1,68,1228,1   4,4,125,1,80,1700,1   3,3,165,1,92,2248,1
!----------------------------------------------------------------
!Customers: (x, y, demand, readyTime, dueDate, serviceTime, penalizationCost)
623,450,10,4807,5547,415,1   281,390,29,3345,5859,1203,5   884,287,9,6761,7269,373,2   1629,573,29,2666,5152,1203,2   974,731,8,756,1428,332,1   529,469,12,967,1567,498,2   1551,495,8,6719,7369,332,4   1351,754,3,2059,2273,124,3   602,631,10,6828,7528,415,2   898,367,3,6793,7025,124,2   1699,559,21,6095,7745,871,5   378,609,17,2219,3075,705,4   370,498,3,2890,3134,124,1   469,445,17,5433,6553,705,5   1184,511,12,2824,3204,498,5   495,516,8,1374,2018,332,2   1495,720,6,1924,2430,249,2   530,438,28,1055,2845,1161,4   981,779,7,6515,7025,290,2   510,736,25,2490,4002,1037,3   361,612,10,6144,6932,415,1   1250,678,25,4101,6391,1037,5   756,555,10,1632,2468,415,2   800,283,3,3730,4000,124,4   490,577,16,5906,6990,664,4   461,372,20,3869,5037,830,4   654,765,15,5821,6817,622,1   1709,537,25,0,1815,1037,1   440,471,27,3763,6481,1120,3   571,333,21,3556,5704,871,2   1234,454,25,5,2231,1037,2   1631,401,20,3088,5172,830,2   598,321,13,1624,2796,539,5   1653,656,20,626,1898,830,3   913,741,8,4176,4784,332,2   1356,482,28,2342,4820,1161,1   1699,452,29,915,3515,1203,3   484,331,9,3054,3902,373,4   1148,231,7,2634,3368,290,5   1454,444,24,5984,8000,996,4   1784,634,11,6020,6700,456,4   1304,192,12,3310,4140,498,1   1100,315,12,5052,6050,498,4   1382,546,17,2426,4044,705,3   1638,743,29,5870,8056,1203,4   633,80,29,2932,5644,1203,4   1600,703,24,3183,4903,996,2   1675,196,3,7336,7556,124,2   1892,642,20,649,2579,830,3   1161,242,23,3289,5715,954,4
!----------------------------------------------------------------
!Recharge stations: x,y
300,0   1913,443   1219,926   608,792   1816,280   1120,355   857,292   1951,593   934,802   1543,499   446,556   1631,279   618,418   876,562   1684,653   179,492   1561,414   220,579   881,173   364,870   1589,151   1300,690   1699,338   1107,831   125,616

g inverse recharge rate 0.43
