!----------------------------------------------------------------
!Stores: (first: depot x,y; then: satellites x,y,maxCap)
300,0   1104,923,1000   265,570,1000   1281,290,1000   997,241,1000
!----------------------------------------------------------------
!Trucks: (total#, cap, cost/dist, fixcost)
2,181,1,128   2,250,1,150   2,331,1,172
!----------------------------------------------------------------
!CityFreighters: (max cf/sat, total#, cap, cost/dist, fixcost, maxCharge, energyConsumption)
3,3,90,1,68,1084,1   4,4,125,1,80,1500,1   3,3,165,1,92,1984,1
!----------------------------------------------------------------
!Customers: (x, y, demand, readyTime, dueDate, serviceTime, penalizationCost)
1080,593,8,4676,5134,272,1   1753,528,17,4946,5780,578,1   445,400,22,2916,4336,748,1   812,373,17,1428,2346,578,2   1472,533,8,2492,2934,272,3   533,449,11,1065,1799,374,4   1500,396,28,2289,4301,951,5   783,520,8,3571,4077,272,3   447,670,25,3345,5373,849,5   1673,643,11,4245,4693,374,1   295,397,24,3193,4973,815,4   674,443,18,4820,6124,612,3   293,545,25,1438,3242,849,2   941,487,4,4103,4395,136,2   1501,317,16,1296,2318,544,5   1263,474,8,728,1068,272,1   1796,478,13,995,1899,442,3   219,495,6,5760,6254,204,5   352,509,19,227,1207,646,4   1628,651,7,2287,2625,238,1   1419,708,29,1677,3179,985,2   1547,410,3,2520,2818,102,1   688,719,13,811,1803,442,3   244,550,27,4229,6269,917,5   1548,575,8,3974,4480,272,5   1494,578,22,1575,3501,748,5   1582,371,13,3534,4538,442,3   1183,560,28,1201,3273,951,2   1142,241,24,2764,4774,815,4   1203,670,19,5065,6349,646,2   1177,440,12,1861,2561,408,2   549,720,22,300,1882,748,2   1499,389,22,1650,3020,748,1   1019,209,10,3590,4220,340,3   1299,607,28,2613,5243,951,1   1198,224,16,687,1707,544,3   1770,470,19,3926,5488,646,2   1127,515,22,3688,5326,748,1   603,584,8,1536,1932,272,1   1027,603,15,2268,3052,510,1   1772,355,3,4272,4480,102,4   744,204,11,3269,3701,374,5   1723,488,5,2412,2796,170,1   933,674,23,2950,4094,781,2   1154,645,17,3187,4129,578,2   1093,727,27,0,1893,917,5   1683,195,24,3983,5097,815,5   220,563,6,4308,4598,204,1   1524,784,22,4780,6430,748,4   1407,661,7,2319,2761,238,2
!----------------------------------------------------------------
!Recharge stations: x,y
300,0   1104,923   265,570   1281,290   997,241   1508,355   1486,550   368,875   1766,541   1717,671   1244,246   1438,333   1269,613   1833,520   535,532   1338,766   189,400   1131,503   554,230   374,386   1411,747   282,613   789,370   457,537   1796,516

g inverse recharge rate 0.4
