!----------------------------------------------------------------
!Stores: (first: depot x,y; then: satellites x,y,maxCap)
300,0   1659,775,1000   808,901,1000   1591,509,1000   392,464,1000
!----------------------------------------------------------------
!Trucks: (total#, cap, cost/dist, fixcost)
2,181,1,128   2,250,1,150   2,331,1,172
!----------------------------------------------------------------
!CityFreighters: (max cf/sat, total#, cap, cost/dist, fixcost, maxCharge, energyConsumption)
3,3,90,1,68,1156,1   4,4,125,1,80,1600,1   3,3,165,1,92,2116,1
!----------------------------------------------------------------
!Customers: (x, y, demand, readyTime, dueDate, serviceTime, penalizationCost)
792,282,11,1370,2086,383,3   1380,598,3,2237,2457,104,5   618,441,29,3259,5465,1009,1   1553,584,13,6358,7136,452,5   998,533,4,3956,4204,139,1   1244,774,6,4855,5181,209,5   884,770,19,2731,3751,661,1   1080,404,6,6057,6455,209,2   481,409,16,2437,3441,557,3   664,358,29,5501,6715,1009,5   1498,576,26,3557,5265,905,3   1652,651,22,1647,3719,765,5   622,687,23,934,2394,800,4   900,495,19,5569,6875,661,5   719,221,10,3480,4336,348,1   579,264,11,5338,6078,383,4   1361,307,10,1299,1879,348,3   365,366,21,5023,6197,731,2   1258,562,20,2434,4550,696,5   1600,540,13,5714,6414,452,5   560,562,15,3841,4707,522,4   382,682,14,5212,5958,487,2   1757,481,28,1682,3932,974,4   1129,555,13,1405,2145,452,3   1358,384,14,947,2037,487,1   1222,388,22,4942,7074,765,3   447,529,25,3333,4563,870,4   986,327,10,3987,4515,348,1   1488,332,16,2262,3220,557,1   303,614,7,4530,5118,244,5   322,547,6,1173,1623,209,2   1167,396,19,3477,5077,661,1   1210,425,22,5604,6846,765,3   1031,395,23,119,1841,800,1   829,439,14,2441,3503,487,1   1062,223,29,3058,5914,1009,5   1714,373,20,1533,3209,696,5   1083,289,6,2080,2488,209,2   675,307,9,3873,4355,313,1   985,532,12,1476,2248,418,3   1507,186,27,798,2556,939,5   1645,498,21,2331,3925,731,1   560,830,29,1183,3479,1009,5   46,552,28,4617,6353,974,5   98,507,12,1825,2573,418,4   1372,399,23,5335,7285,800,3   202,283,18,3244,4080,626,1   1186,634,22,4035,5773,765,5   764,580,6,2120,2598,209,1   1628,760,25,5202,6516,870,5
!----------------------------------------------------------------
!Recharge stations: x,y
300,0   1659,775   808,901   1591,509   392,464   1757,423   1107,6   1049,303   1705,574   1363,190   1397,760   456,754   119,636   897,432   1297,408   289,574   617,747   1580,499   1489,401   328,706   1562,584   1735,269   1433,279   1597,283   189,504

g inverse recharge rate 0.4
