!----------------------------------------------------------------
!Stores: (first: depot x,y; then: satellites x,y,maxCap)
300,0   14,516,1000   900,857,1000   226,729,1000   1523,387,1000
!----------------------------------------------------------------
!Trucks: (total#, cap, cost/dist, fixcost)
2,181,1,128   2,250,1,150   2,331,1,172
!----------------------------------------------------------------
!CityFreighters: (max cf/sat, total#, cap, cost/dist, fixcost, maxCharge, energyConsumption)
3,3,90,1,68,1228,1   4,4,125,1,80,1700,1   3,3,165,1,92,2248,1
!----------------------------------------------------------------
!Customers: (x, y, demand, readyTime, dueDate, serviceTime, penalizationCost)
1319,462,5,4116,4678,231,1   1081,616,7,1814,2304,324,4   450,560,7,996,1674,324,1   744,686,25,3529,5679,1156,3   227,439,18,3453,4991,833,4   1544,529,20,4455,6459,925,1   1075,473,18,2548,4168,833,3   1297,233,19,5151,7453,879,2   904,687,29,4203,7233,1341,3   643,611,27,1315,3475,1249,5   1565,665,29,3851,5947,1341,4   1065,333,29,4716,7452,1341,3   1500,324,11,885,2009,509,3   1432,354,22,3609,6183,1018,4   853,713,19,5996,7398,879,5   302,509,13,779,2463,601,4   1286,463,28,1614,3680,1295,2   981,764,6,3961,4565,278,3   211,508,22,5412,7500,1018,3   1151,357,4,7545,7853,185,1   780,320,5,4014,4632,231,3   1193,762,21,4682,7050,971,4   1067,379,8,6345,7251,370,4   282,420,18,3737,5491,833,1   469,601,3,3207,3513,139,4   1506,342,19,35,1859,879,4   1686,616,7,2127,2613,324,4   1629,594,7,6937,7541,324,1   1703,469,9,3743,4815,416,1   1456,503,7,3292,3680,324,2   1129,307,8,6182,6830,370,2   1160,338,15,1739,3515,694,4   361,615,15,5634,7456,694,2   1119,208,16,4506,5454,740,3   412,308,11,2961,4351,509,2   1528,661,5,4103,4673,231,1   1697,511,18,4542,6306,833,4   1184,516,3,5704,5946,139,1   1284,408,22,1671,4495,1018,3   1645,510,27,2066,4300,1249,5   1502,365,9,3005,3683,416,5   200,285,12,1629,2723,555,4   1168,618,5,5795,6323,231,5   1228,143,27,328,2406,1249,3   887,54,19,241,2087,879,3   934,389,18,1199,3335,833,1   118,716,4,2368,2642,185,4   1557,122,26,1538,3832,1203,4   1865,539,5,3366,3892,231,1   0,500,7,3823,4691,324,5
!----------------------------------------------------------------
!Recharge stations: x,y
300,0   14,516   900,857   226,729   1523,387   1473,232   516,325   1556,602   321,460   1133,641   162,451   212,453   1307,759   289,677   766,685   600,305   832,269   336,217   247,557   405,277   1381,107   1851,680   1374,251   806,514   199,418

g inverse recharge rate 0.44
