!----------------------------------------------------------------
!Stores: (first: depot x,y; then: satellites x,y,maxCap)
300,0   341,811,1000   468,469,1000   1903,681,1000   1739,317,1000
!----------------------------------------------------------------
!Trucks: (total#, cap, cost/dist, fixcost)
2,181,1,128   2,250,1,150   2,331,1,172
!----------------------------------------------------------------
!CityFreighters: (max cf/sat, total#, cap, cost/dist, fixcost, maxCharge, energyConsumption)
3,3,90,1,68,1084,1   4,4,125,1,80,1500,1   3,3,165,1,92,1984,1
!----------------------------------------------------------------
!Customers: (x, y, demand, readyTime, dueDate, serviceTime, penalizationCost)
1457,621,29,555,3423,1354,5   1369,514,15,5573,7249,701,1   450,294,18,978,2718,841,4   1201,625,4,2387,2797,187,4   303,393,10,5412,6328,467,1   626,373,9,1302,2016,420,2   986,751,21,769,2665,981,5   1687,572,6,4209,4859,280,1   807,535,17,4612,6030,794,1   957,602,7,2351,3011,327,1   1341,466,14,5662,7330,654,5   868,335,19,3743,5867,887,2   1477,427,3,1473,1717,140,2   1710,513,7,5729,6219,327,2   297,516,18,546,2146,841,4   1566,595,15,6349,7699,701,1   982,373,19,5503,7411,887,2   602,560,12,2420,3872,560,4   1018,575,17,4983,6661,794,1   681,511,19,548,2610,887,5   390,389,12,5514,6700,560,1   1717,407,3,1249,1495,140,5   812,728,4,1083,1559,187,5   1482,411,11,5941,6907,514,3   1121,230,9,5958,6848,420,4   724,609,5,2550,3182,234,3   732,543,7,2233,2837,327,1   1701,427,5,1086,1504,234,3   1429,411,26,0,2425,1214,5   1580,334,6,601,1133,280,2   1542,363,4,687,1105,187,3   446,356,26,1790,4122,1214,1   1325,511,28,0,2089,1308,2   1040,543,14,6411,8085,654,1   839,762,10,3705,4455,467,3   826,427,25,863,2821,1168,3   1622,535,18,1820,3080,841,2   1205,493,22,2417,4067,1027,3   1756,487,13,361,1649,607,5   1757,458,13,1072,2408,607,2   1205,634,26,3393,6385,1214,5   968,82,17,5591,7781,794,4   552,907,29,3246,5928,1354,5   933,725,11,5424,6054,514,1   1702,535,16,3179,4661,747,3   1374,356,9,2521,3451,420,1   1225,149,10,3242,4058,467,3   1029,837,20,2589,4165,934,4   894,84,23,475,3209,1074,3   210,630,15,5330,7334,701,1
!----------------------------------------------------------------
!Recharge stations: x,y
300,0   341,811   468,469   1903,681   1739,317   848,592   1099,507   911,413   213,615   548,783   383,254   565,713   1717,496   1501,750   472,394   835,532   1065,724   1063,755   378,567   1418,245   1695,575   395,552   357,294   1675,329   1330,785

g inverse recharge rate 0.49
