!----------------------------------------------------------------
!Stores: (first: depot x,y; then: satellites x,y,maxCap)
300,0   1104,923,1000   265,570,1000   1281,290,1000   997,241,1000
!----------------------------------------------------------------
!Trucks: (total#, cap, cost/dist, fixcost)
2,181,1,128   2,250,1,150   2,331,1,172
!----------------------------------------------------------------
!CityFreighters: (max cf/sat, total#, cap, cost/dist, fixcost, maxCharge, energyConsumption)
3,3,90,1,68,795,1   4,4,125,1,80,1100,1   3,3,165,1,92,1455,1
!----------------------------------------------------------------
!Customers: (x, y, demand, readyTime, dueDate, serviceTime, penalizationCost)
1080,593,8,3789,4563,272,3   1753,528,17,3582,4440,578,1   445,400,22,1592,3078,748,5   812,373,17,5063,6129,578,2   1472,533,8,2159,2601,272,3   533,449,11,4214,4794,374,1   1500,396,28,4001,6091,951,1   783,520,8,4552,5280,272,1   447,670,25,2864,4796,849,1   1673,643,11,2750,3432,374,4   295,397,24,2030,3320,815,5   674,443,18,4780,6060,612,2   293,545,25,39,1549,849,3   941,487,4,808,1110,136,1   1501,317,16,3157,3999,544,2   1263,474,8,3877,4599,272,4   1796,478,13,2722,3290,442,5   219,495,6,5929,6507,204,5   352,509,19,4143,5007,646,1   1628,651,7,2125,2347,238,5   1419,708,29,4087,5867,985,1   1547,410,3,2615,2907,102,2   688,719,13,5053,5807,442,3   244,550,27,1242,2510,917,4   1548,575,8,2247,2901,272,4   1494,578,22,2306,3202,748,2   1582,371,13,2422,3236,442,1   1183,560,28,3302,5202,951,3   1142,241,24,37,1733,815,1   1203,670,19,2063,3557,646,3   1177,440,12,3591,4349,408,4   549,720,22,1973,2921,748,1   1499,389,22,1176,3490,748,4   1019,209,10,3642,4086,340,1   1299,607,28,1568,3402,951,2   1198,224,16,3719,4671,544,2   1770,470,19,3351,4589,646,1   1127,515,22,2971,4525,748,2   603,584,8,1228,1958,272,4   1027,603,15,3262,4370,510,3   1772,355,3,5105,5295,102,2   744,204,11,5551,6175,374,2   1723,488,5,3018,3440,170,4   933,674,23,3427,5077,781,1   1154,645,17,514,2076,578,4   1093,727,27,3449,4955,917,3   1683,195,24,3298,5586,815,5   220,563,6,3630,4062,204,5   1524,784,22,3528,5592,748,1   1407,661,7,3536,3834,238,2
!----------------------------------------------------------------
!Recharge stations: x,y
300,0   1104,923   265,570   1281,290   997,241   1508,355   1486,550   368,875   1766,541   1717,671   1244,246   1438,333   1269,613   1833,520   535,532   1338,766   189,400   1131,503   554,230   374,386   1411,747   282,613   789,370   457,537   1796,516

g inverse recharge rate 0.54
