!----------------------------------------------------------------
!Stores: (first: depot x,y; then: satellites x,y,maxCap)
300,0   1653,568,1000   1871,320,1000   1234,686,1000   279,699,1000
!----------------------------------------------------------------
!Trucks: (total#, cap, cost/dist, fixcost)
2,181,1,128   2,250,1,150   2,331,1,172
!----------------------------------------------------------------
!CityFreighters: (max cf/sat, total#, cap, cost/dist, fixcost, maxCharge, energyConsumption)
3,3,90,1,68,795,1   4,4,125,1,80,1100,1   3,3,165,1,92,1455,1
!----------------------------------------------------------------
!Customers: (x, y, demand, readyTime, dueDate, serviceTime, penalizationCost)
1227,755,3,3504,3718,111,5   1781,476,27,1878,4334,996,2   1051,385,9,2829,3381,332,1   366,540,25,1947,3393,922,1   801,289,7,1896,2392,258,1   1193,317,10,6625,7333,369,2   1060,468,29,5058,6860,1070,1   982,744,6,6594,6984,221,2   590,349,21,1456,3366,775,1   679,272,25,5005,7223,922,2   810,399,7,6917,7275,258,1   977,713,16,5334,6390,590,1   934,265,11,5158,6132,406,1   458,492,21,3301,4013,775,2   1554,663,27,2122,4574,996,5   460,405,13,5275,6403,480,3   1375,264,19,2282,4452,701,2   784,295,7,1374,1820,258,4   1185,262,17,656,1832,627,1   852,774,19,5227,6789,701,5   205,510,9,4360,5012,332,2   917,244,5,5043,5335,184,4   1339,726,18,1529,2769,664,1   1557,371,24,2561,4539,885,1   1252,738,16,3566,4670,590,5   1173,621,29,934,3192,1070,1   1636,352,28,5946,7290,1033,3   1435,523,26,1992,4252,959,2   441,334,8,4183,4829,295,2   237,572,3,1749,2001,111,5   321,577,12,2781,3683,443,2   1428,570,29,483,2399,1070,3   1536,287,20,3082,4702,738,3   794,332,27,674,2760,996,1   1623,523,29,1776,4220,1070,1   203,497,12,6310,7080,443,2   461,697,25,3278,5510,922,5   439,477,10,736,1642,369,5   1354,714,20,5891,7119,738,4   1710,494,14,5271,5949,516,2   638,433,11,3898,4628,406,3   1594,622,25,2029,3689,922,1   1350,165,5,2522,2912,184,1   1664,507,10,3846,4160,369,2   695,739,14,4534,5426,516,3   1215,830,24,184,1666,885,3   1584,213,27,2258,3990,996,2   318,339,20,502,1818,738,4   1588,508,22,4881,6843,812,5   138,336,19,5337,6831,701,1
!----------------------------------------------------------------
!Recharge stations: x,y
300,0   1653,568   1871,320   1234,686   279,699   661,466   1714,350   994,513   564,385   1804,498   949,186   1456,213   1683,691   740,798   1284,621   107,487   185,487   1486,215   1524,745   856,617   1515,676   1355,275   1007,173   1143,935   1282,788

g inverse recharge rate 0.63
