!----------------------------------------------------------------
!Stores: (first: depot x,y; then: satellites x,y,maxCap)
300,0   202,728,1000   890,151,1000   513,786,1000   1784,582,1000
!----------------------------------------------------------------
!Trucks: (total#, cap, cost/dist, fixcost)
2,181,1,128   2,250,1,150   2,331,1,172
!----------------------------------------------------------------
!CityFreighters: (max cf/sat, total#, cap, cost/dist, fixcost, maxCharge, energyConsumption)
3,3,90,1,68,795,1   4,4,125,1,80,1100,1   3,3,165,1,92,1455,1
!----------------------------------------------------------------
!Customers: (x, y, demand, readyTime, dueDate, serviceTime, penalizationCost)
1750,415,9,2474,3112,325,5   841,486,16,1789,3031,577,1   899,411,18,5010,6360,650,1   388,556,12,279,1539,433,2   393,583,29,4635,6613,1046,1   839,230,24,3074,4436,866,2   643,498,20,0,1294,722,5   337,493,29,229,2517,1046,5   999,763,12,5317,6197,433,3   1500,311,15,1859,2931,541,2   963,247,4,561,757,144,4   798,280,29,5464,6930,1046,4   577,520,6,512,950,217,4   1797,503,9,4996,5696,325,2   677,431,16,1852,2732,577,3   824,704,7,5962,6390,253,3   459,457,24,3822,5272,866,1   1114,683,29,5061,6945,1046,4   619,594,18,2030,3544,650,1   1160,259,7,6001,6603,253,2   1047,255,26,1738,3346,938,3   343,365,6,1708,2248,217,1   441,433,9,2398,2932,325,5   473,433,12,5485,6395,433,4   407,687,26,3037,5073,938,4   790,432,16,6493,6995,577,2   1297,414,19,3794,5172,686,4   405,375,3,1849,2035,108,3   1439,389,25,244,2090,902,4   594,417,9,4561,5377,325,1   341,609,23,1437,3379,830,4   775,660,11,1331,1955,397,3   352,634,22,3860,5198,794,2   357,638,10,6034,6992,361,2   1159,427,3,6942,7158,108,5   281,607,27,3125,5643,974,2   1068,421,25,4610,6786,902,5   905,634,14,3092,3818,505,5   1419,319,20,3797,5275,722,3   1686,485,28,3842,6350,1010,5   944,857,27,4949,6803,974,1   1666,342,10,1531,1979,361,1   1434,829,9,6545,7141,325,5   1057,640,13,1221,2249,469,5   364,687,25,4664,7130,902,1   409,496,20,4300,5242,722,1   1720,468,29,2428,4434,1046,1   1379,702,24,2162,3980,866,5   1772,212,16,5759,7035,577,3   1585,896,7,3339,3799,253,2
!----------------------------------------------------------------
!Recharge stations: x,y
300,0   202,728   890,151   513,786   1784,582   448,468   986,218   351,644   341,622   717,273   826,244   365,552   746,715   636,773   1015,235   1683,331   143,585   1643,462   660,516   260,418   461,471   450,654   1756,444   260,623   1744,579

g inverse recharge rate 0.61
