!----------------------------------------------------------------
!Stores: (first: depot x,y; then: satellites x,y,maxCap)
300,0   737,750,1000   1403,735,1000   1207,746,1000   214,536,1000
!----------------------------------------------------------------
!Trucks: (total#, cap, cost/dist, fixcost)
2,181,1,128   2,250,1,150   2,331,1,172
!----------------------------------------------------------------
!CityFreighters: (max cf/sat, total#, cap, cost/dist, fixcost, maxCharge, energyConsumption)
3,3,90,1,68,1156,1   4,4,125,1,80,1600,1   3,3,165,1,92,2116,1
!----------------------------------------------------------------
!Customers: (x, y, demand, readyTime, dueDate, serviceTime, penalizationCost)
381,672,25,4180,5632,848,5   235,448,15,3218,4470,509,5   1527,689,11,5146,5822,373,2   991,692,10,4663,5321,339,5   1381,463,24,2893,4849,815,5   1331,325,10,5689,6453,339,3   280,463,3,4067,4257,102,5   1649,482,20,2177,3267,679,1   1251,279,18,4084,5236,611,3   772,424,19,1662,2984,645,3   601,399,5,4001,4313,170,2   826,529,15,4477,5235,509,3   530,700,4,1186,1490,136,2   1347,369,20,210,1338,679,2   358,653,26,4572,6236,882,5   1456,310,20,4114,5634,679,5   432,545,11,5336,6212,373,4   308,637,10,420,1274,339,1   715,262,27,1051,2565,916,2   870,441,5,5754,5970,170,4   1624,425,17,4774,5754,577,5   253,551,5,5466,5746,170,3   630,527,19,173,1355,645,1   1106,459,12,1613,2649,407,1   968,772,26,0,1213,882,3   993,689,13,2172,2988,441,4   242,444,28,581,2293,950,1   1479,590,20,1194,3154,679,3   1436,406,20,3757,5621,679,2   516,737,26,810,2790,882,4   1581,667,26,3697,5623,882,1   1019,358,16,2800,3758,543,5   1616,672,13,5169,5979,441,2   557,378,18,2204,3476,611,2   1394,537,22,3534,4744,747,3   1601,345,21,2501,3779,713,1   769,350,14,3039,3979,475,1   1790,485,17,2808,3926,577,4   814,743,26,4450,5606,882,2   399,364,29,2133,4101,984,1   835,490,8,3611,4301,272,3   533,911,20,2929,4585,679,4   630,548,10,4463,4927,339,1   1296,446,14,1636,2576,475,4   1428,556,6,4397,4635,204,3   278,269,6,3107,3737,204,1   646,530,3,4558,4756,102,2   1658,532,14,3013,3993,475,1   470,622,19,3458,4528,645,5   1838,751,9,5540,6154,305,5
!----------------------------------------------------------------
!Recharge stations: x,y
300,0   737,750   1403,735   1207,746   214,536   1130,505   1578,314   1186,382   970,162   665,917   1713,789   37,542   1171,701   275,335   1325,207   585,786   855,801   517,331   1820,216   1356,325   756,278   383,615   1193,217   485,339   559,431

g inverse recharge rate 0.37
