!----------------------------------------------------------------
!Stores: (first: depot x,y; then: satellites x,y,maxCap)
300,0   1056,693,1000   103,661,1000   114,485,1000   1304,808,1000
!----------------------------------------------------------------
!Trucks: (total#, cap, cost/dist, fixcost)
2,181,1,128   2,250,1,150   2,331,1,172
!----------------------------------------------------------------
!CityFreighters: (max cf/sat, total#, cap, cost/dist, fixcost, maxCharge, energyConsumption)
3,3,90,1,68,867,1   4,4,125,1,80,1200,1   3,3,165,1,92,1587,1
!----------------------------------------------------------------
!Customers: (x, y, demand, readyTime, dueDate, serviceTime, penalizationCost)
1163,500,29,3551,6105,1042,3   1367,493,17,718,2414,611,4   1485,607,26,5010,6932,934,4   1714,389,16,2377,3455,575,4   1141,670,10,3697,4527,359,4   342,564,29,781,3051,1042,1   881,394,10,4095,4989,359,5   363,652,13,2749,3467,467,2   1144,739,20,1047,2079,719,2   262,395,5,4236,4532,180,1   1289,387,5,5810,6086,180,2   1060,256,28,1465,3613,1006,5   1137,712,4,6530,6856,144,2   877,554,6,6225,6599,216,1   387,602,17,3801,4969,611,4   499,280,28,0,1923,1006,1   735,489,9,3527,4095,323,1   1138,223,5,2178,2602,180,5   1773,517,24,4807,6099,862,1   463,646,22,4741,6417,791,3   225,513,28,1491,3859,1006,2   987,328,14,2483,3671,503,5   1718,618,10,5077,5497,359,1   527,297,15,3339,4403,539,3   1653,580,26,1623,3351,934,3   847,769,3,5411,5641,108,1   429,548,20,3684,4948,719,2   745,448,19,5746,7312,683,3   1593,500,3,3326,3564,108,5   469,718,18,5697,6781,647,4   1343,759,21,4430,5754,755,3   1460,507,4,5621,5831,144,3   1261,735,24,1555,3073,862,3   722,686,29,5122,7294,1042,2   1404,478,14,2895,4055,503,1   677,632,22,3405,4945,791,1   1007,383,4,723,1093,144,1   461,675,26,3167,5201,934,5   1362,527,13,3472,4668,467,2   980,486,3,5816,6012,108,3   644,679,20,1049,2199,719,3   406,154,21,3012,4866,755,2   1111,292,15,496,1540,539,4   367,807,6,1323,1773,216,2   285,608,27,22,2140,970,2   849,557,29,0,1656,1042,1   394,411,29,3535,5543,1042,4   637,836,17,966,2528,611,3   462,155,6,929,1405,216,3   334,751,11,4610,5126,395,2
!----------------------------------------------------------------
!Recharge stations: x,y
300,0   1056,693   103,661   114,485   1304,808   1615,737   1344,598   1012,905   103,417   1523,354   1299,814   158,541   567,722   1701,635   976,253   845,391   1608,700   459,496   1691,557   973,187   558,529   701,686   1708,812   514,389   271,327

g inverse recharge rate 0.54
