!----------------------------------------------------------------
!Stores: (first: depot x,y; then: satellites x,y,maxCap)
300,0   1659,775,1000   808,901,1000   1591,509,1000   392,464,1000
!----------------------------------------------------------------
!Trucks: (total#, cap, cost/dist, fixcost)
2,181,1,128   2,250,1,150   2,331,1,172
!----------------------------------------------------------------
!CityFreighters: (max cf/sat, total#, cap, cost/dist, fixcost, maxCharge, energyConsumption)
3,3,90,1,68,1084,1   4,4,125,1,80,1500,1   3,3,165,1,92,1984,1
!----------------------------------------------------------------
!Customers: (x, y, demand, readyTime, dueDate, serviceTime, penalizationCost)
792,282,11,406,1108,383,2   1380,598,3,4429,4673,104,1   618,441,29,315,2275,1009,4   1553,584,13,1936,2734,452,4   998,533,4,5402,5634,139,3   1244,774,6,6387,6809,209,1   884,770,19,1401,3103,661,5   1080,404,6,2131,2473,209,4   481,409,16,5321,6659,557,2   664,358,29,1435,3749,1009,2   1498,576,26,1473,3473,905,1   1652,651,22,1983,3057,765,5   622,687,23,4423,6043,800,4   900,495,19,5868,7176,661,2   719,221,10,6302,6910,348,4   579,264,11,1722,2454,383,3   1361,307,10,5698,6296,348,5   365,366,21,371,1977,731,5   1258,562,20,621,2279,696,5   1600,540,13,3768,4804,452,2   560,562,15,517,1613,522,2   382,682,14,757,1811,487,3   1757,481,28,2175,4231,974,5   1129,555,13,3440,4514,452,4   1358,384,14,5671,6737,487,1   1222,388,22,2025,3735,765,1   447,529,25,3051,4425,870,2   986,327,10,491,1337,348,3   1488,332,16,399,2037,557,3   303,614,7,4433,4843,244,4   322,547,6,3194,3670,209,2   1167,396,19,4139,5989,661,1   1210,425,22,2578,3938,765,5   1031,395,23,820,2766,800,2   829,439,14,1707,2871,487,2   1062,223,29,2785,4997,1009,5   1714,373,20,3901,5183,696,3   1083,289,6,1295,1475,209,3   675,307,9,5161,5933,313,4   985,532,12,4100,5042,418,4   1507,186,27,2571,4251,939,5   1645,498,21,3055,4895,731,2   560,830,29,3358,4666,1009,3   46,552,28,3304,4996,974,2   98,507,12,4001,4947,418,2   1372,399,23,479,2273,800,2   202,283,18,4580,5982,626,2   1186,634,22,4824,6156,765,4   764,580,6,6046,6486,209,3   1628,760,25,557,1751,870,2
!----------------------------------------------------------------
!Recharge stations: x,y
300,0   1659,775   808,901   1591,509   392,464   1757,423   1107,6   1049,303   1705,574   1363,190   1397,760   456,754   119,636   897,432   1297,408   289,574   617,747   1580,499   1489,401   328,706   1562,584   1735,269   1433,279   1597,283   189,504

g inverse recharge rate 0.43
