!----------------------------------------------------------------
!Stores: (first: depot x,y; then: satellites x,y,maxCap)
300,0   674,747,1000   1212,82,1000   1820,396,1000   146,610,1000
!----------------------------------------------------------------
!Trucks: (total#, cap, cost/dist, fixcost)
2,181,1,128   2,250,1,150   2,331,1,172
!----------------------------------------------------------------
!CityFreighters: (max cf/sat, total#, cap, cost/dist, fixcost, maxCharge, energyConsumption)
3,3,90,1,68,1011,1   4,4,125,1,80,1400,1   3,3,165,1,92,1851,1
!----------------------------------------------------------------
!Customers: (x, y, demand, readyTime, dueDate, serviceTime, penalizationCost)
780,646,22,4354,5920,802,4   711,230,24,997,2689,874,3   573,491,16,6548,7700,583,5   466,713,9,4391,5235,328,2   580,515,15,3809,5007,547,3   785,684,29,802,2716,1057,5   1798,482,16,6157,7419,583,1   1254,401,11,1470,2270,401,1   1267,503,24,4531,6937,874,2   1692,387,19,2095,3591,692,5   1346,517,24,5935,7405,874,4   1640,434,7,2459,3037,255,5   952,712,29,5215,7371,1057,5   300,610,19,2656,3902,692,4   735,309,5,1597,1987,182,5   1201,417,19,1489,2953,692,1   912,561,22,552,1734,802,1   682,725,16,6556,7694,583,1   556,373,21,4359,6141,765,1   437,502,15,1076,2190,547,3   1244,258,8,555,1123,291,2   346,373,24,1035,2723,874,2   1686,512,24,707,2581,874,4   1612,372,12,3191,4129,437,4   1369,252,28,3403,5417,1020,4   869,647,3,717,915,109,3   1517,668,12,6406,7504,437,3   875,666,6,5450,5862,219,4   421,332,19,1404,3010,692,1   1487,492,10,5849,6721,364,1   734,421,8,963,1527,291,1   555,624,25,1289,3251,911,5   1791,481,20,2496,4138,729,5   1089,427,3,3827,3953,109,3   1529,435,24,4983,6399,874,5   320,416,21,3971,5587,765,2   1670,625,8,3566,4326,291,5   512,609,22,2541,4601,802,1   1644,378,28,1407,2897,1020,3   1538,497,23,342,1966,838,1   1697,615,20,183,1911,729,4   106,330,22,1626,2980,802,3   1565,227,18,2585,3501,656,2   607,835,17,623,1703,619,5   1837,538,13,3888,5024,474,1   1511,654,22,3025,4699,802,5   988,57,7,5141,5795,255,2   1437,655,29,1334,3938,1057,3   833,230,18,324,1354,656,3   741,20,25,5447,6803,911,2
!----------------------------------------------------------------
!Recharge stations: x,y
300,0   674,747   1212,82   1820,396   146,610   594,208   900,186   1024,417   1145,426   1792,477   576,776   239,630   1713,323   1471,501   1667,668   355,687   236,202   588,459   1324,526   153,521   239,502   1273,594   965,466   350,401   1270,734

g inverse recharge rate 0.5
