!----------------------------------------------------------------
!Stores: (first: depot x,y; then: satellites x,y,maxCap)
300,0   1002,917,1000   103,601,1000   426,696,1000   614,98,1000
!----------------------------------------------------------------
!Trucks: (total#, cap, cost/dist, fixcost)
2,181,1,128   2,250,1,150   2,331,1,172
!----------------------------------------------------------------
!CityFreighters: (max cf/sat, total#, cap, cost/dist, fixcost, maxCharge, energyConsumption)
3,3,90,1,68,795,1   4,4,125,1,80,1100,1   3,3,165,1,92,1455,1
!----------------------------------------------------------------
!Customers: (x, y, demand, readyTime, dueDate, serviceTime, penalizationCost)
1347,608,18,4514,6218,772,1   411,612,7,2316,2830,300,2   852,558,4,3878,4210,172,1   953,749,6,5144,5692,257,3   1328,600,27,4404,6268,1159,2   1203,628,12,6844,7768,515,1   1401,354,21,2651,4575,901,2   1587,324,13,2535,3905,558,3   1522,633,5,7279,7595,215,3   1253,424,10,1326,2444,429,2   1024,672,8,3762,4496,343,5   1337,743,13,3362,4356,558,1   940,357,5,3826,4292,215,2   1311,642,16,3055,4075,687,2   1695,558,28,699,3187,1202,4   585,586,19,6256,7430,815,2   1061,582,14,2971,3997,601,4   940,546,5,7135,7477,215,1   1386,509,26,3348,6032,1116,3   510,434,26,3204,5064,1116,1   1343,701,4,7392,7732,172,5   1721,609,23,6044,6858,987,4   1493,580,10,4723,5897,429,5   918,642,29,5619,8195,1244,1   320,576,23,6162,8208,987,1   851,720,19,2506,4254,815,2   437,347,18,5559,6609,772,3   1773,549,8,6884,7694,343,5   587,656,18,0,1386,772,1   1318,469,25,1001,3117,1073,4   1086,232,6,5956,6446,257,2   959,214,19,6048,7912,815,4   359,442,5,3691,4125,215,1   702,558,21,6092,7724,901,3   1732,412,22,880,2732,944,2   809,732,25,1878,2794,1073,4   1590,695,8,2479,3027,343,5   649,476,11,5090,6136,472,5   1725,509,24,5171,6955,1030,4   552,397,18,7272,8386,772,4   1414,63,24,1116,2766,1030,5   1994,533,3,7231,7431,129,1   453,407,9,3015,3717,386,3   1327,714,27,5626,7618,1159,1   1354,537,18,4168,5986,772,1   1919,563,3,4313,4561,129,3   416,212,17,4785,6345,729,3   1372,201,23,1711,4043,987,5   1665,798,28,930,3032,1202,1   1051,387,24,0,2555,1030,1
!----------------------------------------------------------------
!Recharge stations: x,y
300,0   1002,917   103,601   426,696   614,98   1498,536   1333,640   1301,579   1751,599   1842,499   1007,805   1591,542   917,770   1495,365   101,677   925,760   1295,746   499,651   511,538   1266,703   804,818   170,509   979,253   171,427   253,647

g inverse recharge rate 0.68
