!----------------------------------------------------------------
!Stores: (first: depot x,y; then: satellites x,y,maxCap)
300,0   14,516,1000   900,857,1000   226,729,1000   1523,387,1000
!----------------------------------------------------------------
!Trucks: (total#, cap, cost/dist, fixcost)
2,181,1,128   2,250,1,150   2,331,1,172
!----------------------------------------------------------------
!CityFreighters: (max cf/sat, total#, cap, cost/dist, fixcost, maxCharge, energyConsumption)
3,3,90,1,68,578,1   4,4,125,1,80,800,1   3,3,165,1,92,1058,1
!----------------------------------------------------------------
!Customers: (x, y, demand, readyTime, dueDate, serviceTime, penalizationCost)
1319,462,5,3822,4356,231,5   1081,616,7,7281,7979,324,3   450,560,7,3920,4614,324,2   744,686,25,1096,3134,1156,5   227,439,18,3899,4997,833,3   1544,529,20,3121,4779,925,1   1075,473,18,2650,3996,833,2   1297,233,19,4828,6628,879,5   904,687,29,4037,7203,1341,3   643,611,27,5131,8209,1249,5   1565,665,29,571,2749,1341,1   1065,333,29,4742,7860,1341,4   1500,324,11,3008,4020,509,3   1432,354,22,4396,6416,1018,4   853,713,19,2773,4719,879,5   302,509,13,649,1331,601,2   1286,463,28,2757,5373,1295,4   981,764,6,5725,6287,278,1   211,508,22,2808,4594,1018,1   1151,357,4,2772,3156,185,2   780,320,5,3504,3776,231,3   1193,762,21,5602,7416,971,4   1067,379,8,7126,8072,370,4   282,420,18,4105,6013,833,1   469,601,3,2317,2657,139,3   1506,342,19,5773,7639,879,1   1686,616,7,3130,3822,324,4   1629,594,7,1868,2388,324,5   1703,469,9,2402,3104,416,4   1456,503,7,2261,2931,324,1   1129,307,8,2919,3761,370,4   1160,338,15,6500,8382,694,2   361,615,15,6349,7127,694,1   1119,208,16,1067,2251,740,1   412,308,11,3964,4848,509,1   1528,661,5,4327,4731,231,1   1697,511,18,5385,7169,833,5   1184,516,3,1756,1986,139,1   1284,408,22,5423,7071,1018,3   1645,510,27,608,2646,1249,4   1502,365,9,1027,1889,416,1   200,285,12,1458,2604,555,2   1168,618,5,5224,5626,231,5   1228,143,27,3229,5195,1249,1   887,54,19,6137,8027,879,5   934,389,18,1134,2490,833,5   118,716,4,2689,3075,185,2   1557,122,26,2766,5424,1203,2   1865,539,5,4927,5345,231,3   0,500,7,5290,5998,324,2
!----------------------------------------------------------------
!Recharge stations: x,y
300,0   14,516   900,857   226,729   1523,387   1473,232   516,325   1556,602   321,460   1133,641   162,451   212,453   1307,759   289,677   766,685   600,305   832,269   336,217   247,557   405,277   1381,107   1851,680   1374,251   806,514   199,418

g inverse recharge rate 0.93
