!----------------------------------------------------------------
!Stores: (first: depot x,y; then: satellites x,y,maxCap)
300,0   1258,707,1000   742,378,1000   174,458,1000   1537,247,1000
!----------------------------------------------------------------
!Trucks: (total#, cap, cost/dist, fixcost)
2,181,1,128   2,250,1,150   2,331,1,172
!----------------------------------------------------------------
!CityFreighters: (max cf/sat, total#, cap, cost/dist, fixcost, maxCharge, energyConsumption)
3,3,90,1,68,795,1   4,4,125,1,80,1100,1   3,3,165,1,92,1455,1
!----------------------------------------------------------------
!Customers: (x, y, demand, readyTime, dueDate, serviceTime, penalizationCost)
1078,257,15,2732,3404,480,1   918,628,27,1855,3309,865,2   381,345,29,4202,5232,929,3   816,329,22,2441,3989,705,2   799,696,8,3083,3627,256,3   423,464,10,1048,1596,320,5   1346,338,25,2230,3622,801,1   844,755,4,4680,4886,128,4   1010,342,6,963,1305,192,3   825,749,29,1584,3354,929,4   873,553,22,1670,3288,705,2   1364,513,29,673,2391,929,5   582,247,10,3385,4109,320,2   202,518,18,691,1979,576,3   919,267,22,241,1185,705,5   1686,510,4,3010,3256,128,5   1105,394,23,1419,2735,737,5   569,729,20,1487,2923,641,2   660,568,20,1818,3336,641,1   1089,463,7,807,1203,224,4   489,348,24,4859,6383,769,3   644,327,9,2865,3385,288,1   517,331,4,5268,5512,128,2   420,358,16,4215,5121,512,5   1669,384,22,821,2201,705,2   394,671,10,1248,1716,320,3   1266,371,26,3248,5434,833,2   1260,399,28,3789,5505,897,2   1148,529,24,2809,4593,769,1   1161,311,13,1147,2141,416,3   1216,736,4,5668,5940,128,4   1065,715,5,3162,3456,160,4   1540,609,23,974,2690,737,4   543,522,6,3135,3563,192,2   567,444,13,1418,2428,416,1   904,516,22,1369,2665,705,5   1716,406,6,3245,3625,192,1   460,677,18,2517,3959,576,5   1277,456,22,4341,5771,705,3   921,466,12,4795,5581,384,4   1801,385,27,2912,4448,865,4   197,438,21,3982,5596,673,3   1520,513,12,2670,3502,384,1   866,783,25,869,2337,801,3   939,892,22,1018,2062,705,1   1033,424,29,4139,5113,929,3   535,761,10,5138,5676,320,3   1986,442,10,1614,2174,320,2   664,627,3,3053,3243,96,4   1583,153,25,1424,3368,801,1
!----------------------------------------------------------------
!Recharge stations: x,y
300,0   1258,707   742,378   174,458   1537,247   934,581   1805,572   524,736   1767,528   1779,612   1046,238   1769,517   1339,698   824,700   762,402   1424,448   996,706   1842,529   555,586   1101,584   787,361   1107,409   1572,359   889,355   1722,382

g inverse recharge rate 0.54
