!----------------------------------------------------------------
!Stores: (first: depot x,y; then: satellites x,y,maxCap)
300,0   1982,476,1000   985,805,1000   1474,624,1000   1117,188,1000
!----------------------------------------------------------------
!Trucks: (total#, cap, cost/dist, fixcost)
2,181,1,128   2,250,1,150   2,331,1,172
!----------------------------------------------------------------
!CityFreighters: (max cf/sat, total#, cap, cost/dist, fixcost, maxCharge, energyConsumption)
3,3,90,1,68,939,1   4,4,125,1,80,1300,1   3,3,165,1,92,1719,1
!----------------------------------------------------------------
!Customers: (x, y, demand, readyTime, dueDate, serviceTime, penalizationCost)
615,600,27,1392,3552,1042,3   1511,329,23,1288,3104,888,2   1782,526,8,3397,4051,309,3   509,649,9,4496,5210,347,1   450,391,4,6006,6408,154,3   1103,297,6,1633,2079,232,2   1090,759,8,5625,6287,309,2   1777,471,16,4262,5366,617,3   503,585,9,1353,1999,347,2   991,253,27,2410,5010,1042,3   236,534,13,2964,4144,502,2   1027,793,24,5350,7452,926,4   1206,221,6,4967,5477,232,1   1774,556,7,3395,4009,270,3   500,471,22,5028,6732,849,2   220,533,17,2345,4113,656,5   270,402,22,3820,5436,849,1   370,540,17,4855,6519,656,4   248,532,7,1507,2131,270,5   1473,452,19,4218,5548,733,3   1005,700,6,3514,4002,232,5   1218,251,4,2506,2774,154,1   1461,480,29,2020,3782,1119,2   729,658,4,744,1132,154,5   1377,537,25,3069,5309,965,4   1747,396,8,4999,5685,309,1   524,662,7,2090,2716,270,5   490,273,19,4527,5545,733,3   217,544,6,5190,5602,232,3   445,318,24,2331,3955,926,4   1401,748,23,4081,5585,888,5   858,647,16,1424,2132,617,5   1700,356,25,1751,3759,965,5   1207,342,12,2261,3491,463,4   924,339,5,2163,2549,193,3   1074,619,25,2565,4993,965,4   1391,295,26,5221,7559,1003,5   789,284,18,83,1693,695,1   884,539,16,4992,6248,617,1   277,552,23,3645,5691,888,4   1234,712,29,71,2275,1119,4   1048,910,5,1582,2008,193,4   1718,576,27,5490,7388,1042,4   629,161,16,4568,5564,617,1   363,216,5,3867,4285,193,1   1205,170,29,3381,5295,1119,2   993,642,8,967,1473,309,4   1381,476,7,4559,5161,270,2   1648,835,20,2980,4952,772,4   1243,138,19,1311,2871,733,5
!----------------------------------------------------------------
!Recharge stations: x,y
300,0   1982,476   985,805   1474,624   1117,188   470,426   1269,663   687,469   521,365   1752,431   808,433   718,386   674,489   539,450   698,349   1401,422   1427,512   467,422   1207,579   91,480   1482,486   1531,472   1263,685   1496,216   586,610

g inverse recharge rate 0.51
