!----------------------------------------------------------------
!Stores: (first: depot x,y; then: satellites x,y,maxCap)
300,0   1653,568,1000   1871,320,1000   1234,686,1000   279,699,1000
!----------------------------------------------------------------
!Trucks: (total#, cap, cost/dist, fixcost)
2,181,1,128   2,250,1,150   2,331,1,172
!----------------------------------------------------------------
!CityFreighters: (max cf/sat, total#, cap, cost/dist, fixcost, maxCharge, energyConsumption)
3,3,90,1,68,1084,1   4,4,125,1,80,1500,1   3,3,165,1,92,1984,1
!----------------------------------------------------------------
!Customers: (x, y, demand, readyTime, dueDate, serviceTime, penalizationCost)
1227,755,3,2127,2289,111,2   1781,476,27,1513,3141,996,3   1051,385,9,3399,4199,332,3   366,540,25,3515,5313,922,1   801,289,7,2948,3436,258,3   1193,317,10,4192,4954,369,3   1060,468,29,992,3208,1070,1   982,744,6,3542,3970,221,2   590,349,21,3579,5125,775,5   679,272,25,4895,6969,922,4   810,399,7,4390,5040,258,5   977,713,16,0,1428,590,5   934,265,11,6211,6903,406,4   458,492,21,3905,4869,775,1   1554,663,27,5738,7430,996,4   460,405,13,4767,5723,480,4   1375,264,19,718,2212,701,2   784,295,7,6314,6704,258,2   1185,262,17,6406,7758,627,1   852,774,19,3400,4680,701,2   205,510,9,2640,3230,332,2   917,244,5,4123,4431,184,4   1339,726,18,893,2151,664,1   1557,371,24,4976,6300,885,2   1252,738,16,2144,3180,590,4   1173,621,29,1650,4320,1070,4   1636,352,28,5256,6878,1033,1   1435,523,26,4905,7013,959,3   441,334,8,2704,3222,295,5   237,572,3,5225,5447,111,5   321,577,12,4640,5434,443,1   1428,570,29,2982,5174,1070,3   1536,287,20,2596,3904,738,3   794,332,27,1576,3850,996,2   1623,523,29,0,1796,1070,5   203,497,12,5798,6848,443,5   461,697,25,2149,3587,922,1   439,477,10,2377,3279,369,3   1354,714,20,368,2042,738,3   1710,494,14,5543,6901,516,3   638,433,11,4865,5797,406,5   1594,622,25,4557,6503,922,1   1350,165,5,6815,7063,184,1   1664,507,10,2162,2718,369,3   695,739,14,2549,3183,516,2   1215,830,24,652,2286,885,3   1584,213,27,4036,6866,996,4   318,339,20,254,1966,738,3   1588,508,22,3108,4720,812,5   138,336,19,963,2649,701,2
!----------------------------------------------------------------
!Recharge stations: x,y
300,0   1653,568   1871,320   1234,686   279,699   661,466   1714,350   994,513   564,385   1804,498   949,186   1456,213   1683,691   740,798   1284,621   107,487   185,487   1486,215   1524,745   856,617   1515,676   1355,275   1007,173   1143,935   1282,788

g inverse recharge rate 0.46
