!----------------------------------------------------------------
!Stores: (first: depot x,y; then: satellites x,y,maxCap)
300,0   1056,693,1000   103,661,1000   114,485,1000   1304,808,1000
!----------------------------------------------------------------
!Trucks: (total#, cap, cost/dist, fixcost)
2,181,1,128   2,250,1,150   2,331,1,172
!----------------------------------------------------------------
!CityFreighters: (max cf/sat, total#, cap, cost/dist, fixcost, maxCharge, energyConsumption)
3,3,90,1,68,1084,1   4,4,125,1,80,1500,1   3,3,165,1,92,1984,1
!----------------------------------------------------------------
!Customers: (x, y, demand, readyTime, dueDate, serviceTime, penalizationCost)
1163,500,29,2854,4522,1042,3   1367,493,17,1011,2511,611,2   1485,607,26,4838,6476,934,1   1714,389,16,1598,2758,575,4   1141,670,10,3055,3755,359,3   342,564,29,3606,5486,1042,1   881,394,10,1994,2800,359,3   363,652,13,554,1362,467,1   1144,739,20,2192,3364,719,3   262,395,5,4020,4462,180,1   1289,387,5,615,1009,180,3   1060,256,28,3036,5490,1006,2   1137,712,4,570,884,144,3   877,554,6,4390,4916,216,4   387,602,17,3771,5161,611,2   499,280,28,5433,6633,1006,4   735,489,9,3941,4745,323,1   1138,223,5,947,1413,180,2   1773,517,24,4610,5554,862,3   463,646,22,1532,3504,791,4   225,513,28,5387,6985,1006,1   987,328,14,3444,4080,503,4   1718,618,10,3820,4628,359,4   527,297,15,5030,6120,539,1   1653,580,26,2671,5427,934,4   847,769,3,5265,5443,108,4   429,548,20,4106,5556,719,5   745,448,19,3713,5293,683,3   1593,500,3,1418,1632,108,3   469,718,18,3206,4790,647,5   1343,759,21,1045,2753,755,5   1460,507,4,4556,4804,144,4   1261,735,24,2488,3730,862,3   722,686,29,2411,3773,1042,5   1404,478,14,2747,3917,503,2   677,632,22,3001,4065,791,1   1007,383,4,4317,4709,144,5   461,675,26,1746,3024,934,2   1362,527,13,3016,3722,467,4   980,486,3,3129,3401,108,5   644,679,20,5270,6564,719,3   406,154,21,1594,3116,755,3   1111,292,15,3962,5164,539,3   367,807,6,4730,5150,216,2   285,608,27,1762,3550,970,2   849,557,29,1765,3241,1042,2   394,411,29,4941,6737,1042,1   637,836,17,4684,5694,611,1   462,155,6,6250,6646,216,5   334,751,11,5223,6143,395,2
!----------------------------------------------------------------
!Recharge stations: x,y
300,0   1056,693   103,661   114,485   1304,808   1615,737   1344,598   1012,905   103,417   1523,354   1299,814   158,541   567,722   1701,635   976,253   845,391   1608,700   459,496   1691,557   973,187   558,529   701,686   1708,812   514,389   271,327

g inverse recharge rate 0.43
