!----------------------------------------------------------------
!Stores: (first: depot x,y; then: satellites x,y,maxCap)
300,0   1002,917,1000   103,601,1000   426,696,1000   614,98,1000
!----------------------------------------------------------------
!Trucks: (total#, cap, cost/dist, fixcost)
2,181,1,128   2,250,1,150   2,331,1,172
!----------------------------------------------------------------
!CityFreighters: (max cf/sat, total#, cap, cost/dist, fixcost, maxCharge, energyConsumption)
3,3,90,1,68,867,1   4,4,125,1,80,1200,1   3,3,165,1,92,1587,1
!----------------------------------------------------------------
!Customers: (x, y, demand, readyTime, dueDate, serviceTime, penalizationCost)
1347,608,18,2927,4727,772,2   411,612,7,6194,6886,300,1   852,558,4,7986,8308,172,2   953,749,6,4962,5430,257,2   1328,600,27,4002,6450,1159,5   1203,628,12,2777,3985,515,5   1401,354,21,1426,4208,901,3   1587,324,13,1232,2568,558,4   1522,633,5,6300,6844,215,3   1253,424,10,1733,2613,429,4   1024,672,8,1361,1981,343,3   1337,743,13,6075,7191,558,2   940,357,5,6767,7159,215,4   1311,642,16,985,2507,687,1   1695,558,28,1394,5054,1202,4   585,586,19,4872,6534,815,4   1061,582,14,2297,3477,601,3   940,546,5,5082,5412,215,2   1386,509,26,5535,7885,1116,5   510,434,26,4574,7056,1116,2   1343,701,4,5981,6339,172,5   1721,609,23,5546,7408,987,4   1493,580,10,4767,5615,429,1   918,642,29,0,2496,1244,5   320,576,23,2655,4935,987,1   851,720,19,4649,6933,815,4   437,347,18,0,1298,772,1   1773,549,8,6499,7179,343,4   587,656,18,3076,4298,772,1   1318,469,25,5649,7587,1073,5   1086,232,6,5521,6033,257,4   959,214,19,5437,7189,815,4   359,442,5,2760,3134,215,2   702,558,21,543,2399,901,3   1732,412,22,4627,6533,944,3   809,732,25,1946,3858,1073,4   1590,695,8,3375,4227,343,4   649,476,11,644,1488,472,5   1725,509,24,2823,4247,1030,4   552,397,18,2718,5038,772,2   1414,63,24,1477,3619,1030,1   1994,533,3,7295,7491,129,3   453,407,9,2639,3337,386,5   1327,714,27,3369,5967,1159,2   1354,537,18,3890,5466,772,5   1919,563,3,1899,2125,129,1   416,212,17,1103,2485,729,4   1372,201,23,3336,4962,987,4   1665,798,28,64,2858,1202,5   1051,387,24,6004,8046,1030,2
!----------------------------------------------------------------
!Recharge stations: x,y
300,0   1002,917   103,601   426,696   614,98   1498,536   1333,640   1301,579   1751,599   1842,499   1007,805   1591,542   917,770   1495,365   101,677   925,760   1295,746   499,651   511,538   1266,703   804,818   170,509   979,253   171,427   253,647

g inverse recharge rate 0.62
