!----------------------------------------------------------------
!Stores: (first: depot x,y; then: satellites x,y,maxCap)
300,0   1314,650,1000   548,85,1000   70,356,1000   844,731,1000
!----------------------------------------------------------------
!Trucks: (total#, cap, cost/dist, fixcost)
2,181,1,128   2,250,1,150   2,331,1,172
!----------------------------------------------------------------
!CityFreighters: (max cf/sat, total#, cap, cost/dist, fixcost, maxCharge, energyConsumption)
3,3,90,1,68,867,1   4,4,125,1,80,1200,1   3,3,165,1,92,1587,1
!----------------------------------------------------------------
!Customers: (x, y, demand, readyTime, dueDate, serviceTime, penalizationCost)
1140,489,22,5023,6687,844,5   1210,344,10,2106,2822,384,2   283,552,7,1829,2411,269,3   1743,579,11,2898,3654,422,5   660,253,15,813,2031,575,5   808,679,4,7182,7518,153,1   288,610,3,3475,3705,115,3   1320,570,10,3757,4385,384,4   984,331,29,0,2092,1112,5   1198,680,17,602,2016,652,1   1390,344,18,1383,2399,691,2   1427,604,7,2782,3370,269,3   1264,777,19,2819,4315,729,3   1192,450,16,3595,4599,614,5   1350,439,21,3950,5590,806,2   890,676,22,1833,3115,844,4   1265,750,17,1212,2566,652,2   1488,311,23,2965,4779,882,4   1676,533,17,1017,2413,652,4   232,547,26,1923,4121,997,4   1548,424,16,4458,5518,614,3   1087,469,19,631,2717,729,4   577,324,11,5439,6119,422,3   200,500,25,4693,7189,959,1   1621,484,11,2641,3595,422,4   1585,514,27,1386,3538,1036,4   457,347,10,348,960,384,2   1507,592,12,3779,4417,460,4   316,368,13,1234,2332,499,4   512,602,9,2728,3202,345,4   1445,645,28,1453,3015,1074,1   805,561,5,3669,4117,192,4   342,511,23,1795,3263,882,1   1639,556,18,599,2077,691,1   825,343,7,5400,5774,269,2   1751,499,18,4627,5433,691,1   1684,637,18,4207,6217,691,3   1472,666,8,1174,1590,307,5   1094,424,11,3956,4860,422,5   1701,426,18,2919,4053,691,1   1345,660,19,65,2151,729,3   878,16,28,1357,3383,1074,1   216,792,7,5653,6013,269,2   961,798,21,562,2172,806,3   1184,801,12,1649,2521,460,3   1274,186,22,2775,4211,844,3   928,905,19,1039,2417,729,5   1061,989,25,2128,3860,959,5   474,471,11,5165,5791,422,5   248,292,11,613,1421,422,4
!----------------------------------------------------------------
!Recharge stations: x,y
300,0   1314,650   548,85   70,356   844,731   273,357   372,710   1529,261   1270,389   655,302   1674,380   1396,767   244,452   1523,709   426,287   921,702   861,575   1356,580   529,269   122,368   690,624   750,182   364,612   1301,231   417,330

g inverse recharge rate 0.56
