!----------------------------------------------------------------
!Stores: (first: depot x,y; then: satellites x,y,maxCap)
300,0   14,516,1000   900,857,1000   226,729,1000   1523,387,1000
!----------------------------------------------------------------
!Trucks: (total#, cap, cost/dist, fixcost)
2,181,1,128   2,250,1,150   2,331,1,172
!----------------------------------------------------------------
!CityFreighters: (max cf/sat, total#, cap, cost/dist, fixcost, maxCharge, energyConsumption)
3,3,90,1,68,1011,1   4,4,125,1,80,1400,1   3,3,165,1,92,1851,1
!----------------------------------------------------------------
!Customers: (x, y, demand, readyTime, dueDate, serviceTime, penalizationCost)
1319,462,5,6780,7336,231,5   1081,616,7,7432,8146,324,5   450,560,7,7665,8343,324,3   744,686,25,3903,6287,1156,1   227,439,18,3256,4956,833,5   1544,529,20,5789,7915,925,4   1075,473,18,1677,3351,833,5   1297,233,19,244,1910,879,5   904,687,29,615,2745,1341,5   643,611,27,338,2910,1249,1   1565,665,29,1874,4058,1341,4   1065,333,29,443,3453,1341,1   1500,324,11,4988,5744,509,1   1432,354,22,1298,3228,1018,1   853,713,19,5926,7962,879,1   302,509,13,1081,3009,601,3   1286,463,28,3674,6258,1295,4   981,764,6,6191,6737,278,1   211,508,22,1040,2774,1018,3   1151,357,4,4991,5445,185,2   780,320,5,6110,6678,231,2   1193,762,21,2754,4740,971,3   1067,379,8,880,1858,370,2   282,420,18,3496,4766,833,3   469,601,3,6702,6972,139,4   1506,342,19,3767,5489,879,1   1686,616,7,5204,5976,324,4   1629,594,7,4888,5438,324,4   1703,469,9,7021,7869,416,5   1456,503,7,5911,6745,324,2   1129,307,8,4141,4503,370,1   1160,338,15,321,1613,694,4   361,615,15,134,1310,694,1   1119,208,16,701,2341,740,4   412,308,11,5784,6934,509,5   1528,661,5,2710,3278,231,2   1697,511,18,5676,7350,833,5   1184,516,3,2563,2881,139,4   1284,408,22,2828,4796,1018,3   1645,510,27,4405,7157,1249,3   1502,365,9,772,1650,416,3   200,285,12,3170,3980,555,2   1168,618,5,7337,7821,231,4   1228,143,27,3387,5075,1249,2   887,54,19,1699,3037,879,5   934,389,18,2249,4105,833,2   118,716,4,3872,4170,185,4   1557,122,26,874,2682,1203,1   1865,539,5,1488,1788,231,1   0,500,7,1328,1846,324,5
!----------------------------------------------------------------
!Recharge stations: x,y
300,0   14,516   900,857   226,729   1523,387   1473,232   516,325   1556,602   321,460   1133,641   162,451   212,453   1307,759   289,677   766,685   600,305   832,269   336,217   247,557   405,277   1381,107   1851,680   1374,251   806,514   199,418

g inverse recharge rate 0.53
