!----------------------------------------------------------------
!Stores: (first: depot x,y; then: satellites x,y,maxCap)
300,0   674,747,1000   1212,82,1000   1820,396,1000   146,610,1000
!----------------------------------------------------------------
!Trucks: (total#, cap, cost/dist, fixcost)
2,181,1,128   2,250,1,150   2,331,1,172
!----------------------------------------------------------------
!CityFreighters: (max cf/sat, total#, cap, cost/dist, fixcost, maxCharge, energyConsumption)
3,3,90,1,68,722,1   4,4,125,1,80,1000,1   3,3,165,1,92,1322,1
!----------------------------------------------------------------
!Customers: (x, y, demand, readyTime, dueDate, serviceTime, penalizationCost)
780,646,22,0,1797,802,2   711,230,24,1888,3596,874,3   573,491,16,6146,7302,583,3   466,713,9,3097,3593,328,5   580,515,15,6124,7304,547,4   785,684,29,302,2138,1057,5   1798,482,16,1223,2705,583,3   1254,401,11,6382,7168,401,4   1267,503,24,4785,6467,874,5   1692,387,19,1313,2901,692,3   1346,517,24,2122,3918,874,2   1640,434,7,3139,3829,255,1   952,712,29,3259,5219,1057,5   300,610,19,3471,4673,692,2   735,309,5,3307,3649,182,5   1201,417,19,89,1559,692,3   912,561,22,3549,4891,802,3   682,725,16,4159,5167,583,2   556,373,21,2241,3901,765,5   437,502,15,1196,2146,547,5   1244,258,8,1721,2291,291,5   346,373,24,547,2173,874,4   1686,512,24,2802,4748,874,5   1612,372,12,6843,7411,437,2   1369,252,28,1719,2917,1020,5   869,647,3,5860,6170,109,3   1517,668,12,5609,6043,437,1   875,666,6,2049,2507,219,1   421,332,19,993,2157,692,4   1487,492,10,6149,6861,364,1   734,421,8,5500,5916,291,3   555,624,25,0,1572,911,4   1791,481,20,5395,7077,729,5   1089,427,3,4516,4752,109,2   1529,435,24,4410,5906,874,1   320,416,21,5952,7636,765,2   1670,625,8,2431,2871,291,4   512,609,22,3529,5229,802,2   1644,378,28,5586,7618,1020,2   1538,497,23,3088,4380,838,1   1697,615,20,2411,4011,729,5   106,330,22,2542,3968,802,2   1565,227,18,874,2352,656,4   607,835,17,385,1167,619,2   1837,538,13,6370,7472,474,2   1511,654,22,1194,3096,802,3   988,57,7,4041,4555,255,3   1437,655,29,4501,6043,1057,1   833,230,18,4237,5529,656,2   741,20,25,5203,7077,911,1
!----------------------------------------------------------------
!Recharge stations: x,y
300,0   674,747   1212,82   1820,396   146,610   594,208   900,186   1024,417   1145,426   1792,477   576,776   239,630   1713,323   1471,501   1667,668   355,687   236,202   588,459   1324,526   153,521   239,502   1273,594   965,466   350,401   1270,734

g inverse recharge rate 0.7
