!----------------------------------------------------------------
!Stores: (first: depot x,y; then: satellites x,y,maxCap)
300,0   941,202,1000   764,856,1000   989,385,1000   706,294,1000
!----------------------------------------------------------------
!Trucks: (total#, cap, cost/dist, fixcost)
2,181,1,128   2,250,1,150   2,331,1,172
!----------------------------------------------------------------
!CityFreighters: (max cf/sat, total#, cap, cost/dist, fixcost, maxCharge, energyConsumption)
3,3,90,1,68,1084,1   4,4,125,1,80,1500,1   3,3,165,1,92,1984,1
!----------------------------------------------------------------
!Customers: (x, y, demand, readyTime, dueDate, serviceTime, penalizationCost)
395,389,21,2237,3417,568,3   1351,406,17,550,1544,459,3   811,620,26,3716,5112,703,3   1558,318,7,2138,2532,189,2   1093,597,25,392,2150,676,1   1670,525,9,1129,1613,243,4   1364,741,27,574,1648,730,5   1108,353,6,4124,4506,162,2   811,277,23,1292,2536,622,3   570,613,13,4209,5079,351,4   695,289,23,2992,4376,622,5   617,241,8,2656,3084,216,5   1471,373,12,1648,2180,324,2   846,746,4,2520,2750,108,2   486,281,19,1104,2122,513,4   1423,306,24,1151,2177,649,4   1317,658,22,1818,3224,595,4   1613,640,25,3309,4431,676,2   1043,609,14,587,1385,378,4   482,401,15,2731,3393,405,2   1375,313,14,4458,5320,378,4   1698,587,27,749,2449,730,2   1425,250,7,2127,2455,189,3   1435,294,7,2441,2799,189,3   910,429,16,2823,3415,432,4   726,695,9,123,693,243,4   467,338,3,4146,4378,81,3   277,487,18,1280,2330,486,5   1079,513,15,1280,2264,405,3   341,514,12,1767,2349,324,3   875,338,16,4235,5205,432,1   331,498,15,454,1002,405,2   314,395,15,4297,5181,405,2   616,561,23,1822,3014,622,1   907,722,27,2533,4101,730,2   855,247,21,3517,4531,568,5   1116,540,27,3461,4991,730,4   1531,429,10,4616,5056,270,3   582,522,10,1426,1938,270,2   628,409,11,1952,2472,297,2   1717,715,8,2353,2763,216,2   336,142,27,423,1891,730,1   1495,602,12,3361,3969,324,2   1059,62,13,2110,3004,351,5   1114,692,21,2924,4134,568,3   673,414,26,3743,4615,703,4   527,885,11,511,1155,297,1   1841,629,20,1561,2585,540,3   1315,472,23,1652,3334,622,5   465,222,19,3131,3891,513,1
!----------------------------------------------------------------
!Recharge stations: x,y
300,0   941,202   764,856   989,385   706,294   1527,333   1472,253   261,554   532,279   384,280   947,742   1506,457   263,387   511,644   238,352   662,615   188,567   1827,519   1644,482   905,333   725,649   566,473   1323,721   725,650   116,684

g inverse recharge rate 0.33
