!----------------------------------------------------------------
!Stores: (first: depot x,y; then: satellites x,y,maxCap)
300,0   202,728,1000   890,151,1000   513,786,1000   1784,582,1000
!----------------------------------------------------------------
!Trucks: (total#, cap, cost/dist, fixcost)
2,181,1,128   2,250,1,150   2,331,1,172
!----------------------------------------------------------------
!CityFreighters: (max cf/sat, total#, cap, cost/dist, fixcost, maxCharge, energyConsumption)
3,3,90,1,68,722,1   4,4,125,1,80,1000,1   3,3,165,1,92,1322,1
!----------------------------------------------------------------
!Customers: (x, y, demand, readyTime, dueDate, serviceTime, penalizationCost)
1750,415,9,5625,6275,325,4   841,486,16,4604,5850,577,4   899,411,18,1246,2136,650,5   388,556,12,5182,6140,433,2   393,583,29,4760,6916,1046,5   839,230,24,4097,6501,866,5   643,498,20,5922,7376,722,3   337,493,29,3506,5498,1046,1   999,763,12,2750,3692,433,3   1500,311,15,1792,3004,541,1   963,247,4,6284,6592,144,5   798,280,29,4429,6173,1046,3   577,520,6,2548,2766,217,1   1797,503,9,4274,4890,325,4   677,431,16,793,1547,577,1   824,704,7,5514,5958,253,3   459,457,24,5449,7337,866,1   1114,683,29,5383,7149,1046,2   619,594,18,5767,7477,650,2   1160,259,7,4312,4866,253,2   1047,255,26,2562,4844,938,5   343,365,6,1260,1658,217,4   441,433,9,5478,6066,325,2   473,433,12,5886,6878,433,3   407,687,26,0,2124,938,3   790,432,16,5652,6642,577,4   1297,414,19,5054,6062,686,2   405,375,3,6686,6836,108,1   1439,389,25,0,1739,902,4   594,417,9,2692,3330,325,5   341,609,23,1344,2846,830,4   775,660,11,5035,5989,397,1   352,634,22,4794,6554,794,4   357,638,10,358,1172,361,4   1159,427,3,6755,6999,108,2   281,607,27,1118,2720,974,1   1068,421,25,4737,6805,902,2   905,634,14,5815,6791,505,4   1419,319,20,2913,4863,722,5   1686,485,28,1527,3381,1010,5   944,857,27,3861,6105,974,2   1666,342,10,5981,6733,361,5   1434,829,9,2753,3261,325,1   1057,640,13,4723,5675,469,3   364,687,25,4607,6357,902,5   409,496,20,775,1871,722,2   1720,468,29,2477,4895,1046,4   1379,702,24,159,2143,866,2   1772,212,16,3582,4258,577,4   1585,896,7,5460,6086,253,3
!----------------------------------------------------------------
!Recharge stations: x,y
300,0   202,728   890,151   513,786   1784,582   448,468   986,218   351,644   341,622   717,273   826,244   365,552   746,715   636,773   1015,235   1683,331   143,585   1643,462   660,516   260,418   461,471   450,654   1756,444   260,623   1744,579

g inverse recharge rate 0.67
