!----------------------------------------------------------------
!Stores: (first: depot x,y; then: satellites x,y,maxCap)
300,0   737,750,1000   1403,735,1000   1207,746,1000   214,536,1000
!----------------------------------------------------------------
!Trucks: (total#, cap, cost/dist, fixcost)
2,181,1,128   2,250,1,150   2,331,1,172
!----------------------------------------------------------------
!CityFreighters: (max cf/sat, total#, cap, cost/dist, fixcost, maxCharge, energyConsumption)
3,3,90,1,68,867,1   4,4,125,1,80,1200,1   3,3,165,1,92,1587,1
!----------------------------------------------------------------
!Customers: (x, y, demand, readyTime, dueDate, serviceTime, penalizationCost)
381,672,25,4536,6228,848,3   235,448,15,548,1596,509,1   1527,689,11,486,1358,373,2   991,692,10,2651,3305,339,4   1381,463,24,1519,3485,815,5   1331,325,10,594,1254,339,5   280,463,3,2063,2267,102,3   1649,482,20,3518,5026,679,3   1251,279,18,3989,4819,611,3   772,424,19,2108,3258,645,3   601,399,5,3677,4013,170,3   826,529,15,3907,5509,509,3   530,700,4,5479,5761,136,5   1347,369,20,2264,3458,679,3   358,653,26,2488,3892,882,2   1456,310,20,2531,4227,679,1   432,545,11,2803,3595,373,5   308,637,10,5281,6025,339,4   715,262,27,3430,5244,916,2   870,441,5,6036,6302,170,4   1624,425,17,176,1594,577,3   253,551,5,2379,2773,170,5   630,527,19,4841,5995,645,2   1106,459,12,5292,5926,407,1   968,772,26,1049,2009,882,1   993,689,13,5187,6219,441,1   242,444,28,1612,3582,950,1   1479,590,20,468,2008,679,1   1436,406,20,3555,5115,679,1   516,737,26,3032,4898,882,5   1581,667,26,608,2542,882,1   1019,358,16,4951,5857,543,5   1616,672,13,1480,2212,441,1   557,378,18,1937,3209,611,3   1394,537,22,1617,2829,747,3   1601,345,21,1769,3369,713,3   769,350,14,5497,6173,475,2   1790,485,17,1989,3211,577,1   814,743,26,3181,4769,882,1   399,364,29,693,2667,984,3   835,490,8,4659,5175,272,5   533,911,20,1172,2816,679,3   630,548,10,4964,5594,339,2   1296,446,14,574,1410,475,5   1428,556,6,5258,5688,204,4   278,269,6,1650,2164,204,5   646,530,3,3445,3725,102,4   1658,532,14,961,2023,475,3   470,622,19,1504,2306,645,2   1838,751,9,3935,4573,305,1
!----------------------------------------------------------------
!Recharge stations: x,y
300,0   737,750   1403,735   1207,746   214,536   1130,505   1578,314   1186,382   970,162   665,917   1713,789   37,542   1171,701   275,335   1325,207   585,786   855,801   517,331   1820,216   1356,325   756,278   383,615   1193,217   485,339   559,431

g inverse recharge rate 0.49
