!----------------------------------------------------------------
!Stores: (first: depot x,y; then: satellites x,y,maxCap)
300,0   1301,770,1000   254,805,1000   1042,125,1000   1949,604,1000
!----------------------------------------------------------------
!Trucks: (total#, cap, cost/dist, fixcost)
2,181,1,128   2,250,1,150   2,331,1,172
!----------------------------------------------------------------
!CityFreighters: (max cf/sat, total#, cap, cost/dist, fixcost, maxCharge, energyConsumption)
3,3,90,1,68,1228,1   4,4,125,1,80,1700,1   3,3,165,1,92,2248,1
!----------------------------------------------------------------
!Customers: (x, y, demand, readyTime, dueDate, serviceTime, penalizationCost)
629,336,12,2693,3909,496,2   460,387,11,5085,6033,455,5   1688,429,16,4275,5893,662,1   1449,542,25,1326,3922,1034,5   1029,651,18,1097,2839,745,1   747,647,19,621,2529,786,3   944,670,19,944,2546,786,5   459,321,9,6204,6914,372,2   748,672,13,292,1758,538,3   1734,562,20,667,2355,827,1   1006,523,10,899,1491,414,5   1115,344,26,2442,4614,1075,4   525,572,20,1414,3320,827,1   1099,637,15,5794,7208,620,4   1733,426,29,185,1699,1200,3   1239,422,13,5264,6426,538,5   1582,312,21,2135,4273,869,5   1221,729,21,5097,6367,869,3   649,668,28,4650,6578,1158,1   1435,250,6,3849,4337,248,3   371,320,9,2828,3906,372,3   610,490,11,2243,3423,455,2   752,225,18,5038,6610,745,1   1763,453,14,3106,4252,579,4   865,652,6,2297,2745,248,5   749,601,9,4066,5008,372,3   397,456,7,4133,4921,290,3   716,621,10,4756,5586,414,4   1500,608,12,4138,4824,496,4   851,771,22,1030,2160,910,2   1686,622,13,2814,3668,538,5   1555,455,11,3330,4220,455,5   680,485,6,3637,4145,248,4   1377,463,6,1754,2178,248,5   1630,501,6,2005,2537,248,1   1619,511,20,2830,4420,827,5   1578,620,11,2958,3678,455,1   387,409,15,591,1449,620,1   859,326,16,5968,7000,662,2   586,446,8,4645,5295,331,4   1582,357,9,2187,2791,372,3   814,501,29,3443,5461,1200,3   1113,156,28,2149,4317,1158,2   1276,752,24,3751,7073,993,2   1706,620,19,0,2060,786,3   1741,645,14,606,1846,579,5   1451,629,15,5422,6816,620,3   1925,391,14,1759,3145,579,1   1433,513,6,2530,2996,248,2   1047,330,18,5517,7203,745,3
!----------------------------------------------------------------
!Recharge stations: x,y
300,0   1301,770   254,805   1042,125   1949,604   786,558   961,757   592,546   1796,454   1828,482   282,366   306,487   1226,891   1253,280   420,427   1251,482   1168,320   1721,411   990,186   1576,561   495,385   1383,371   615,242   587,320   238,365

g inverse recharge rate 0.4
