!----------------------------------------------------------------
!Stores: (first: depot x,y; then: satellites x,y,maxCap)
300,0   1104,923,1000   265,570,1000   1281,290,1000   997,241,1000
!----------------------------------------------------------------
!Trucks: (total#, cap, cost/dist, fixcost)
2,181,1,128   2,250,1,150   2,331,1,172
!----------------------------------------------------------------
!CityFreighters: (max cf/sat, total#, cap, cost/dist, fixcost, maxCharge, energyConsumption)
3,3,90,1,68,722,1   4,4,125,1,80,1000,1   3,3,165,1,92,1322,1
!----------------------------------------------------------------
!Customers: (x, y, demand, readyTime, dueDate, serviceTime, penalizationCost)
1080,593,8,1984,2490,272,3   1753,528,17,3753,4545,578,4   445,400,22,2977,4247,748,4   812,373,17,669,1769,578,5   1472,533,8,1654,2020,272,4   533,449,11,1252,1922,374,4   1500,396,28,40,1990,951,5   783,520,8,4707,5175,272,3   447,670,25,2422,4052,849,1   1673,643,11,3858,4650,374,5   295,397,24,354,2642,815,2   674,443,18,3443,4243,612,2   293,545,25,4060,5852,849,5   941,487,4,6216,6430,136,4   1501,317,16,835,1693,544,2   1263,474,8,2277,2629,272,4   1796,478,13,5407,6255,442,3   219,495,6,4426,4804,204,3   352,509,19,1653,2987,646,1   1628,651,7,954,1518,238,2   1419,708,29,4340,6656,985,2   1547,410,3,1140,1296,102,1   688,719,13,2768,3734,442,1   244,550,27,3829,5069,917,4   1548,575,8,3509,4171,272,2   1494,578,22,1663,3081,748,3   1582,371,13,1557,2527,442,4   1183,560,28,561,2399,951,3   1142,241,24,1739,3817,815,3   1203,670,19,4046,6028,646,1   1177,440,12,591,1475,408,4   549,720,22,926,2404,748,1   1499,389,22,1503,3091,748,3   1019,209,10,3528,4314,340,2   1299,607,28,2370,4450,951,5   1198,224,16,1861,2653,544,5   1770,470,19,678,1476,646,1   1127,515,22,2547,3621,748,5   603,584,8,1061,1651,272,1   1027,603,15,142,1164,510,4   1772,355,3,2993,3177,102,5   744,204,11,377,1215,374,5   1723,488,5,1957,2333,170,3   933,674,23,2007,3621,781,4   1154,645,17,3008,4142,578,1   1093,727,27,3043,4751,917,4   1683,195,24,1160,2588,815,4   220,563,6,5900,6288,204,1   1524,784,22,2513,3875,748,5   1407,661,7,3864,4252,238,2
!----------------------------------------------------------------
!Recharge stations: x,y
300,0   1104,923   265,570   1281,290   997,241   1508,355   1486,550   368,875   1766,541   1717,671   1244,246   1438,333   1269,613   1833,520   535,532   1338,766   189,400   1131,503   554,230   374,386   1411,747   282,613   789,370   457,537   1796,516

g inverse recharge rate 0.6
