!----------------------------------------------------------------
!Stores: (first: depot x,y; then: satellites x,y,maxCap)
300,0   1913,443,1000   1219,926,1000   608,792,1000   1816,280,1000
!----------------------------------------------------------------
!Trucks: (total#, cap, cost/dist, fixcost)
2,181,1,128   2,250,1,150   2,331,1,172
!----------------------------------------------------------------
!CityFreighters: (max cf/sat, total#, cap, cost/dist, fixcost, maxCharge, energyConsumption)
3,3,90,1,68,795,1   4,4,125,1,80,1100,1   3,3,165,1,92,1455,1
!----------------------------------------------------------------
!Customers: (x, y, demand, readyTime, dueDate, serviceTime, penalizationCost)
623,450,10,1835,2419,415,4   281,390,29,2078,4662,1203,3   884,287,9,2385,3159,373,3   1629,573,29,3314,5978,1203,1   974,731,8,834,1478,332,1   529,469,12,3380,4370,498,4   1551,495,8,649,1331,332,3   1351,754,3,3643,3945,124,3   602,631,10,3201,3691,415,3   898,367,3,4406,4630,124,5   1699,559,21,4900,6384,871,3   378,609,17,4694,6424,705,5   370,498,3,3919,4149,124,5   469,445,17,4581,5855,705,3   1184,511,12,5723,6555,498,3   495,516,8,2812,3714,332,3   1495,720,6,4731,5103,249,4   530,438,28,4621,7163,1161,2   981,779,7,6040,6642,290,5   510,736,25,1504,3310,1037,4   361,612,10,2196,3080,415,3   1250,678,25,562,2840,1037,4   756,555,10,1286,2218,415,5   800,283,3,6475,6627,124,2   490,577,16,6162,7394,664,2   461,372,20,2518,3806,830,4   654,765,15,1555,2459,622,5   1709,537,25,2282,3906,1037,4   440,471,27,3276,6044,1120,4   571,333,21,1406,3164,871,3   1234,454,25,4075,5815,1037,1   1631,401,20,4138,6424,830,1   598,321,13,3020,3726,539,1   1653,656,20,1795,3589,830,2   913,741,8,3753,4345,332,5   1356,482,28,5108,7270,1161,5   1699,452,29,82,2960,1203,3   484,331,9,3477,4211,373,5   1148,231,7,663,1425,290,5   1454,444,24,2319,4969,996,2   1784,634,11,5347,6147,456,2   1304,192,12,2550,3430,498,5   1100,315,12,2820,3418,498,5   1382,546,17,3735,4971,705,1   1638,743,29,4502,7034,1203,3   633,80,29,3050,5750,1203,2   1600,703,24,2005,3741,996,3   1675,196,3,4922,5204,124,4   1892,642,20,6082,7820,830,4   1161,242,23,2821,4523,954,5
!----------------------------------------------------------------
!Recharge stations: x,y
300,0   1913,443   1219,926   608,792   1816,280   1120,355   857,292   1951,593   934,802   1543,499   446,556   1631,279   618,418   876,562   1684,653   179,492   1561,414   220,579   881,173   364,870   1589,151   1300,690   1699,338   1107,831   125,616

g inverse recharge rate 0.66
