!----------------------------------------------------------------
!Stores: (first: depot x,y; then: satellites x,y,maxCap)
300,0   1659,775,1000   808,901,1000   1591,509,1000   392,464,1000
!----------------------------------------------------------------
!Trucks: (total#, cap, cost/dist, fixcost)
2,181,1,128   2,250,1,150   2,331,1,172
!----------------------------------------------------------------
!CityFreighters: (max cf/sat, total#, cap, cost/dist, fixcost, maxCharge, energyConsumption)
3,3,90,1,68,867,1   4,4,125,1,80,1200,1   3,3,165,1,92,1587,1
!----------------------------------------------------------------
!Customers: (x, y, demand, readyTime, dueDate, serviceTime, penalizationCost)
792,282,11,6174,6976,383,3   1380,598,3,6936,7134,104,1   618,441,29,4717,6607,1009,3   1553,584,13,2382,3522,452,4   998,533,4,2662,2984,139,3   1244,774,6,4681,5173,209,1   884,770,19,4623,5657,661,4   1080,404,6,1668,1998,209,1   481,409,16,2777,3963,557,5   664,358,29,4998,6080,1009,3   1498,576,26,5047,6493,905,3   1652,651,22,3528,5030,765,3   622,687,23,2687,4509,800,5   900,495,19,3108,4742,661,5   719,221,10,2922,3658,348,5   579,264,11,3814,4466,383,2   1361,307,10,978,1508,348,3   365,366,21,3439,5177,731,1   1258,562,20,655,1621,696,1   1600,540,13,5590,6620,452,4   560,562,15,5722,7012,522,5   382,682,14,4410,4972,487,2   1757,481,28,2738,5008,974,4   1129,555,13,2927,3787,452,2   1358,384,14,2109,3137,487,3   1222,388,22,0,1486,765,5   447,529,25,3642,5332,870,4   986,327,10,6328,7092,348,1   1488,332,16,5896,7018,557,4   303,614,7,4669,5151,244,2   322,547,6,5333,5879,209,3   1167,396,19,822,2146,661,2   1210,425,22,3949,5329,765,1   1031,395,23,907,2599,800,1   829,439,14,1449,2545,487,3   1062,223,29,1080,2826,1009,5   1714,373,20,2119,3959,696,5   1083,289,6,5216,5682,209,3   675,307,9,5432,6020,313,5   985,532,12,6131,7067,418,5   1507,186,27,1285,3535,939,4   1645,498,21,3561,4855,731,2   560,830,29,983,2545,1009,5   46,552,28,3393,5055,974,2   98,507,12,5128,5986,418,5   1372,399,23,1033,2577,800,3   202,283,18,3742,5274,626,5   1186,634,22,5257,7007,765,2   764,580,6,2295,2691,209,5   1628,760,25,4946,7268,870,2
!----------------------------------------------------------------
!Recharge stations: x,y
300,0   1659,775   808,901   1591,509   392,464   1757,423   1107,6   1049,303   1705,574   1363,190   1397,760   456,754   119,636   897,432   1297,408   289,574   617,747   1580,499   1489,401   328,706   1562,584   1735,269   1433,279   1597,283   189,504

g inverse recharge rate 0.54
