!----------------------------------------------------------------
!Stores: (first: depot x,y; then: satellites x,y,maxCap)
300,0   674,747,1000   1212,82,1000   1820,396,1000   146,610,1000
!----------------------------------------------------------------
!Trucks: (total#, cap, cost/dist, fixcost)
2,181,1,128   2,250,1,150   2,331,1,172
!----------------------------------------------------------------
!CityFreighters: (max cf/sat, total#, cap, cost/dist, fixcost, maxCharge, energyConsumption)
3,3,90,1,68,867,1   4,4,125,1,80,1200,1   3,3,165,1,92,1587,1
!----------------------------------------------------------------
!Customers: (x, y, demand, readyTime, dueDate, serviceTime, penalizationCost)
780,646,22,4447,6083,802,5   711,230,24,2238,4032,874,2   573,491,16,2704,3982,583,4   466,713,9,4273,4859,328,5   580,515,15,5618,6798,547,2   785,684,29,3992,5538,1057,4   1798,482,16,931,2269,583,1   1254,401,11,5193,5755,401,3   1267,503,24,4084,5546,874,4   1692,387,19,5614,6614,692,1   1346,517,24,5342,7198,874,5   1640,434,7,4690,5362,255,3   952,712,29,1240,4196,1057,5   300,610,19,1751,2775,692,5   735,309,5,3566,3948,182,1   1201,417,19,1385,3183,692,2   912,561,22,3336,4974,802,1   682,725,16,6762,7886,583,3   556,373,21,693,2769,765,2   437,502,15,745,1525,547,4   1244,258,8,5984,6630,291,5   346,373,24,1827,3491,874,1   1686,512,24,2019,3429,874,1   1612,372,12,5058,6224,437,1   1369,252,28,5577,8007,1020,1   869,647,3,6087,6281,109,2   1517,668,12,4535,5525,437,4   875,666,6,2259,2717,219,3   421,332,19,3589,5115,692,4   1487,492,10,716,1388,364,5   734,421,8,1443,2083,291,3   555,624,25,3434,5692,911,5   1791,481,20,4934,6344,729,1   1089,427,3,2798,3034,109,4   1529,435,24,1707,3859,874,4   320,416,21,338,2074,765,5   1670,625,8,6453,7125,291,2   512,609,22,49,1713,802,5   1644,378,28,5802,7628,1020,2   1538,497,23,3204,4048,838,1   1697,615,20,5683,6961,729,4   106,330,22,2286,4190,802,2   1565,227,18,849,2385,656,1   607,835,17,5053,6475,619,5   1837,538,13,1467,2093,474,2   1511,654,22,3327,5003,802,1   988,57,7,3171,3685,255,4   1437,655,29,4487,7551,1057,2   833,230,18,4452,5672,656,3   741,20,25,3860,5872,911,5
!----------------------------------------------------------------
!Recharge stations: x,y
300,0   674,747   1212,82   1820,396   146,610   594,208   900,186   1024,417   1145,426   1792,477   576,776   239,630   1713,323   1471,501   1667,668   355,687   236,202   588,459   1324,526   153,521   239,502   1273,594   965,466   350,401   1270,734

g inverse recharge rate 0.59
