!----------------------------------------------------------------
!Stores: (first: depot x,y; then: satellites x,y,maxCap)
300,0   1301,770,1000   254,805,1000   1042,125,1000   1949,604,1000
!----------------------------------------------------------------
!Trucks: (total#, cap, cost/dist, fixcost)
2,181,1,128   2,250,1,150   2,331,1,172
!----------------------------------------------------------------
!CityFreighters: (max cf/sat, total#, cap, cost/dist, fixcost, maxCharge, energyConsumption)
3,3,90,1,68,1156,1   4,4,125,1,80,1600,1   3,3,165,1,92,2116,1
!----------------------------------------------------------------
!Customers: (x, y, demand, readyTime, dueDate, serviceTime, penalizationCost)
629,336,12,2988,4212,496,5   460,387,11,980,1980,455,2   1688,429,16,4801,5687,662,1   1449,542,25,108,2516,1034,4   1029,651,18,5535,6761,745,4   747,647,19,3681,4863,786,3   944,670,19,2942,4268,786,4   459,321,9,1991,2547,372,5   748,672,13,4629,5427,538,2   1734,562,20,2262,3952,827,1   1006,523,10,2213,3091,414,5   1115,344,26,3496,5488,1075,2   525,572,20,122,2392,827,3   1099,637,15,6619,7567,620,3   1733,426,29,178,2766,1200,2   1239,422,13,1136,2290,538,3   1582,312,21,2277,4159,869,2   1221,729,21,1275,3055,869,5   649,668,28,4717,7139,1158,2   1435,250,6,4080,4520,248,4   371,320,9,5109,5717,372,1   610,490,11,5607,6569,455,2   752,225,18,5598,6848,745,4   1763,453,14,3542,4908,579,5   865,652,6,5950,6596,248,1   749,601,9,5140,5682,372,5   397,456,7,1046,1438,290,3   716,621,10,1713,2427,414,1   1500,608,12,3024,4182,496,3   851,771,22,4685,6739,910,5   1686,622,13,4739,5331,538,1   1555,455,11,1816,2492,455,3   680,485,6,6545,7165,248,5   1377,463,6,411,933,248,4   1630,501,6,6789,7161,248,5   1619,511,20,5766,6852,827,2   1578,620,11,3680,4388,455,4   387,409,15,2194,3516,620,2   859,326,16,2027,3521,662,3   586,446,8,2086,2542,331,5   1582,357,9,2729,3687,372,3   814,501,29,4414,6708,1200,2   1113,156,28,1803,4227,1158,1   1276,752,24,0,2306,993,4   1706,620,19,305,1761,786,1   1741,645,14,2460,3318,579,4   1451,629,15,2245,3557,620,4   1925,391,14,1614,2790,579,3   1433,513,6,960,1522,248,5   1047,330,18,97,1859,745,1
!----------------------------------------------------------------
!Recharge stations: x,y
300,0   1301,770   254,805   1042,125   1949,604   786,558   961,757   592,546   1796,454   1828,482   282,366   306,487   1226,891   1253,280   420,427   1251,482   1168,320   1721,411   990,186   1576,561   495,385   1383,371   615,242   587,320   238,365

g inverse recharge rate 0.43
