!----------------------------------------------------------------
!Stores: (first: depot x,y; then: satellites x,y,maxCap)
300,0   341,811,1000   468,469,1000   1903,681,1000   1739,317,1000
!----------------------------------------------------------------
!Trucks: (total#, cap, cost/dist, fixcost)
2,181,1,128   2,250,1,150   2,331,1,172
!----------------------------------------------------------------
!CityFreighters: (max cf/sat, total#, cap, cost/dist, fixcost, maxCharge, energyConsumption)
3,3,90,1,68,578,1   4,4,125,1,80,800,1   3,3,165,1,92,1058,1
!----------------------------------------------------------------
!Customers: (x, y, demand, readyTime, dueDate, serviceTime, penalizationCost)
1457,621,29,5134,8300,1354,5   1369,514,15,6108,7576,701,1   450,294,18,1173,2481,841,5   1201,625,4,4201,4549,187,4   303,393,10,2710,3700,467,5   626,373,9,6690,7646,420,2   986,751,21,2843,4273,981,2   1687,572,6,4873,5571,280,1   807,535,17,4277,5677,794,3   957,602,7,2656,3282,327,5   1341,466,14,189,1997,654,1   868,335,19,341,2143,887,5   1477,427,3,7066,7336,140,3   1710,513,7,3640,4548,327,5   297,516,18,5812,8088,841,4   1566,595,15,5076,6258,701,1   982,373,19,2391,4469,887,2   602,560,12,6294,7474,560,2   1018,575,17,1424,2964,794,2   681,511,19,198,2212,887,5   390,389,12,5131,5981,560,4   1717,407,3,7142,7376,140,1   812,728,4,1922,2330,187,3   1482,411,11,1268,2538,514,1   1121,230,9,4981,6067,420,5   724,609,5,5665,6277,234,3   732,543,7,4567,5121,327,3   1701,427,5,1736,2298,234,4   1429,411,26,1998,5624,1214,5   1580,334,6,2692,3346,280,3   1542,363,4,3630,4034,187,4   446,356,26,1551,3533,1214,3   1325,511,28,2842,6190,1308,3   1040,543,14,4651,6511,654,1   839,762,10,3472,4096,467,1   826,427,25,4789,6853,1168,5   1622,535,18,973,2449,841,5   1205,493,22,0,2314,1027,5   1756,487,13,7056,7964,607,5   1757,458,13,861,1723,607,5   1205,634,26,652,2136,1214,5   968,82,17,247,1833,794,1   552,907,29,0,2707,1354,4   933,725,11,2297,3523,514,3   1702,535,16,42,1740,747,2   1374,356,9,6533,7425,420,4   1225,149,10,3653,4549,467,4   1029,837,20,974,3376,934,5   894,84,23,3441,5729,1074,2   210,630,15,6352,7854,701,1
!----------------------------------------------------------------
!Recharge stations: x,y
300,0   341,811   468,469   1903,681   1739,317   848,592   1099,507   911,413   213,615   548,783   383,254   565,713   1717,496   1501,750   472,394   835,532   1065,724   1063,755   378,567   1418,245   1695,575   395,552   357,294   1675,329   1330,785

g inverse recharge rate 0.92
