!----------------------------------------------------------------
!Stores: (first: depot x,y; then: satellites x,y,maxCap)
300,0   202,728,1000   890,151,1000   513,786,1000   1784,582,1000
!----------------------------------------------------------------
!Trucks: (total#, cap, cost/dist, fixcost)
2,181,1,128   2,250,1,150   2,331,1,172
!----------------------------------------------------------------
!CityFreighters: (max cf/sat, total#, cap, cost/dist, fixcost, maxCharge, energyConsumption)
3,3,90,1,68,1156,1   4,4,125,1,80,1600,1   3,3,165,1,92,2116,1
!----------------------------------------------------------------
!Customers: (x, y, demand, readyTime, dueDate, serviceTime, penalizationCost)
1750,415,9,3661,4199,325,5   841,486,16,3440,4920,577,5   899,411,18,638,1770,650,2   388,556,12,5183,6139,433,5   393,583,29,5415,7051,1046,2   839,230,24,1032,3122,866,5   643,498,20,1640,3194,722,3   337,493,29,5157,7137,1046,3   999,763,12,2469,3407,433,3   1500,311,15,671,2119,541,4   963,247,4,997,1197,144,1   798,280,29,5057,7193,1046,4   577,520,6,735,959,217,2   1797,503,9,6235,6759,325,5   677,431,16,4184,5766,577,4   824,704,7,3382,3896,253,4   459,457,24,3924,5646,866,1   1114,683,29,3699,5953,1046,2   619,594,18,1874,3180,650,1   1160,259,7,2564,3210,253,1   1047,255,26,2706,3858,938,2   343,365,6,6742,7108,217,1   441,433,9,882,1790,325,5   473,433,12,3945,4437,433,3   407,687,26,4263,5833,938,5   790,432,16,615,1893,577,3   1297,414,19,2642,3808,686,2   405,375,3,2264,2452,108,1   1439,389,25,3800,5368,902,1   594,417,9,1788,2310,325,5   341,609,23,5133,6759,830,5   775,660,11,2089,2725,397,3   352,634,22,3599,4937,794,1   357,638,10,5808,6666,361,3   1159,427,3,1773,2001,108,2   281,607,27,5461,7435,974,5   1068,421,25,2189,4243,902,2   905,634,14,4403,5311,505,1   1419,319,20,5421,7109,722,3   1686,485,28,4465,6319,1010,3   944,857,27,369,1881,974,3   1666,342,10,1474,2202,361,5   1434,829,9,5992,6790,325,4   1057,640,13,1736,2720,469,1   364,687,25,3509,5607,902,1   409,496,20,2058,3518,722,2   1720,468,29,4673,6969,1046,4   1379,702,24,5651,6929,866,3   1772,212,16,570,1706,577,2   1585,896,7,842,1286,253,4
!----------------------------------------------------------------
!Recharge stations: x,y
300,0   202,728   890,151   513,786   1784,582   448,468   986,218   351,644   341,622   717,273   826,244   365,552   746,715   636,773   1015,235   1683,331   143,585   1643,462   660,516   260,418   461,471   450,654   1756,444   260,623   1744,579

g inverse recharge rate 0.42
