!----------------------------------------------------------------
!Stores: (first: depot x,y; then: satellites x,y,maxCap)
300,0   941,202,1000   764,856,1000   989,385,1000   706,294,1000
!----------------------------------------------------------------
!Trucks: (total#, cap, cost/dist, fixcost)
2,181,1,128   2,250,1,150   2,331,1,172
!----------------------------------------------------------------
!CityFreighters: (max cf/sat, total#, cap, cost/dist, fixcost, maxCharge, energyConsumption)
3,3,90,1,68,1228,1   4,4,125,1,80,1700,1   3,3,165,1,92,2248,1
!----------------------------------------------------------------
!Customers: (x, y, demand, readyTime, dueDate, serviceTime, penalizationCost)
395,389,21,3616,5122,568,1   1351,406,17,3333,4023,459,3   811,620,26,2164,4308,703,4   1558,318,7,2520,2912,189,2   1093,597,25,2107,3375,676,4   1670,525,9,2620,3150,243,2   1364,741,27,0,1464,730,5   1108,353,6,3522,3710,162,3   811,277,23,1474,2334,622,5   570,613,13,4187,5123,351,2   695,289,23,2106,3458,622,3   617,241,8,4433,4775,216,2   1471,373,12,623,1439,324,2   846,746,4,2782,3000,108,4   486,281,19,1690,2750,513,1   1423,306,24,1098,2098,649,1   1317,658,22,1434,2614,595,4   1613,640,25,2871,4317,676,4   1043,609,14,1592,2554,378,4   482,401,15,3659,4457,405,2   1375,313,14,3403,4059,378,1   1698,587,27,1262,2552,730,4   1425,250,7,2277,2589,189,4   1435,294,7,3669,3797,189,3   910,429,16,0,758,432,5   726,695,9,1731,2123,243,5   467,338,3,1078,1212,81,2   277,487,18,3117,3869,486,4   1079,513,15,3443,4093,405,3   341,514,12,964,1596,324,5   875,338,16,388,1310,432,3   331,498,15,1979,2851,405,2   314,395,15,2478,3308,405,3   616,561,23,1494,3042,622,5   907,722,27,1918,3350,730,2   855,247,21,1902,3104,568,3   1116,540,27,2985,4561,730,3   1531,429,10,3953,4539,270,3   582,522,10,255,695,270,2   628,409,11,4311,4839,297,5   1717,715,8,2153,2803,216,1   336,142,27,994,2188,730,3   1495,602,12,4092,4544,324,5   1059,62,13,3566,4308,351,3   1114,692,21,3254,4260,568,5   673,414,26,4196,5470,703,4   527,885,11,1507,2167,297,1   1841,629,20,3367,4641,540,2   1315,472,23,3168,4182,622,5   465,222,19,2763,3873,513,4
!----------------------------------------------------------------
!Recharge stations: x,y
300,0   941,202   764,856   989,385   706,294   1527,333   1472,253   261,554   532,279   384,280   947,742   1506,457   263,387   511,644   238,352   662,615   188,567   1827,519   1644,482   905,333   725,649   566,473   1323,721   725,650   116,684

g inverse recharge rate 0.29
