!----------------------------------------------------------------
!Stores: (first: depot x,y; then: satellites x,y,maxCap)
300,0   1653,568,1000   1871,320,1000   1234,686,1000   279,699,1000
!----------------------------------------------------------------
!Trucks: (total#, cap, cost/dist, fixcost)
2,181,1,128   2,250,1,150   2,331,1,172
!----------------------------------------------------------------
!CityFreighters: (max cf/sat, total#, cap, cost/dist, fixcost, maxCharge, energyConsumption)
3,3,90,1,68,939,1   4,4,125,1,80,1300,1   3,3,165,1,92,1719,1
!----------------------------------------------------------------
!Customers: (x, y, demand, readyTime, dueDate, serviceTime, penalizationCost)
1227,755,3,1907,2075,111,1   1781,476,27,2264,4052,996,3   1051,385,9,6558,7262,332,3   366,540,25,3061,5661,922,4   801,289,7,4738,5134,258,4   1193,317,10,6427,7139,369,2   1060,468,29,3482,5388,1070,2   982,744,6,4094,4482,221,1   590,349,21,5483,7067,775,5   679,272,25,522,2404,922,4   810,399,7,4080,4614,258,5   977,713,16,4427,5683,590,2   934,265,11,2684,3354,406,1   458,492,21,4100,5754,775,1   1554,663,27,493,3081,996,1   460,405,13,5959,6751,480,4   1375,264,19,4119,5129,701,5   784,295,7,4714,5190,258,4   1185,262,17,4863,5881,627,5   852,774,19,4403,5551,701,5   205,510,9,4312,5024,332,4   917,244,5,7229,7517,184,3   1339,726,18,3197,4577,664,2   1557,371,24,592,1878,885,2   1252,738,16,6420,7306,590,5   1173,621,29,3495,4957,1070,1   1636,352,28,3554,5676,1033,2   1435,523,26,4856,7318,959,2   441,334,8,2729,3061,295,3   237,572,3,5625,5855,111,1   321,577,12,1538,2322,443,2   1428,570,29,2518,4870,1070,1   1536,287,20,5372,6830,738,3   794,332,27,4855,6941,996,3   1623,523,29,2574,4454,1070,2   203,497,12,885,1627,443,3   461,697,25,22,1864,922,5   439,477,10,5633,6391,369,3   1354,714,20,4154,5672,738,5   1710,494,14,1157,2241,516,1   638,433,11,2290,3136,406,3   1594,622,25,1745,3441,922,1   1350,165,5,2840,3232,184,4   1664,507,10,2771,3533,369,3   695,739,14,4872,5416,516,2   1215,830,24,3103,5479,885,2   1584,213,27,2812,5276,996,4   318,339,20,5031,6513,738,5   1588,508,22,0,1967,812,2   138,336,19,4011,5221,701,2
!----------------------------------------------------------------
!Recharge stations: x,y
300,0   1653,568   1871,320   1234,686   279,699   661,466   1714,350   994,513   564,385   1804,498   949,186   1456,213   1683,691   740,798   1284,621   107,487   185,487   1486,215   1524,745   856,617   1515,676   1355,275   1007,173   1143,935   1282,788

g inverse recharge rate 0.54
