!----------------------------------------------------------------
!Stores: (first: depot x,y; then: satellites x,y,maxCap)
300,0   1982,476,1000   985,805,1000   1474,624,1000   1117,188,1000
!----------------------------------------------------------------
!Trucks: (total#, cap, cost/dist, fixcost)
2,181,1,128   2,250,1,150   2,331,1,172
!----------------------------------------------------------------
!CityFreighters: (max cf/sat, total#, cap, cost/dist, fixcost, maxCharge, energyConsumption)
3,3,90,1,68,867,1   4,4,125,1,80,1200,1   3,3,165,1,92,1587,1
!----------------------------------------------------------------
!Customers: (x, y, demand, readyTime, dueDate, serviceTime, penalizationCost)
615,600,27,3769,6085,1042,1   1511,329,23,252,2376,888,2   1782,526,8,5230,5812,309,1   509,649,9,5204,5668,347,4   450,391,4,5495,5819,154,5   1103,297,6,5323,5923,232,1   1090,759,8,1469,1913,309,4   1777,471,16,1046,1910,617,2   503,585,9,2033,2739,347,2   991,253,27,1557,4677,1042,2   236,534,13,2819,3455,502,2   1027,793,24,4273,5967,926,2   1206,221,6,1874,2404,232,4   1774,556,7,4047,4717,270,2   500,471,22,5375,6987,849,4   220,533,17,2480,4140,656,4   270,402,22,77,2355,849,1   370,540,17,4993,6461,656,1   248,532,7,999,1541,270,4   1473,452,19,3838,5706,733,3   1005,700,6,5882,6216,232,2   1218,251,4,646,858,154,5   1461,480,29,3176,5616,1119,1   729,658,4,6168,6412,154,4   1377,537,25,2208,4068,965,5   1747,396,8,3607,4433,309,2   524,662,7,6195,6825,270,2   490,273,19,2017,3683,733,4   217,544,6,1861,2361,232,1   445,318,24,3909,6283,926,5   1401,748,23,4368,6100,888,2   858,647,16,1351,2945,617,4   1700,356,25,3333,5829,965,3   1207,342,12,2821,4077,463,1   924,339,5,4725,5067,193,1   1074,619,25,3024,3966,965,1   1391,295,26,4769,5771,1003,1   789,284,18,4264,5510,695,1   884,539,16,0,1442,617,3   277,552,23,476,2140,888,2   1234,712,29,4849,7627,1119,3   1048,910,5,994,1194,193,3   1718,576,27,4837,6601,1042,1   629,161,16,5338,6976,617,2   363,216,5,4385,4927,193,3   1205,170,29,463,3009,1119,3   993,642,8,309,927,309,4   1381,476,7,350,796,270,1   1648,835,20,5575,6739,772,4   1243,138,19,1515,2705,733,1
!----------------------------------------------------------------
!Recharge stations: x,y
300,0   1982,476   985,805   1474,624   1117,188   470,426   1269,663   687,469   521,365   1752,431   808,433   718,386   674,489   539,450   698,349   1401,422   1427,512   467,422   1207,579   91,480   1482,486   1531,472   1263,685   1496,216   586,610

g inverse recharge rate 0.55
