!----------------------------------------------------------------
!Stores: (first: depot x,y; then: satellites x,y,maxCap)
300,0   202,728,1000   890,151,1000   513,786,1000   1784,582,1000
!----------------------------------------------------------------
!Trucks: (total#, cap, cost/dist, fixcost)
2,181,1,128   2,250,1,150   2,331,1,172
!----------------------------------------------------------------
!CityFreighters: (max cf/sat, total#, cap, cost/dist, fixcost, maxCharge, energyConsumption)
3,3,90,1,68,939,1   4,4,125,1,80,1300,1   3,3,165,1,92,1719,1
!----------------------------------------------------------------
!Customers: (x, y, demand, readyTime, dueDate, serviceTime, penalizationCost)
1750,415,9,5663,6365,325,5   841,486,16,2529,3331,577,5   899,411,18,2952,4546,650,1   388,556,12,6626,7244,433,1   393,583,29,4864,7132,1046,5   839,230,24,4978,6550,866,4   643,498,20,6232,7300,722,3   337,493,29,1257,4473,1046,5   999,763,12,2505,3567,433,5   1500,311,15,3735,4891,541,3   963,247,4,6324,6610,144,1   798,280,29,0,1965,1046,2   577,520,6,1430,1796,217,1   1797,503,9,3709,4255,325,1   677,431,16,4303,5703,577,2   824,704,7,2228,2900,253,3   459,457,24,5112,7166,866,1   1114,683,29,3338,6454,1046,1   619,594,18,1801,3095,650,5   1160,259,7,6054,6472,253,2   1047,255,26,2443,4053,938,5   343,365,6,6779,7119,217,3   441,433,9,3063,3689,325,2   473,433,12,3285,4085,433,4   407,687,26,4465,5517,938,1   790,432,16,3077,4473,577,3   1297,414,19,2002,3356,686,3   405,375,3,4123,4309,108,2   1439,389,25,2695,4399,902,4   594,417,9,5662,6388,325,4   341,609,23,867,2823,830,4   775,660,11,6323,7071,397,1   352,634,22,3894,5978,794,5   357,638,10,3822,4448,361,4   1159,427,3,6844,7052,108,3   281,607,27,594,2438,974,5   1068,421,25,2946,4868,902,1   905,634,14,1997,3005,505,3   1419,319,20,4828,6058,722,5   1686,485,28,4223,5975,1010,4   944,857,27,2468,5006,974,3   1666,342,10,5546,6340,361,5   1434,829,9,6509,7089,325,5   1057,640,13,2034,3066,469,1   364,687,25,5862,7176,902,5   409,496,20,5259,6875,722,3   1720,468,29,241,2699,1046,3   1379,702,24,551,1943,866,1   1772,212,16,3564,4612,577,1   1585,896,7,3823,4389,253,4
!----------------------------------------------------------------
!Recharge stations: x,y
300,0   202,728   890,151   513,786   1784,582   448,468   986,218   351,644   341,622   717,273   826,244   365,552   746,715   636,773   1015,235   1683,331   143,585   1643,462   660,516   260,418   461,471   450,654   1756,444   260,623   1744,579

g inverse recharge rate 0.52
