!----------------------------------------------------------------
!Stores: (first: depot x,y; then: satellites x,y,maxCap)
300,0   1659,775,1000   808,901,1000   1591,509,1000   392,464,1000
!----------------------------------------------------------------
!Trucks: (total#, cap, cost/dist, fixcost)
2,181,1,128   2,250,1,150   2,331,1,172
!----------------------------------------------------------------
!CityFreighters: (max cf/sat, total#, cap, cost/dist, fixcost, maxCharge, energyConsumption)
3,3,90,1,68,578,1   4,4,125,1,80,800,1   3,3,165,1,92,1058,1
!----------------------------------------------------------------
!Customers: (x, y, demand, readyTime, dueDate, serviceTime, penalizationCost)
792,282,11,3597,4275,383,3   1380,598,3,7001,7287,104,2   618,441,29,0,2561,1009,2   1553,584,13,4351,5381,452,1   998,533,4,3531,3795,139,2   1244,774,6,811,1231,209,2   884,770,19,4001,5011,661,5   1080,404,6,2231,2727,209,2   481,409,16,4493,5629,557,3   664,358,29,2253,5337,1009,5   1498,576,26,4487,5817,905,1   1652,651,22,957,2521,765,3   622,687,23,398,1722,800,3   900,495,19,5067,6127,661,5   719,221,10,5553,6401,348,4   579,264,11,2967,3723,383,3   1361,307,10,2089,2903,348,3   365,366,21,2278,3418,731,5   1258,562,20,5289,6283,696,5   1600,540,13,239,1131,452,4   560,562,15,4312,5522,522,5   382,682,14,2757,3521,487,4   1757,481,28,28,1872,974,2   1129,555,13,1935,2929,452,5   1358,384,14,5165,6311,487,3   1222,388,22,2283,4107,765,1   447,529,25,2522,4410,870,1   986,327,10,2615,3365,348,4   1488,332,16,2759,3939,557,1   303,614,7,5407,6083,244,5   322,547,6,3019,3393,209,4   1167,396,19,831,2183,661,1   1210,425,22,1486,3396,765,1   1031,395,23,338,2336,800,3   829,439,14,2765,3945,487,2   1062,223,29,2626,4272,1009,4   1714,373,20,3060,4312,696,4   1083,289,6,1746,2096,209,4   675,307,9,4948,5618,313,5   985,532,12,3977,5137,418,3   1507,186,27,3619,4773,939,1   1645,498,21,1411,2761,731,5   560,830,29,4839,6131,1009,1   46,552,28,1461,3293,974,1   98,507,12,4571,5419,418,1   1372,399,23,2133,3587,800,2   202,283,18,778,1862,626,2   1186,634,22,422,1616,765,1   764,580,6,4859,5245,209,5   1628,760,25,2397,4131,870,4
!----------------------------------------------------------------
!Recharge stations: x,y
300,0   1659,775   808,901   1591,509   392,464   1757,423   1107,6   1049,303   1705,574   1363,190   1397,760   456,754   119,636   897,432   1297,408   289,574   617,747   1580,499   1489,401   328,706   1562,584   1735,269   1433,279   1597,283   189,504

g inverse recharge rate 0.81
