!----------------------------------------------------------------
!Stores: (first: depot x,y; then: satellites x,y,maxCap)
300,0   732,403,1000   1811,773,1000   1333,923,1000   292,524,1000
!----------------------------------------------------------------
!Trucks: (total#, cap, cost/dist, fixcost)
2,181,1,128   2,250,1,150   2,331,1,172
!----------------------------------------------------------------
!CityFreighters: (max cf/sat, total#, cap, cost/dist, fixcost, maxCharge, energyConsumption)
3,3,90,1,68,1084,1   4,4,125,1,80,1500,1   3,3,165,1,92,1984,1
!----------------------------------------------------------------
!Customers: (x, y, demand, readyTime, dueDate, serviceTime, penalizationCost)
272,537,9,6413,7061,351,5   717,464,19,1496,3354,741,2   753,610,16,2120,3476,624,4   1518,502,16,4423,5593,624,4   1131,684,12,2631,3643,468,3   276,491,14,1710,2840,546,3   1242,541,20,4899,6663,780,3   1422,645,20,4049,5905,780,5   1749,415,25,3804,5052,974,1   841,499,16,4587,5833,624,2   557,543,10,1060,1810,390,2   522,388,24,1294,3466,936,4   1258,718,12,5862,6748,468,1   1072,451,15,4515,6399,585,2   1490,350,18,4241,5555,702,1   1141,314,12,2961,4047,468,2   484,494,10,6135,6929,390,1   428,624,18,167,2041,702,1   342,653,23,3176,4574,897,3   578,526,22,5869,7041,858,4   1372,269,7,2979,3617,273,1   830,523,4,5095,5339,156,3   482,297,5,1947,2335,195,4   1602,373,29,677,2825,1130,1   1486,588,10,5408,6508,390,5   649,414,25,1655,2849,974,1   1025,382,17,885,2379,663,2   1065,439,14,5649,6655,546,2   660,685,6,6307,6813,234,5   656,350,16,3645,5085,624,4   989,787,23,555,2679,897,2   905,667,8,5578,6170,312,2   1641,625,25,2565,4547,974,5   438,562,7,4251,4851,273,3   769,310,22,2775,4349,858,5   1748,516,26,1595,3823,1013,3   487,628,16,900,2390,624,1   572,723,10,1493,2297,390,1   216,479,6,2135,2569,234,4   798,595,22,3813,5649,858,5   1297,866,28,2120,4282,1091,2   1021,106,11,3556,4392,429,4   1523,174,3,2903,3167,117,1   31,431,20,900,2424,780,1   1776,656,3,1619,1887,117,1   1660,243,24,1415,3417,936,1   1965,617,14,2379,2815,546,4   284,442,8,2754,3394,312,2   312,522,25,1936,4156,974,5   467,589,20,3706,5386,780,2
!----------------------------------------------------------------
!Recharge stations: x,y
300,0   732,403   1811,773   1333,923   292,524   532,607   1579,633   1365,729   1029,248   1581,368   930,657   1714,335   1549,605   1569,637   1008,253   1149,587   1442,744   1062,156   706,456   516,322   530,356   365,282   798,423   721,382   1015,299

g inverse recharge rate 0.45
