!----------------------------------------------------------------
!Stores: (first: depot x,y; then: satellites x,y,maxCap)
300,0   1680,198,1000   1105,702,1000   1469,679,1000   967,345,1000
!----------------------------------------------------------------
!Trucks: (total#, cap, cost/dist, fixcost)
2,181,1,128   2,250,1,150   2,331,1,172
!----------------------------------------------------------------
!CityFreighters: (max cf/sat, total#, cap, cost/dist, fixcost, maxCharge, energyConsumption)
3,3,90,1,68,650,1   4,4,125,1,80,900,1   3,3,165,1,92,1190,1
!----------------------------------------------------------------
!Customers: (x, y, demand, readyTime, dueDate, serviceTime, penalizationCost)
802,540,20,2171,3497,591,1   1641,343,5,1986,2222,148,1   1184,667,26,4225,6061,769,5   942,312,28,3306,4468,828,1   1136,426,11,1244,1846,325,1   1212,394,11,647,1121,325,4   962,605,16,3994,4852,473,2   463,582,13,3348,4018,384,1   491,462,25,3678,5516,739,2   675,621,26,4176,5520,769,5   1505,436,12,2977,3671,355,5   1719,382,10,5067,5863,296,5   378,359,25,2894,4182,739,3   843,452,14,3262,3876,414,4   625,721,19,4836,5394,562,4   1634,400,25,2013,3727,739,2   1057,607,29,4097,5843,857,4   768,507,10,1310,1834,296,2   1543,611,14,799,1575,414,2   685,382,10,494,1168,296,3   1027,322,17,674,1708,503,1   816,578,7,5614,6114,207,3   727,698,8,2304,2790,237,2   1301,421,18,1143,1781,532,2   358,485,13,886,1688,384,1   1767,538,18,4832,6138,532,5   310,555,15,3346,4540,443,2   693,574,18,4869,6043,532,2   878,305,18,4674,5754,532,2   976,524,23,2849,4127,680,1   920,554,13,1236,1746,384,3   1291,546,23,3368,4598,680,4   799,506,10,589,1273,296,3   890,602,24,3093,4811,710,3   1746,558,19,3421,4841,562,1   1331,642,25,2095,3709,739,1   1567,456,27,3767,4909,798,5   1295,261,18,4706,5668,532,3   1304,310,5,2158,2616,148,3   681,714,14,3882,4564,414,2   809,607,16,4595,5627,473,4   725,388,8,2115,2625,237,5   103,632,4,4692,4974,118,5   1090,56,29,1839,3959,857,2   1906,663,25,351,1785,739,1   408,559,23,3752,4850,680,1   387,541,25,4038,5360,739,3   138,358,12,4398,5114,355,3   1414,489,25,2651,4247,739,3   1645,614,3,5270,5478,89,4
!----------------------------------------------------------------
!Recharge stations: x,y
300,0   1680,198   1105,702   1469,679   967,345   326,462   761,296   1152,234   351,436   675,802   1276,477   613,572   1479,418   544,246   1956,463   1135,317   504,633   604,809   1822,438   1035,378   916,153   270,616   1055,810   195,555   944,722

g inverse recharge rate 0.61
