!----------------------------------------------------------------
!Stores: (first: depot x,y; then: satellites x,y,maxCap)
300,0   1301,770,1000   254,805,1000   1042,125,1000   1949,604,1000
!----------------------------------------------------------------
!Trucks: (total#, cap, cost/dist, fixcost)
2,181,1,128   2,250,1,150   2,331,1,172
!----------------------------------------------------------------
!CityFreighters: (max cf/sat, total#, cap, cost/dist, fixcost, maxCharge, energyConsumption)
3,3,90,1,68,795,1   4,4,125,1,80,1100,1   3,3,165,1,92,1455,1
!----------------------------------------------------------------
!Customers: (x, y, demand, readyTime, dueDate, serviceTime, penalizationCost)
629,336,12,6279,7673,496,2   460,387,11,4208,5028,455,3   1688,429,16,2461,3799,662,4   1449,542,25,1744,4034,1034,1   1029,651,18,2669,4025,745,5   747,647,19,5372,6726,786,3   944,670,19,1085,3421,786,5   459,321,9,6093,6717,372,1   748,672,13,3646,4466,538,3   1734,562,20,2885,4955,827,3   1006,523,10,6918,7670,414,3   1115,344,26,3716,6098,1075,1   525,572,20,374,2110,827,4   1099,637,15,3043,4409,620,3   1733,426,29,186,2428,1200,5   1239,422,13,246,1556,538,2   1582,312,21,2743,3835,869,4   1221,729,21,1349,3293,869,3   649,668,28,4826,6562,1158,5   1435,250,6,3499,4069,248,3   371,320,9,659,1303,372,4   610,490,11,4776,5628,455,1   752,225,18,4840,5682,745,4   1763,453,14,2468,3452,579,1   865,652,6,4612,5112,248,2   749,601,9,5458,6478,372,3   397,456,7,4136,4738,290,5   716,621,10,2947,3581,414,5   1500,608,12,5853,6729,496,5   851,771,22,987,2559,910,3   1686,622,13,302,1464,538,3   1555,455,11,5518,6664,455,3   680,485,6,4815,5311,248,5   1377,463,6,5208,5796,248,2   1630,501,6,5511,5953,248,4   1619,511,20,3535,5021,827,2   1578,620,11,818,1716,455,1   387,409,15,1332,2508,620,4   859,326,16,1628,3326,662,4   586,446,8,4048,4758,331,3   1582,357,9,2962,3896,372,2   814,501,29,5029,7023,1200,2   1113,156,28,0,2254,1158,1   1276,752,24,3938,5892,993,3   1706,620,19,4916,6118,786,4   1741,645,14,1424,2746,579,2   1451,629,15,5047,6259,620,1   1925,391,14,5508,6634,579,2   1433,513,6,5896,6410,248,2   1047,330,18,1186,2844,745,1
!----------------------------------------------------------------
!Recharge stations: x,y
300,0   1301,770   254,805   1042,125   1949,604   786,558   961,757   592,546   1796,454   1828,482   282,366   306,487   1226,891   1253,280   420,427   1251,482   1168,320   1721,411   990,186   1576,561   495,385   1383,371   615,242   587,320   238,365

g inverse recharge rate 0.62
