!----------------------------------------------------------------
!Stores: (first: depot x,y; then: satellites x,y,maxCap)
300,0   19,412,1000   1569,459,1000   942,291,1000   915,886,1000
!----------------------------------------------------------------
!Trucks: (total#, cap, cost/dist, fixcost)
2,181,1,128   2,250,1,150   2,331,1,172
!----------------------------------------------------------------
!CityFreighters: (max cf/sat, total#, cap, cost/dist, fixcost, maxCharge, energyConsumption)
3,3,90,1,68,1011,1   4,4,125,1,80,1400,1   3,3,165,1,92,1851,1
!----------------------------------------------------------------
!Customers: (x, y, demand, readyTime, dueDate, serviceTime, penalizationCost)
351,600,3,2587,2807,99,5   1478,561,13,4094,4830,429,1   343,526,13,5040,5658,429,5   1430,715,15,2391,3597,495,5   1180,363,24,4482,6432,793,4   1694,455,24,4812,6264,793,4   729,716,24,5217,6993,793,1   1431,751,7,1077,1545,231,3   1121,679,13,1449,2261,429,2   1730,487,7,6410,6746,231,3   1011,611,13,1236,2068,429,4   936,759,3,6688,6904,99,5   566,574,25,3301,4001,826,4   1375,345,29,2315,4545,958,4   1404,295,8,3659,4293,264,4   1157,552,18,2909,4199,594,2   1088,740,15,4029,4993,495,4   1156,345,28,288,2652,925,5   297,560,11,3241,3793,363,2   335,368,23,704,2136,760,4   455,416,20,5561,7097,661,3   1569,399,25,292,2030,826,4   1106,454,25,4477,6009,826,5   1026,309,25,2211,4121,826,5   1712,607,26,4271,6165,859,2   1667,468,18,421,1353,594,4   1326,541,21,3706,5412,694,3   446,474,16,1803,2877,528,2   1027,276,15,5569,6715,495,2   601,343,28,2018,3990,925,3   1234,725,12,2136,2808,396,2   577,344,24,2904,4312,793,4   997,505,28,2892,4748,925,1   689,655,11,781,1633,363,3   820,475,7,2955,3369,231,5   1386,363,12,2969,3803,396,5   1374,619,28,459,2615,925,1   634,766,17,1119,1977,561,2   1069,762,11,3290,3824,363,2   1463,514,9,2110,2844,297,4   380,752,20,5351,6443,661,4   267,433,22,2179,3399,727,3   697,595,6,2049,2411,198,4   367,732,27,194,1582,892,1   757,20,16,2044,2998,528,5   289,398,16,931,1731,528,5   1696,780,24,1735,3195,793,4   1568,507,9,3405,3953,297,5   728,52,28,2986,4072,925,3   708,701,21,4462,6462,694,4
!----------------------------------------------------------------
!Recharge stations: x,y
300,0   19,412   1569,459   942,291   915,886   472,502   1451,479   700,699   1437,418   1166,164   1531,323   568,226   1411,440   1451,451   320,860   1059,540   864,669   1521,408   1604,357   1541,246   1630,431   1036,722   761,47   868,333   249,687

g inverse recharge rate 0.46
