!----------------------------------------------------------------
!Stores: (first: depot x,y; then: satellites x,y,maxCap)
300,0   202,728,1000   890,151,1000   513,786,1000   1784,582,1000
!----------------------------------------------------------------
!Trucks: (total#, cap, cost/dist, fixcost)
2,181,1,128   2,250,1,150   2,331,1,172
!----------------------------------------------------------------
!CityFreighters: (max cf/sat, total#, cap, cost/dist, fixcost, maxCharge, energyConsumption)
3,3,90,1,68,578,1   4,4,125,1,80,800,1   3,3,165,1,92,1058,1
!----------------------------------------------------------------
!Customers: (x, y, demand, readyTime, dueDate, serviceTime, penalizationCost)
1750,415,9,5612,6152,325,2   841,486,16,4438,5698,577,4   899,411,18,4737,5931,650,2   388,556,12,3625,4573,433,2   393,583,29,1661,3905,1046,3   839,230,24,3987,5559,866,2   643,498,20,1017,2975,722,2   337,493,29,2963,5213,1046,3   999,763,12,5392,6216,433,1   1500,311,15,4092,5208,541,5   963,247,4,2046,2382,144,5   798,280,29,2982,5698,1046,1   577,520,6,5397,5841,217,3   1797,503,9,3931,4521,325,1   677,431,16,839,1787,577,1   824,704,7,6385,6751,253,5   459,457,24,5519,7449,866,2   1114,683,29,997,3001,1046,2   619,594,18,4316,5402,650,4   1160,259,7,925,1333,253,2   1047,255,26,3638,5440,938,4   343,365,6,1070,1518,217,5   441,433,9,493,1167,325,5   473,433,12,1406,2194,433,5   407,687,26,4312,6200,938,2   790,432,16,1920,3008,577,4   1297,414,19,1703,3113,686,5   405,375,3,5498,5692,108,3   1439,389,25,4841,7095,902,3   594,417,9,5022,5540,325,4   341,609,23,2188,3944,830,3   775,660,11,6518,7076,397,5   352,634,22,2711,4025,794,3   357,638,10,2359,3097,361,2   1159,427,3,3809,4053,108,3   281,607,27,2992,5838,974,2   1068,421,25,4977,6723,902,3   905,634,14,2475,3177,505,5   1419,319,20,3472,4790,722,4   1686,485,28,4033,5549,1010,3   944,857,27,2446,4180,974,5   1666,342,10,4015,4787,361,2   1434,829,9,4672,5252,325,5   1057,640,13,4187,4951,469,1   364,687,25,2894,4424,902,2   409,496,20,5531,6989,722,5   1720,468,29,3311,5539,1046,3   1379,702,24,3272,4886,866,4   1772,212,16,1465,2869,577,2   1585,896,7,735,1199,253,4
!----------------------------------------------------------------
!Recharge stations: x,y
300,0   202,728   890,151   513,786   1784,582   448,468   986,218   351,644   341,622   717,273   826,244   365,552   746,715   636,773   1015,235   1683,331   143,585   1643,462   660,516   260,418   461,471   450,654   1756,444   260,623   1744,579

g inverse recharge rate 0.84
