!----------------------------------------------------------------
!Stores: (first: depot x,y; then: satellites x,y,maxCap)
300,0   341,811,1000   468,469,1000   1903,681,1000   1739,317,1000
!----------------------------------------------------------------
!Trucks: (total#, cap, cost/dist, fixcost)
2,181,1,128   2,250,1,150   2,331,1,172
!----------------------------------------------------------------
!CityFreighters: (max cf/sat, total#, cap, cost/dist, fixcost, maxCharge, energyConsumption)
3,3,90,1,68,795,1   4,4,125,1,80,1100,1   3,3,165,1,92,1455,1
!----------------------------------------------------------------
!Customers: (x, y, demand, readyTime, dueDate, serviceTime, penalizationCost)
1457,621,29,2356,5456,1354,1   1369,514,15,3344,4540,701,2   450,294,18,2770,4380,841,3   1201,625,4,7760,8084,187,4   303,393,10,2988,3960,467,2   626,373,9,5052,5828,420,5   986,751,21,2773,4383,981,5   1687,572,6,6625,7171,280,3   807,535,17,4246,5490,794,5   957,602,7,1910,2362,327,2   1341,466,14,4017,5863,654,5   868,335,19,2382,3616,887,5   1477,427,3,4635,4847,140,1   1710,513,7,6877,7607,327,5   297,516,18,526,2034,841,4   1566,595,15,3332,4960,701,3   982,373,19,1990,3406,887,1   602,560,12,4793,5733,560,1   1018,575,17,4010,5272,794,2   681,511,19,5889,7739,887,5   390,389,12,4053,5203,560,5   1717,407,3,4469,4719,140,3   812,728,4,2587,2973,187,4   1482,411,11,5139,6055,514,5   1121,230,9,4146,4936,420,3   724,609,5,1749,2127,234,5   732,543,7,1766,2516,327,2   1701,427,5,6528,7078,234,1   1429,411,26,3092,5932,1214,3   1580,334,6,568,1128,280,5   1542,363,4,4308,4724,187,2   446,356,26,3306,6418,1214,1   1325,511,28,5031,7367,1308,1   1040,543,14,5196,6390,654,5   839,762,10,2901,3977,467,3   826,427,25,1757,3285,1168,5   1622,535,18,2862,4522,841,4   1205,493,22,1905,4323,1027,2   1756,487,13,5457,6799,607,4   1757,458,13,5007,6499,607,1   1205,634,26,2972,5520,1214,5   968,82,17,2208,3970,794,4   552,907,29,3011,5957,1354,1   933,725,11,5403,6497,514,2   1702,535,16,3442,5364,747,2   1374,356,9,5554,6450,420,5   1225,149,10,5697,6531,467,3   1029,837,20,1452,3162,934,4   894,84,23,3633,5019,1074,1   210,630,15,891,2393,701,3
!----------------------------------------------------------------
!Recharge stations: x,y
300,0   341,811   468,469   1903,681   1739,317   848,592   1099,507   911,413   213,615   548,783   383,254   565,713   1717,496   1501,750   472,394   835,532   1065,724   1063,755   378,567   1418,245   1695,575   395,552   357,294   1675,329   1330,785

g inverse recharge rate 0.67
