!----------------------------------------------------------------
!Stores: (first: depot x,y; then: satellites x,y,maxCap)
300,0   1258,707,1000   742,378,1000   174,458,1000   1537,247,1000
!----------------------------------------------------------------
!Trucks: (total#, cap, cost/dist, fixcost)
2,181,1,128   2,250,1,150   2,331,1,172
!----------------------------------------------------------------
!CityFreighters: (max cf/sat, total#, cap, cost/dist, fixcost, maxCharge, energyConsumption)
3,3,90,1,68,578,1   4,4,125,1,80,800,1   3,3,165,1,92,1058,1
!----------------------------------------------------------------
!Customers: (x, y, demand, readyTime, dueDate, serviceTime, penalizationCost)
1078,257,15,534,1248,480,1   918,628,27,4131,5703,865,1   381,345,29,743,2143,929,4   816,329,22,2769,4141,705,2   799,696,8,6035,6371,256,3   423,464,10,5404,5808,320,1   1346,338,25,2796,4116,801,4   844,755,4,3333,3585,128,5   1010,342,6,4261,4753,192,3   825,749,29,287,2361,929,4   873,553,22,2482,4286,705,1   1364,513,29,4866,5892,929,1   582,247,10,4121,4791,320,1   202,518,18,2797,4071,576,1   919,267,22,779,2173,705,3   1686,510,4,2763,2999,128,1   1105,394,23,774,2150,737,1   569,729,20,2060,3064,641,5   660,568,20,4118,5352,641,2   1089,463,7,2198,2644,224,2   489,348,24,2283,3973,769,3   644,327,9,1990,2506,288,4   517,331,4,1875,2061,128,1   420,358,16,3551,4651,512,1   1669,384,22,1776,3354,705,5   394,671,10,1261,1853,320,4   1266,371,26,4321,6567,833,1   1260,399,28,513,2113,897,2   1148,529,24,527,2059,769,1   1161,311,13,721,1597,416,2   1216,736,4,2545,2861,128,3   1065,715,5,5912,6248,160,3   1540,609,23,357,1855,737,1   543,522,6,1751,2177,192,3   567,444,13,2168,3166,416,1   904,516,22,1100,2592,705,3   1716,406,6,974,1280,192,3   460,677,18,1188,2184,576,4   1277,456,22,3846,5812,705,1   921,466,12,637,1439,384,1   1801,385,27,3378,4682,865,3   197,438,21,3571,5109,673,2   1520,513,12,2491,3289,384,5   866,783,25,265,2005,801,4   939,892,22,1010,2516,705,3   1033,424,29,44,1828,929,1   535,761,10,2928,3448,320,3   1986,442,10,1323,1957,320,5   664,627,3,3898,4120,96,5   1583,153,25,4078,5690,801,2
!----------------------------------------------------------------
!Recharge stations: x,y
300,0   1258,707   742,378   174,458   1537,247   934,581   1805,572   524,736   1767,528   1779,612   1046,238   1769,517   1339,698   824,700   762,402   1424,448   996,706   1842,529   555,586   1101,584   787,361   1107,409   1572,359   889,355   1722,382

g inverse recharge rate 0.74
