!----------------------------------------------------------------
!Stores: (first: depot x,y; then: satellites x,y,maxCap)
300,0   1659,775,1000   808,901,1000   1591,509,1000   392,464,1000
!----------------------------------------------------------------
!Trucks: (total#, cap, cost/dist, fixcost)
2,181,1,128   2,250,1,150   2,331,1,172
!----------------------------------------------------------------
!CityFreighters: (max cf/sat, total#, cap, cost/dist, fixcost, maxCharge, energyConsumption)
3,3,90,1,68,795,1   4,4,125,1,80,1100,1   3,3,165,1,92,1455,1
!----------------------------------------------------------------
!Customers: (x, y, demand, readyTime, dueDate, serviceTime, penalizationCost)
792,282,11,3999,5093,383,5   1380,598,3,7035,7217,104,5   618,441,29,928,2362,1009,5   1553,584,13,1057,2015,452,5   998,533,4,6852,7096,139,5   1244,774,6,1758,2078,209,4   884,770,19,4319,5571,661,4   1080,404,6,4454,4758,209,5   481,409,16,2912,4010,557,3   664,358,29,2165,4289,1009,4   1498,576,26,5435,7201,905,3   1652,651,22,5027,6739,765,4   622,687,23,2039,4261,800,2   900,495,19,2854,3894,661,4   719,221,10,2100,2608,348,1   579,264,11,4747,5267,383,1   1361,307,10,2663,3511,348,5   365,366,21,3998,5176,731,3   1258,562,20,4379,5449,696,4   1600,540,13,6354,7162,452,1   560,562,15,1900,2964,522,1   382,682,14,4715,5731,487,4   1757,481,28,3063,4495,974,1   1129,555,13,5816,7276,452,2   1358,384,14,5145,6219,487,5   1222,388,22,438,1904,765,5   447,529,25,2824,4328,870,2   986,327,10,3574,4322,348,1   1488,332,16,1178,2320,557,4   303,614,7,5762,6318,244,2   322,547,6,4720,5058,209,1   1167,396,19,1879,3067,661,1   1210,425,22,4103,5965,765,4   1031,395,23,5097,6415,800,5   829,439,14,6051,6963,487,1   1062,223,29,3928,6306,1009,2   1714,373,20,1161,2361,696,1   1083,289,6,3496,3926,209,5   675,307,9,3404,4064,313,5   985,532,12,1969,2993,418,5   1507,186,27,3247,5375,939,4   1645,498,21,2885,4357,731,1   560,830,29,4457,6457,1009,4   46,552,28,981,2489,974,4   98,507,12,929,1595,418,1   1372,399,23,5296,7152,800,1   202,283,18,2588,4008,626,4   1186,634,22,0,1302,765,2   764,580,6,2327,2733,209,5   1628,760,25,4818,6714,870,3
!----------------------------------------------------------------
!Recharge stations: x,y
300,0   1659,775   808,901   1591,509   392,464   1757,423   1107,6   1049,303   1705,574   1363,190   1397,760   456,754   119,636   897,432   1297,408   289,574   617,747   1580,499   1489,401   328,706   1562,584   1735,269   1433,279   1597,283   189,504

g inverse recharge rate 0.59
