!----------------------------------------------------------------
!Stores: (first: depot x,y; then: satellites x,y,maxCap)
300,0   1301,770,1000   254,805,1000   1042,125,1000   1949,604,1000
!----------------------------------------------------------------
!Trucks: (total#, cap, cost/dist, fixcost)
2,181,1,128   2,250,1,150   2,331,1,172
!----------------------------------------------------------------
!CityFreighters: (max cf/sat, total#, cap, cost/dist, fixcost, maxCharge, energyConsumption)
3,3,90,1,68,1011,1   4,4,125,1,80,1400,1   3,3,165,1,92,1851,1
!----------------------------------------------------------------
!Customers: (x, y, demand, readyTime, dueDate, serviceTime, penalizationCost)
629,336,12,2501,3385,496,4   460,387,11,1400,2276,455,1   1688,429,16,2115,3077,662,2   1449,542,25,733,3523,1034,1   1029,651,18,5021,6607,745,4   747,647,19,215,1677,786,2   944,670,19,1988,3872,786,3   459,321,9,2735,3353,372,1   748,672,13,1129,2219,538,2   1734,562,20,3773,5055,827,1   1006,523,10,3458,4280,414,5   1115,344,26,3215,5339,1075,2   525,572,20,28,1798,827,2   1099,637,15,5644,6708,620,3   1733,426,29,359,3117,1200,4   1239,422,13,1258,2124,538,2   1582,312,21,5402,7052,869,4   1221,729,21,3782,5328,869,2   649,668,28,0,2574,1158,1   1435,250,6,3569,4089,248,4   371,320,9,3180,4030,372,1   610,490,11,3677,4699,455,2   752,225,18,2171,4151,745,1   1763,453,14,3243,4847,579,5   865,652,6,3275,3847,248,5   749,601,9,2492,3220,372,5   397,456,7,1478,2070,290,3   716,621,10,5310,5984,414,1   1500,608,12,5627,7153,496,2   851,771,22,156,2938,910,1   1686,622,13,1133,2173,538,2   1555,455,11,6095,6933,455,3   680,485,6,2853,3245,248,1   1377,463,6,3663,4443,248,4   1630,501,6,3049,3753,248,2   1619,511,20,2465,4429,827,3   1578,620,11,850,1642,455,2   387,409,15,4695,5837,620,3   859,326,16,164,1556,662,1   586,446,8,1523,2113,331,3   1582,357,9,2714,3628,372,3   814,501,29,936,3670,1200,5   1113,156,28,4336,6450,1158,5   1276,752,24,4449,6599,993,3   1706,620,19,3305,4901,786,5   1741,645,14,4148,4976,579,5   1451,629,15,3624,4788,620,3   1925,391,14,703,2215,579,3   1433,513,6,3447,3915,248,1   1047,330,18,4281,5703,745,5
!----------------------------------------------------------------
!Recharge stations: x,y
300,0   1301,770   254,805   1042,125   1949,604   786,558   961,757   592,546   1796,454   1828,482   282,366   306,487   1226,891   1253,280   420,427   1251,482   1168,320   1721,411   990,186   1576,561   495,385   1383,371   615,242   587,320   238,365

g inverse recharge rate 0.49
